80 0.2265625 0.2046875 0.04140625 0.046875
80 0.36796875 0.19453125 0.053125 0.05625
80 0.4953125 0.1859375 0.05625 0.05703125
80 0.63359375 0.18125 0.0453125 0.0609375
80 0.7640625 0.184375 0.04140625 0.053125
80 0.8921875 0.190625 0.0390625 0.053125
80 0.98203125 0.21640625 0.01796875 0.04140625
80 0.22578125 0.31328125 0.040625 0.05625
80 0.3609375 0.30390625 0.05078125 0.05078125
80 0.4875 0.30625 0.05078125 0.05859375
80 0.6265625 0.303125 0.040625 0.05703125
80 0.75546875 0.29921875 0.0390625 0.05703125
80 0.8921875 0.30390625 0.04453125 0.05625
37 0.2125 0.4296875 0.05078125 0.05234375
37 0.475 0.43125 0.0546875 0.0546875
37 0.62734375 0.43203125 0.05703125 0.05703125
37 0.759375 0.43046875 0.04921875 0.053125
37 0.8859375 0.428125 0.0375 0.05078125
37 0.2125 0.55 0.06640625 0.0609375
37 0.3578125 0.54921875 0.05703125 0.05234375
37 0.48203125 0.553125 0.04921875 0.0546875
37 0.6171875 0.5484375 0.046875 0.0484375
37 0.75546875 0.54765625 0.053125 0.05078125
37 0.89921875 0.5484375 0.053125 0.0546875
80 0.27890625 0.65 0.01953125 0.05703125
50 0.36796875 0.6578125 0.0515625 0.09140625
80 0.41953125 0.65234375 0.0265625 0.071875
50 0.50546875 0.6515625 0.05234375 0.09765625
101 0.546875 0.64921875 0.0140625 0.05859375
50 0.64296875 0.65703125 0.0453125 0.09765625
50 0.215625 0.77421875 0.05390625 0.0953125
56 0.1984375 0.91796875 0.04296875 0.08046875
80 0.25859375 0.78828125 0.03828125 0.05859375
37 0.2453125 0.921875 0.06171875 0.0453125
83 0.4828125 0.08515625 0.0203125 0.0515625
90 0.5109375 0.096875 0.01796875 0.0234375
89 0.5328125 0.09296875 0.03203125 0.021875
56 0.57421875 0.09296875 0.01953125 0.02578125
37 0.59375 0.09375 0.0203125 0.025
89 0.615625 0.090625 0.02734375 0.02578125
72 0.328125 0.1015625 0.0203125 0.0375
69 0.678125 0.09140625 0.01640625 0.0234375
89 0.7 0.08984375 0.02890625 0.025
56 0.73515625 0.0890625 0.01796875 0.02578125
76 0.753125 0.07734375 0.02421875 0.04921875
112 0.7796875 0.0875 0.028125 0.02890625
50 0.225 0.64765625 0.03984375 0.09375
101 0.6875 0.6640625 0.02421875 0.0421875