13 0.47890625 0.09375 0.10546875 0.09609375
14 0.6546875 0.1328125 0.1203125 0.12734375
17 0.128125 0.16484375 0.11640625 0.1296875
18 0.30625 0.19453125 0.12265625 0.1203125
19 0.47734375 0.2328125 0.0671875 0.10625
20 0.63828125 0.26484375 0.09921875 0.1171875
21 0.8078125 0.3 0.1140625 0.1171875
23 0.1421875 0.29375 0.12578125 0.11328125
24 0.3078125 0.32890625 0.11484375 0.09765625
25 0.4734375 0.36328125 0.11015625 0.1109375
26 0.63125 0.39453125 0.10078125 0.09921875
27 0.8046875 0.4265625 0.1203125 0.1140625
29 0.1234375 0.43046875 0.10078125 0.11484375
30 0.28984375 0.4671875 0.09609375 0.10078125
31 0.46640625 0.5 0.10390625 0.12734375
32 0.63125 0.534375 0.10390625 0.1234375
33 0.7921875 0.56875 0.15 0.12890625
35 0.12265625 0.565625 0.10546875 0.11640625
36 0.28359375 0.60546875 0.10859375 0.11484375
2 0.45390625 0.6375 0.08515625 0.11015625
3 0.62109375 0.671875 0.10859375 0.1234375
4 0.79140625 0.7 0.10546875 0.1046875
5 0.94921875 0.7359375 0.09375 0.109375
6 0.11484375 0.703125 0.10859375 0.1234375
7 0.275 0.7375 0.11015625 0.12578125
8 0.44921875 0.76328125 0.10234375 0.1
9 0.6125 0.80078125 0.10546875 0.125
10 0.784375 0.8375 0.10390625 0.1171875
1 0.940625 0.871875 0.103125 0.12890625
15 0.8203125 0.159375 0.096875 0.12734375