36 0.03821875 0.0930625 0.06003125 0.0955
10 0.03334374999999999 0.46171875 0.066671875 0.11798437499999999
37 0.09915625 0.07470312500000001 0.041281250000000005 0.11345312500000002
11 0.104421875 0.452734375 0.05571875 0.12970312499999997
38 0.16809375 0.10184375000000001 0.050249999999999996 0.077921875
12 0.183328125 0.4545 0.07289062500000001 0.1386875
39 0.24015625 0.078796875 0.06546874999999996 0.11775
13 0.256171875 0.4529375 0.05843749999999996 0.13556249999999997
40 0.315546875 0.097359375 0.07092187499999998 0.09628125000000001
14 0.33018749999999997 0.452546875 0.06974999999999998 0.14259375
41 0.388 0.0666875 0.06035937499999999 0.11696875
15 0.407921875 0.463875 0.06114062499999999 0.12618749999999998
42 0.45009375 0.12081249999999999 0.051765624999999996 0.127546875
16 0.490921875 0.46309374999999997 0.08260937500000001 0.12462499999999999
43 0.511234375 0.08759375 0.06073437500000001 0.11581250000000001
17 0.57059375 0.44765625 0.054468750000000024 0.13987499999999997
44 0.570015625 0.08837500000000001 0.033781250000000006 0.11737500000000001
18 0.6479375 0.464265625 0.06853125000000002 0.11915624999999999
45 0.6010625 0.099859375 0.04082812499999999 0.12135937500000002
19 0.7262500000000001 0.473640625 0.06500000000000003 0.12228124999999998
46 0.65496875 0.08309375 0.05134375000000002 0.10290625
20 0.797921875 0.46309374999999997 0.07162500000000005 0.12462499999999999
47 0.72 0.0680625 0.03687500000000003 0.12360937500000002
21 0.8723281249999999 0.47384375 0.060281249999999884 0.15003124999999998
22 0.9484999999999999 0.461328125 0.0641718749999999 0.10939062499999999
48 0.7778125 0.087390625 0.05873437500000005 0.0880625
23 0.0374375 0.6519999999999999 0.062375 0.11962499999999991
49 0.03881249999999999 0.27337500000000003 0.069015625 0.08892187500000004
24 0.1124375 0.654734375 0.07173437499999999 0.13290624999999992
50 0.10110937499999999 0.28900000000000003 0.04128124999999998 0.08893750000000003
51 0.164578125 0.311671875 0.0705625 0.13428125
25 0.17121875 0.63890625 0.060406249999999995 0.13642187499999991
52 0.23098437500000002 0.301125 0.06273437499999997 0.120984375
26 0.25265624999999997 0.65025 0.06312499999999996 0.1356406250000001
27 0.32492187499999997 0.652203125 0.05920312499999998 0.1317343750000001
53 0.288 0.286265625 0.05178124999999998 0.10690625000000002
28 0.3975625 0.64359375 0.048249999999999994 0.1301718749999999
54 0.3475625 0.282359375 0.045140624999999976 0.11471875000000002
55 0.4085 0.276296875 0.03887499999999999 0.10182812500000002
29 0.46553125 0.65825 0.05918749999999999 0.11649999999999991
56 0.4694375 0.291921875 0.05137499999999999 0.08307812500000003
30 0.538375 0.6420312499999999 0.06034375000000001 0.12704687499999992
57 0.52528125 0.2829375 0.045890625000000004 0.07290625000000003
31 0.6118125 0.6424218749999999 0.05095312500000002 0.12001562499999992
58 0.58778125 0.28645312500000003 0.06150000000000002 0.08776562500000003
32 0.689921875 0.6418437499999999 0.08218750000000004 0.14618749999999991
59 0.664734375 0.2888125 0.05132812500000004 0.10807812500000002
33 0.7670625 0.6490781250000001 0.05287500000000005 0.1411093750000001
34 0.8350312499999999 0.6588437500000001 0.04818749999999987 0.12157812500000009
60 0.72078125 0.3138125 0.042343750000000034 0.142484375
61 0.78346875 0.288796875 0.05443750000000005 0.07682812500000002
35 0.904359375 0.649859375 0.06574999999999989 0.1270468750000001
0 0.039 0.8344843750000001 0.049875 0.1330156249999998
1 0.0999375 0.8381875000000001 0.04675 0.12871875000000016
2 0.167703125 0.8426875 0.07681249999999999 0.12598437499999982
3 0.251671875 0.8452187500000001 0.06507812499999996 0.14279687500000016
4 0.33115625 0.8405312500000001 0.07170312499999998 0.13340625000000017
5 0.41026562499999997 0.8356406249999999 0.06973437499999999 0.11192187500000017
6 0.482328125 0.8483437500000001 0.053703125000000004 0.13342187500000016
7 0.550671875 0.8502968750000001 0.057609375000000004 0.11387500000000017
8 0.615125 0.8420937500000001 0.05368750000000002 0.12090625000000017
9 0.6823125 0.848546875 0.06304687500000003 0.12990625000000017