8 0.0546875 0.77109375 0.0140625 0.034375
3 0.0796875 0.7703125 0.0125 0.034375
5 0.096875 0.7703125 0.0140625 0.034375
7 0.234375 0.7703125 0.015625 0.034375
3 0.2671875 0.7703125 0.0125 0.03125
3 0.30078125 0.76875 0.0140625 0.034375
1 0.28359375 0.7703125 0.0140625 0.034375
2 0.3171875 0.7703125 0.0140625 0.0359375
2 0.10625 0.8875 0.0125 0.0359375
2 0.2953125 0.88828125 0.0125 0.0375
10 0.12421875 0.88828125 0.015625 0.0375
5 0.140625 0.88828125 0.0140625 0.034375
7 0.16484375 0.88828125 0.0140625 0.0375
5 0.31171875 0.88828125 0.015625 0.034375
7 0.32890625 0.8875 0.0140625 0.0359375
6 0.353125 0.8875 0.0140625 0.0359375