2 0.05390625 0.66796875 0.0125 0.0359375
2 0.0703125 0.66796875 0.0125 0.0359375
2 0.1140625 0.66875 0.0125 0.03125
2 0.334375 0.66875 0.0125 0.0359375
2 0.23671875 0.7828125 0.0125 0.0328125
1 0.096875 0.66875 0.0140625 0.034375
1 0.3 0.66875 0.015625 0.03125
7 0.25078125 0.66796875 0.015625 0.0328125
7 0.1078125 0.7828125 0.0140625 0.034375
7 0.12421875 0.7828125 0.0140625 0.034375
10 0.253125 0.7828125 0.015625 0.0328125
3 0.2828125 0.66875 0.0140625 0.034375
3 0.3171875 0.66796875 0.015625 0.0359375