108 0.21171875 0.1703125 0.05625 0.17578125
108 0.33125 0.17109375 0.0609375 0.17578125
108 0.4546875 0.1703125 0.06640625 0.1703125
108 0.575 0.16875 0.0640625 0.18359375
108 0.69609375 0.1625 0.06953125 0.1796875
108 0.81796875 0.165625 0.06328125 0.18125
108 0.20859375 0.3875 0.06484375 0.1796875
108 0.32578125 0.38125 0.06796875 0.16953125
108 0.45546875 0.390625 0.059375 0.19140625
108 0.571875 0.3875 0.06484375 0.16953125
108 0.69453125 0.37734375 0.06015625 0.18125
108 0.82109375 0.38125 0.06328125 0.1828125
108 0.209375 0.6046875 0.06015625 0.1796875
108 0.32890625 0.60078125 0.05859375 0.17421875
108 0.44765625 0.60234375 0.065625 0.1703125
108 0.5734375 0.596875 0.06171875 0.1734375
108 0.69609375 0.6015625 0.0625 0.17421875
108 0.8203125 0.6015625 0.06875 0.17578125
108 0.2078125 0.8171875 0.05703125 0.16640625
108 0.328125 0.81875 0.0609375 0.17734375
108 0.453125 0.8171875 0.06171875 0.1796875
108 0.578125 0.8125 0.06484375 0.17421875
108 0.69921875 0.81328125 0.05234375 0.1828125