10 0.9075 0.084546875 0.034546874999999845 0.06031249999999999
0 0.960734375 0.937171875 0.032250000000000154 0.06414062499999992
1 0.8678593750000001 0.93253125 0.03395312500000003 0.0618281249999999
2 0.7709374999999999 0.9351406250000001 0.029875000000000006 0.056625000000000016
3 0.67778125 0.930515625 0.03564062499999991 0.06125000000000007
4 0.59678125 0.9273281250000001 0.030984375000000064 0.05835937499999986
5 0.52184375 0.9047499999999999 0.031546875000000085 0.061812499999999916
6 0.45906250000000004 0.9070625 0.028625000000000077 0.07339062500000004
7 0.38298437500000004 0.8897031249999999 0.038437500000000034 0.059499999999999886
8 0.308625 0.88015625 0.030906249999999958 0.06470312500000013
9 0.23542187500000003 0.88709375 0.034937500000000024 0.09248437500000009
11 0.8354531250000001 0.088609375 0.03626562500000006 0.06842187500000001
12 0.761109375 0.086296875 0.0356562499999999 0.04989062499999999
13 0.6957187499999999 0.08339062500000001 0.0344843749999999 0.06493750000000001
14 0.6453749999999999 0.07818750000000001 0.03793749999999996 0.06146875
15 0.58259375 0.074140625 0.03503124999999994 0.06031249999999999
16 0.520984375 0.081375 0.03674999999999997 0.07131250000000003
17 0.45385937500000006 0.08484375 0.05293749999999999 0.07131250000000003
18 0.39281249999999995 0.075296875 0.03960937500000004 0.06956250000000001
19 0.318171875 0.066609375 0.05 0.059140625000000016
20 0.25307812500000004 0.060828125 0.03782812500000006 0.061453125
21 0.18335937500000005 0.0570625 0.03492187499999986 0.064359375
22 0.12057812499999994 0.052437500000000005 0.05978124999999999 0.06898437500000001
23 0.050562500000000024 0.045187500000000005 0.05396874999999994 0.06492187499999999
24 0.9141562499999999 0.239109375 0.04554687500000014 0.07079687500000001
25 0.8360312499999999 0.22578125 0.03510937500000004 0.07195312500000002
26 0.76284375 0.22057812499999999 0.034499999999999885 0.06846875
27 0.7026718750000001 0.21623437499999998 0.0344843749999999 0.06326562500000002
28 0.6393125 0.215078125 0.03967187499999998 0.06095312499999998
29 0.586078125 0.20754687500000002 0.04196875000000002 0.05284374999999999
30 0.514328125 0.201765625 0.046578124999999915 0.05515625000000002
31 0.450390625 0.19598437500000002 0.039046875000000016 0.050515624999999974
32 0.374875 0.19771875 0.05464062500000004 0.054000000000000006
33 0.30804687499999994 0.179484375 0.03206249999999997 0.05571874999999995
34 0.24584374999999997 0.16675 0.041874999999999926 0.07192187500000005
35 0.16801562499999995 0.166453125 0.05515624999999993 0.060921875000000014
36 0.93903125 0.47062499999999996 0.04439062500000013 0.040796875000000024
37 0.863515625 0.450953125 0.032218750000000185 0.06393749999999994
38 0.782515625 0.46889062499999995 0.03451562500000005 0.05121874999999996
39 0.716546875 0.45153125000000005 0.041437499999999974 0.07898437499999993
40 0.652328125 0.461375 0.03099999999999987 0.050046874999999956
41 0.59909375 0.464265625 0.030984375000000064 0.12529687500000009
42 0.532265625 0.482796875 0.031546875000000085 0.09289062500000007
43 0.474109375 0.43676562499999994 0.033265624999999945 0.07378125000000005
44 0.41017187499999996 0.4416875 0.03267187499999995 0.05931250000000006
45 0.35317187499999997 0.459640625 0.03901562500000004 0.12298437500000006
46 0.27621874999999996 0.4269375 0.040156250000000074 0.10271875000000001
47 0.21604687499999997 0.4260625 0.021609375000000063 0.08360937499999999
48 0.14457812499999995 0.439078125 0.04299999999999997 0.05062499999999996
49 0.9503125000000001 0.5945 0.032250000000000154 0.05242187499999993
50 0.86815625 0.602890625 0.036843749999999884 0.044906250000000016
51 0.7874375 0.6165 0.035093750000000055 0.08253125000000008
52 0.722046875 0.614765625 0.04085937499999996 0.07906250000000004
53 0.656671875 0.6023125 0.03273437500000007 0.05068750000000009
54 0.5979375 0.598265625 0.03560937499999994 0.06342187500000004
55 0.528203125 0.5866875 0.039640625000000006 0.06110937500000002
56 0.4654375 0.589578125 0.04367187500000007 0.052999999999999936
57 0.39801562500000004 0.5797343749999999 0.029187499999999922 0.047203125000000054
58 0.34450000000000003 0.57596875 0.04942187499999999 0.050093749999999916
59 0.27564062500000003 0.578875 0.041312500000000085 0.041999999999999996
60 0.21517187499999987 0.58465625 0.040718749999999915 0.08135937500000008
61 0.13562499999999994 0.5765625 0.050531249999999875 0.09987499999999994