10 0.16540625 0.11985937499999999 0.03453124999999999 0.06379687500000002
11 0.23918750000000003 0.118125 0.03276562499999995 0.058015624999999994
12 0.29790625 0.12796875000000002 0.042593749999999986 0.04990625
13 0.36734374999999997 0.122171875 0.049515624999999994 0.05221875000000002
14 0.4489375 0.126515625 0.052953124999999976 0.050484375000000005
15 0.516921875 0.123046875 0.053515625 0.05743749999999999
16 0.579125 0.12159374999999999 0.05639062500000005 0.058015624999999994
17 0.645375 0.123046875 0.06042187499999994 0.06437499999999999
18 0.71278125 0.13259375 0.039000000000000055 0.04528124999999998
19 0.772953125 0.12246874999999999 0.04823437500000001 0.05628125000000002
20 0.8458593750000001 0.126515625 0.062109375 0.05743749999999999
21 0.1564375 0.22173437499999998 0.054781250000000004 0.07078125000000002
22 0.233109375 0.22376562500000002 0.051859375 0.06442187500000003
23 0.292703125 0.22057812499999999 0.03910937500000004 0.05457812500000001
24 0.3615625 0.2223125 0.051828125000000023 0.06500000000000003
25 0.450375 0.21942187500000002 0.05237499999999997 0.06615625000000006
26 0.516625 0.2145 0.05640625000000003 0.06673437499999997
27 0.587515625 0.22115625 0.04887499999999996 0.06500000000000003
28 0.6540468749999999 0.22000000000000003 0.05 0.06731249999999997
29 0.711046875 0.22000000000000003 0.049406250000000006 0.053421874999999994
30 0.774125 0.22549999999999998 0.04360937499999995 0.06095312499999998
31 0.831984375 0.21623437499999998 0.05515624999999993 0.06326562500000002
32 0.1509375 0.329109375 0.08196875 0.08067187499999999
33 0.23137500000000003 0.332875 0.04145312500000005 0.056937499999999995
34 0.28865625 0.32534375 0.05879687499999999 0.06273437499999997
35 0.369375 0.3305625 0.050093750000000006 0.05926562500000001
36 0.146609375 0.5013124999999999 0.06287500000000001 0.05354687499999997
37 0.2336875 0.48828125 0.03914062500000002 0.08653124999999999
38 0.294734375 0.503625 0.04664062500000003 0.058171875000000026
39 0.368796875 0.49204687500000005 0.03504687500000001 0.07668750000000006
40 0.432734375 0.50390625 0.05528124999999999 0.05528124999999999
41 0.50390625 0.50478125 0.037890625 0.09521874999999991
42 0.55771875 0.527359375 0.03440624999999997 0.09870312499999993
43 0.63871875 0.49465624999999996 0.05059374999999999 0.071484375
44 0.696875 0.49812500000000004 0.03842187500000005 0.06453124999999993
45 0.74171875 0.5233125000000001 0.03435937500000001 0.104484375
46 0.8169375000000001 0.488859375 0.04590625000000017 0.0876875
47 0.140234375 0.6272031250000001 0.02237499999999999 0.07964062500000005
48 0.213140625 0.6367499999999999 0.05707812500000005 0.053593749999999926
49 0.28171875 0.6344375 0.037968750000000016 0.04201562499999998
50 0.353171875 0.62546875 0.05934375000000003 0.04839062500000004
25 0.425203125 0.6573125 0.040234375 0.09817187500000006
52 0.49290625 0.64775 0.05062499999999996 0.07559374999999999
53 0.55134375 0.626328125 0.04251562500000006 0.053593749999999926
54 0.624546875 0.632984375 0.06043749999999992 0.06343750000000004
55 0.70034375 0.6286562499999999 0.03842187500000005 0.05823437499999997
56 0.757921875 0.6289374999999999 0.05287500000000005 0.04839062500000004
57 0.816359375 0.626625 0.05170312499999987 0.04375
58 0.13734375000000001 0.758890625 0.06520312499999999 0.06870312500000005
59 0.206484375 0.763234375 0.04723437500000003 0.06696875000000002
60 0.27996875 0.7635156249999999 0.041437499999999974 0.06407812499999999
61 0.349703125 0.766125 0.03851562499999996 0.058859374999999936
0 0.12345312500000001 0.922109375 0.04437500000000001 0.0479375000000001
1 0.19635937500000003 0.928484375 0.037406249999999995 0.07456250000000005
2 0.266671875 0.9336874999999999 0.05648437499999996 0.05720312499999984
3 0.328578125 0.926171875 0.04142187499999998 0.056031249999999845
4 0.40321875 0.9244375 0.04487500000000004 0.08034375000000012
5 0.464265625 0.928484375 0.04543750000000006 0.08845312499999984
6 0.5368906250000001 0.911125 0.041359375000000045 0.0606562499999999
7 0.603421875 0.911984375 0.028609374999999916 0.058921875000000054
8 0.6578125 0.908796875 0.04017187500000006 0.06296874999999993
9 0.741140625 0.9145937500000001 0.054031250000000065 0.10234375