2 0.240625 0.17265625 0.0140625 0.034375
1 0.26328125 0.17265625 0.021875 0.0375
2 0.02578125 0.42890625 0.0078125 0.0234375
2 0.215625 0.4296875 0.009375 0.0265625
2 0.228125 0.4296875 0.0109375 0.028125
2 0.3015625 0.43125 0.009375 0.028125
2 0.41796875 0.42890625 0.0109375 0.0234375
2 0.47890625 0.4296875 0.009375 0.0265625
1 0.040625 0.4296875 0.0140625 0.0234375
1 0.0640625 0.4296875 0.0125 0.025
3 0.08046875 0.4296875 0.0125 0.0265625
3 0.25625 0.42890625 0.0140625 0.0234375
3 0.28828125 0.4296875 0.0125 0.025
3 0.20625 0.5390625 0.015625 0.0265625
1 0.27265625 0.4296875 0.0140625 0.025
9 0.4328125 0.4296875 0.0140625 0.025
4 0.44921875 0.42890625 0.0140625 0.0265625
4 0.49296875 0.42890625 0.0140625 0.0234375
4 0.45 0.5390625 0.015625 0.0265625
10 0.46484375 0.4296875 0.015625 0.0265625
10 0.50859375 0.4296875 0.0140625 0.025
10 0.0359375 0.53984375 0.015625 0.0265625
6 0.52578125 0.42890625 0.0125 0.025
6 0.43359375 0.540625 0.0140625 0.0265625
2 0.7328125 0.74375 0.0109375 0.0234375
2 0.74375 0.74296875 0.0109375 0.025