8 0.7328125 0.390625 0.06953125 0.1453125
8 0.57734375 0.39453125 0.08046875 0.134375
8 0.44296875 0.403125 0.07265625 0.13671875
8 0.28125 0.42265625 0.06328125 0.1234375
8 0.1546875 0.43203125 0.05625 0.11953125
8 0.7375 0.63828125 0.08984375 0.15546875
8 0.57109375 0.64921875 0.08125 0.14921875
8 0.428125 0.65390625 0.06484375 0.15859375
8 0.2546875 0.66875 0.0703125 0.1359375
8 0.1234375 0.67890625 0.06953125 0.128125
8 0.70234375 0.1765625 0.07578125 0.121875
8 0.56875 0.18359375 0.06640625 0.11171875
8 0.45234375 0.19765625 0.0765625 0.1171875
8 0.31328125 0.20625 0.06328125 0.1109375
8 0.18515625 0.2296875 0.065625 0.14375