19 0.4796875 0.52109375 0.1109375 0.1609375
19 0.7890625 0.5234375 0.08984375 0.16640625
19 0.63203125 0.528125 0.09765625 0.165625
19 0.1328125 0.528125 0.08046875 0.165625
19 0.290625 0.53515625 0.0828125 0.1703125
19 0.4625 0.778125 0.08671875 0.1703125
19 0.13984375 0.7796875 0.08046875 0.1640625
19 0.6265625 0.78671875 0.10390625 0.18359375
19 0.29453125 0.78671875 0.09296875 0.17890625
19 0.7921875 0.7875 0.09375 0.18515625
19 0.59140625 0.2140625 0.09140625 0.18671875
19 0.4390625 0.22421875 0.103125 0.21171875
19 0.1265625 0.22734375 0.11171875 0.19453125
19 0.2796875 0.22890625 0.09140625 0.19375
19 0.77734375 0.2296875 0.0921875 0.18515625