17 0.69609375 0.44375 0.07421875 0.1421875
17 0.8015625 0.45390625 0.06171875 0.14375
17 0.60078125 0.46328125 0.084375 0.15859375
17 0.21015625 0.46953125 0.11875 0.1953125
17 0.471875 0.47421875 0.09453125 0.15234375
17 0.82265625 0.68203125 0.06953125 0.12890625
17 0.7328125 0.6984375 0.07578125 0.14453125
17 0.621875 0.72734375 0.08828125 0.14453125
17 0.478125 0.7609375 0.09609375 0.16015625
17 0.17890625 0.83515625 0.1375 0.2
17 0.22578125 0.13046875 0.12109375 0.19921875
17 0.4 0.171875 0.0921875 0.153125
17 0.5734375 0.20390625 0.07109375 0.14296875
17 0.6734375 0.21953125 0.084375 0.14609375
17 0.78828125 0.221875 0.06328125 0.13671875