15 0.55546875 0.26875 0.08828125 0.17421875
15 0.4109375 0.2875 0.0796875 0.1453125
15 0.2828125 0.3125 0.08046875 0.15859375
15 0.165625 0.33515625 0.0828125 0.13671875
15 0.7140625 0.53046875 0.0890625 0.1609375
15 0.56328125 0.5453125 0.08984375 0.14296875
15 0.428125 0.55625 0.0921875 0.1421875
15 0.29765625 0.5625 0.07109375 0.134375
15 0.171875 0.56875 0.059375 0.11015625
15 0.18359375 0.7515625 0.06640625 0.1328125
15 0.4359375 0.75546875 0.07890625 0.1546875
15 0.309375 0.75703125 0.07421875 0.12890625
15 0.578125 0.771875 0.08515625 0.14453125
15 0.7328125 0.78203125 0.10390625 0.159375
15 0.7109375 0.23515625 0.09609375 0.159375