26 0.121875 0.24296875 0.0796875 0.16953125
26 0.8171875 0.4265625 0.06484375 0.1609375
26 0.646875 0.440625 0.07109375 0.15078125
26 0.47734375 0.45703125 0.08125 0.14140625
26 0.2828125 0.475 0.07734375 0.15390625
26 0.13203125 0.49296875 0.07265625 0.1453125
26 0.76953125 0.67890625 0.08359375 0.13828125
26 0.62265625 0.68828125 0.06875 0.1421875
26 0.4609375 0.71171875 0.0546875 0.14140625
26 0.30390625 0.7375 0.05234375 0.14609375
26 0.15078125 0.7625 0.05625 0.14921875
26 0.628125 0.2046875 0.07265625 0.1640625
26 0.803125 0.20859375 0.078125 0.16796875
26 0.47734375 0.21171875 0.08828125 0.15390625
26 0.2984375 0.2265625 0.0828125 0.1609375