23 0.77890625 0.36328125 0.0953125 0.13671875
23 0.61484375 0.3703125 0.11796875 0.11875
23 0.44609375 0.38359375 0.125 0.1453125
23 0.28515625 0.38359375 0.1453125 0.140625
23 0.1140625 0.3953125 0.1421875 0.1484375
23 0.77734375 0.54375 0.0875 0.11171875
23 0.62578125 0.54921875 0.11015625 0.1
23 0.47109375 0.56640625 0.10390625 0.1
23 0.32734375 0.5765625 0.1234375 0.10625
23 0.17890625 0.58515625 0.1234375 0.1
23 0.759375 0.68515625 0.09140625 0.07421875
23 0.63125 0.6859375 0.096875 0.0859375
23 0.49140625 0.69453125 0.096875 0.08828125
23 0.3546875 0.709375 0.1 0.08125
23 0.22734375 0.7171875 0.09140625 0.07734375