0 0.09014423076923077 0.23918269230769232 0.07692307692307693 0.18509615384615385
0 0.5552884615384616 0.47716346153846156 0.10697115384615384 0.16826923076923078
0 0.3918269230769231 0.49038461538461536 0.1045673076923077 0.16947115384615385
0 0.7463942307692307 0.49158653846153844 0.12139423076923077 0.2091346153846154
0 0.10096153846153846 0.49759615384615385 0.0829326923076923 0.16105769230769232
0 0.23798076923076922 0.5 0.08533653846153846 0.17548076923076922
0 0.11057692307692307 0.75 0.078125 0.125
0 0.23918269230769232 0.7632211538461539 0.09134615384615384 0.16105769230769232
0 0.39783653846153844 0.7716346153846154 0.08774038461538461 0.15264423076923078
0 0.5552884615384616 0.7908653846153846 0.11057692307692307 0.17427884615384615
0 0.7487980769230769 0.8173076923076923 0.140625 0.20552884615384615
0 0.7379807692307693 0.15264423076923078 0.13701923076923078 0.16706730769230768
0 0.53125 0.17307692307692307 0.12860576923076922 0.1814903846153846
0 0.3701923076923077 0.19110576923076922 0.09254807692307693 0.16466346153846154
0 0.21995192307692307 0.21033653846153846 0.09615384615384616 0.18990384615384615