26 0.515625 0.25240384615384615 0.10817307692307693 0.16346153846153846
26 0.3737980769230769 0.28846153846153844 0.08533653846153846 0.14302884615384615
26 0.2536057692307692 0.3125 0.07451923076923077 0.11778846153846154
26 0.15144230769230768 0.3425480769230769 0.06850961538461539 0.12379807692307693
26 0.6947115384615384 0.4639423076923077 0.12620192307692307 0.1658653846153846
26 0.5324519230769231 0.49759615384615385 0.1045673076923077 0.14182692307692307
26 0.36778846153846156 0.5444711538461539 0.10576923076923077 0.14903846153846154
26 0.24519230769230768 0.5649038461538461 0.07572115384615384 0.1346153846153846
26 0.13822115384615385 0.5721153846153846 0.06610576923076923 0.1310096153846154
26 0.13942307692307693 0.7728365384615384 0.06971153846153846 0.140625
26 0.24639423076923078 0.7800480769230769 0.08052884615384616 0.13581730769230768
26 0.3629807692307692 0.7884615384615384 0.09134615384615384 0.15985576923076922
26 0.5228365384615384 0.7908653846153846 0.12620192307692307 0.18028846153846154
26 0.7127403846153846 0.7944711538461539 0.1466346153846154 0.20072115384615385
26 0.6766826923076923 0.2091346153846154 0.13341346153846154 0.15985576923076922