6 0.6634615384615384 0.48197115384615385 0.09975961538461539 0.1778846153846154
6 0.5132211538461539 0.484375 0.09014423076923077 0.1622596153846154
6 0.8016826923076923 0.4891826923076923 0.08653846153846154 0.171875
6 0.17067307692307693 0.49038461538461536 0.0889423076923077 0.17427884615384615
6 0.3557692307692308 0.5120192307692307 0.08533653846153846 0.18990384615384615
6 0.5132211538461539 0.7379807692307693 0.08173076923076923 0.15264423076923078
6 0.65625 0.7427884615384616 0.078125 0.1622596153846154
6 0.8112980769230769 0.7463942307692307 0.08173076923076923 0.15865384615384615
6 0.36899038461538464 0.7716346153846154 0.08774038461538461 0.15985576923076922
6 0.1935096153846154 0.7800480769230769 0.09134615384615384 0.15144230769230768
6 0.49038461538461536 0.17668269230769232 0.07932692307692307 0.16947115384615385
6 0.171875 0.18269230769230768 0.08533653846153846 0.17668269230769232
6 0.6262019230769231 0.18509615384615385 0.08774038461538461 0.18629807692307693
6 0.3473557692307692 0.18870192307692307 0.07932692307692307 0.17307692307692307
6 0.7860576923076923 0.1971153846153846 0.07572115384615384 0.20072115384615385