7 0.4671875 0.609375 0.15625 0.0671875
7 0.46953125 0.46796875 0.1703125 0.0734375
7 0.47421875 0.82265625 0.134375 0.053125
7 0.47734375 0.903125 0.134375 0.05
7 0.4875 0.7375 0.140625 0.0546875
7 0.6984375 0.9 0.14375 0.05
7 0.7234375 0.81640625 0.146875 0.0625
7 0.73671875 0.7234375 0.159375 0.05625
7 0.75859375 0.6 0.175 0.06875
7 0.778125 0.4453125 0.184375 0.0875
7 0.13203125 0.4671875 0.1921875 0.0796875
7 0.1796875 0.62734375 0.165625 0.0671875
7 0.1984375 0.72734375 0.15625 0.0609375
7 0.21953125 0.82734375 0.146875 0.046875
7 0.234375 0.90078125 0.115625 0.046875