15 0.246875 0.32109375 0.159375 0.046875
15 0.246875 0.6171875 0.1921875 0.096875
15 0.25234375 0.43671875 0.1890625 0.0625
15 0.25546875 0.2203125 0.15625 0.046875
15 0.28671875 0.84375 0.290625 0.121875
15 0.48125 0.21484375 0.11875 0.040625
15 0.4890625 0.3046875 0.134375 0.046875
15 0.53125 0.4296875 0.146875 0.0625
15 0.57109375 0.60234375 0.1625 0.0734375
15 0.6359375 0.81484375 0.2171875 0.09375
15 0.653125 0.22734375 0.11875 0.040625
15 0.690625 0.33203125 0.128125 0.05625
15 0.7375 0.46953125 0.1421875 0.046875
15 0.81015625 0.60859375 0.15625 0.0640625
15 0.89140625 0.78359375 0.1578125 0.0640625