11 0.7415865384615384 0.24158653846153846 0.08533653846153846 0.15144230769230768
11 0.8557692307692307 0.2536057692307692 0.0889423076923077 0.16826923076923078
11 0.6129807692307693 0.2536057692307692 0.08173076923076923 0.1346153846153846
11 0.4375 0.2644230769230769 0.09495192307692307 0.14302884615384615
11 0.23677884615384615 0.27403846153846156 0.1141826923076923 0.15264423076923078
11 0.8557692307692307 0.4951923076923077 0.07692307692307693 0.14903846153846154
11 0.7319711538461539 0.5036057692307693 0.09134615384615384 0.13942307692307693
11 0.5997596153846154 0.5264423076923077 0.0733173076923077 0.1502403846153846
11 0.47475961538461536 0.5504807692307693 0.06971153846153846 0.12139423076923077
11 0.24158653846153846 0.5853365384615384 0.09735576923076923 0.15264423076923078
11 0.8317307692307693 0.7235576923076923 0.08173076923076923 0.14423076923076922
11 0.7163461538461539 0.7439903846153846 0.07932692307692307 0.13581730769230768
11 0.5901442307692307 0.7584134615384616 0.08653846153846154 0.13822115384615385
11 0.4338942307692308 0.7932692307692307 0.09134615384615384 0.11778846153846154
11 0.23677884615384615 0.8329326923076923 0.09495192307692307 0.140625