21 0.70703125 0.2578125 0.15625 0.17109375
21 0.4890625 0.28359375 0.0984375 0.17578125
21 0.33984375 0.28515625 0.0859375 0.13125
21 0.203125 0.3171875 0.08671875 0.1390625
21 0.08828125 0.334375 0.05859375 0.15
21 0.36953125 0.50859375 0.103125 0.14453125
21 0.54765625 0.5171875 0.11171875 0.16796875
21 0.22421875 0.52265625 0.08359375 0.13515625
21 0.74765625 0.525 0.14140625 0.18671875
21 0.09921875 0.53359375 0.065625 0.12890625
21 0.1234375 0.70078125 0.06953125 0.1203125
21 0.2390625 0.70625 0.078125 0.1171875
21 0.3875 0.715625 0.0890625 0.140625
21 0.5796875 0.76015625 0.10625 0.15390625
21 0.75390625 0.78203125 0.11953125 0.19296875