35 0.68203125 0.48671875 0.10625 0.16875
35 0.8546875 0.4890625 0.10859375 0.1796875
35 0.521875 0.4953125 0.08984375 0.159375
35 0.328125 0.5046875 0.115625 0.159375
35 0.090625 0.51796875 0.1078125 0.2
35 0.890625 0.81640625 0.109375 0.1875
35 0.70390625 0.81796875 0.1015625 0.1921875
35 0.53828125 0.81875 0.11171875 0.20234375
35 0.35546875 0.82421875 0.11796875 0.1796875
35 0.1234375 0.83125 0.12109375 0.20625
35 0.32890625 0.1484375 0.128125 0.21171875
35 0.534375 0.15859375 0.125 0.203125
35 0.721875 0.1609375 0.12734375 0.19453125
35 0.89765625 0.16328125 0.11015625 0.1828125
35 0.1125 0.1734375 0.1125 0.25625