24 0.5734375 0.47734375 0.140625 0.103125
24 0.57265625 0.32109375 0.153125 0.090625
24 0.56953125 0.13515625 0.1640625 0.10625
24 0.5625 0.621875 0.18125 0.090625
24 0.56171875 0.790625 0.175 0.103125
24 0.2890625 0.51484375 0.1875 0.1125
24 0.284375 0.30859375 0.2015625 0.11875
24 0.2828125 0.67578125 0.19375 0.11875
24 0.27578125 0.1140625 0.18125 0.11875
24 0.25546875 0.871875 0.2125 0.1359375
24 0.83203125 0.60546875 0.1125 0.08125
24 0.82890625 0.46953125 0.109375 0.0875
24 0.825 0.753125 0.1328125 0.096875
24 0.81875 0.33125 0.1265625 0.103125
24 0.81171875 0.175 0.1359375 0.1046875