31 0.209375 0.4953125 0.075 0.11796875
31 0.06796875 0.49765625 0.06796875 0.1375
31 0.3359375 0.5078125 0.07421875 0.115625
31 0.5109375 0.51640625 0.084375 0.14296875
31 0.70078125 0.53046875 0.096875 0.1609375
31 0.08984375 0.7734375 0.06796875 0.13828125
31 0.3640625 0.79140625 0.075 0.140625
31 0.23828125 0.7921875 0.0734375 0.1234375
31 0.5359375 0.8203125 0.08515625 0.13828125
31 0.746875 0.8671875 0.08984375 0.16953125
31 0.73671875 0.1390625 0.1265625 0.1640625
31 0.528125 0.140625 0.0890625 0.15390625
31 0.32734375 0.15078125 0.08125 0.1359375
31 0.196875 0.16484375 0.07734375 0.1453125
31 0.07109375 0.17578125 0.06640625 0.14296875