17 0.73046875 0.746875 0.14375 0.109375
17 0.72734375 0.596875 0.134375 0.0875
17 0.7203125 0.459375 0.146875 0.0859375
17 0.6921875 0.3078125 0.15 0.109375
17 0.684375 0.14765625 0.153125 0.096875
17 0.5109375 0.78203125 0.165625 0.1
17 0.51015625 0.61484375 0.14375 0.09375
17 0.48984375 0.46640625 0.1484375 0.096875
17 0.4671875 0.2984375 0.1328125 0.090625
17 0.45390625 0.140625 0.134375 0.08125
17 0.28984375 0.646875 0.146875 0.084375
17 0.28828125 0.80625 0.15625 0.090625
17 0.26875 0.47109375 0.1515625 0.084375
17 0.24453125 0.31484375 0.146875 0.11875
17 0.21796875 0.15703125 0.1671875 0.0890625