7 0.8185096153846154 0.23557692307692307 0.09014423076923077 0.16105769230769232
7 0.5024038461538461 0.2403846153846154 0.09254807692307693 0.1502403846153846
7 0.328125 0.24759615384615385 0.11177884615384616 0.16466346153846154
7 0.1466346153846154 0.2668269230769231 0.10216346153846154 0.16346153846153846
7 0.8137019230769231 0.47716346153846156 0.08774038461538461 0.14543269230769232
7 0.6622596153846154 0.49278846153846156 0.09495192307692307 0.14903846153846154
7 0.33052884615384615 0.4951923076923077 0.09375 0.13221153846153846
7 0.5084134615384616 0.4963942307692308 0.10576923076923077 0.1310096153846154
7 0.16346153846153846 0.5 0.0889423076923077 0.14543269230769232
7 0.7776442307692307 0.7247596153846154 0.0985576923076923 0.13341346153846154
7 0.6213942307692307 0.7271634615384616 0.11057692307692307 0.11778846153846154
7 0.4807692307692308 0.7319711538461539 0.09615384615384616 0.12259615384615384
7 0.18269230769230768 0.734375 0.09375 0.12740384615384615
7 0.3269230769230769 0.7379807692307693 0.09014423076923077 0.125
7 0.6622596153846154 0.234375 0.10336538461538461 0.15384615384615385