24 0.7734375 0.471875 0.06953125 0.13828125
24 0.6625 0.47265625 0.07734375 0.13984375
24 0.5265625 0.4734375 0.0875 0.14609375
24 0.39375 0.47734375 0.08984375 0.14921875
24 0.2421875 0.4921875 0.0984375 0.1734375
24 0.77109375 0.7015625 0.06875 0.1453125
24 0.66171875 0.73125 0.07578125 0.14765625
24 0.546875 0.7390625 0.0859375 0.15390625
24 0.415625 0.7890625 0.08828125 0.17421875
24 0.26640625 0.81796875 0.096875 0.1703125
24 0.22265625 0.1203125 0.1046875 0.17421875
24 0.39453125 0.14140625 0.09140625 0.1734375
24 0.5515625 0.15625 0.084375 0.146875
24 0.67109375 0.18671875 0.0734375 0.13203125
24 0.78515625 0.21640625 0.0609375 0.1171875