15 0.76328125 0.39296875 0.0484375 0.11171875
15 0.67421875 0.421875 0.05078125 0.11796875
15 0.5828125 0.43828125 0.05859375 0.1265625
15 0.45703125 0.4703125 0.07578125 0.14453125
15 0.2859375 0.51328125 0.1046875 0.19140625
15 0.74921875 0.596875 0.0421875 0.0875
15 0.6828125 0.621875 0.04296875 0.0984375
15 0.5859375 0.66953125 0.05078125 0.1046875
15 0.4625 0.72734375 0.0703125 0.1171875
15 0.29375 0.8015625 0.0890625 0.16796875
15 0.565625 0.18125 0.0671875 0.11640625
15 0.67734375 0.18828125 0.05859375 0.1171875
15 0.76953125 0.19296875 0.0515625 0.11640625
15 0.4515625 0.203125 0.0703125 0.13671875
15 0.27421875 0.209375 0.09140625 0.15859375