4 0.70078125 0.47890625 0.0734375 0.146875
4 0.80859375 0.48515625 0.05546875 0.1265625
4 0.57265625 0.49609375 0.07890625 0.1390625
4 0.43984375 0.496875 0.0703125 0.14921875
4 0.2421875 0.50078125 0.0734375 0.17109375
4 0.796875 0.775 0.0640625 0.1234375
4 0.70234375 0.7875 0.06484375 0.12890625
4 0.575 0.80703125 0.07421875 0.1390625
4 0.428125 0.83125 0.07890625 0.1546875
4 0.2390625 0.8390625 0.0640625 0.18046875
4 0.25859375 0.1390625 0.07890625 0.1640625
4 0.459375 0.16953125 0.084375 0.16328125
4 0.70390625 0.1765625 0.06484375 0.13671875
4 0.6046875 0.178125 0.07890625 0.1484375
4 0.8078125 0.19296875 0.07421875 0.1265625