15 0.57578125 0.253125 0.06640625 0.1234375
15 0.68984375 0.29140625 0.05703125 0.1265625
15 0.78515625 0.315625 0.05 0.1078125
15 0.240625 0.46015625 0.10546875 0.165625
15 0.42890625 0.46640625 0.07265625 0.1265625
15 0.584375 0.475 0.04765625 0.10625
15 0.77578125 0.475 0.03984375 0.0984375
15 0.69921875 0.48125 0.0515625 0.1
15 0.7875 0.66171875 0.05078125 0.0984375
15 0.69765625 0.67578125 0.06015625 0.103125
15 0.56640625 0.70390625 0.0609375 0.13046875
15 0.41328125 0.7328125 0.07890625 0.1703125
15 0.22265625 0.76484375 0.1125 0.23828125
15 0.271875 0.18125 0.1015625 0.15859375
15 0.43125 0.22265625 0.08125 0.16640625