3 0.78828125 0.43984375 0.08828125 0.14921875
3 0.6296875 0.44375 0.0828125 0.15703125
3 0.19375 0.4578125 0.09375 0.12890625
3 0.48046875 0.459375 0.084375 0.1453125
3 0.340625 0.4625 0.0859375 0.1421875
3 0.61484375 0.640625 0.0625 0.121875
3 0.5078125 0.6421875 0.06484375 0.12109375
3 0.75234375 0.64453125 0.06953125 0.125
3 0.37578125 0.6578125 0.071875 0.1328125
3 0.25390625 0.6671875 0.08671875 0.1328125
3 0.7546875 0.77890625 0.06484375 0.1203125
3 0.61796875 0.78359375 0.05859375 0.1109375
3 0.5078125 0.790625 0.06484375 0.115625
3 0.40546875 0.8 0.0640625 0.13046875
3 0.2921875 0.8203125 0.071875 0.109375