1 0.30859375 0.21015625 0.0609375 0.0859375
1 0.3140625 0.33046875 0.0765625 0.065625
1 0.31953125 0.453125 0.078125 0.0859375
1 0.32265625 0.61953125 0.090625 0.1015625
1 0.3234375 0.78046875 0.0734375 0.0875
1 0.44609375 0.17109375 0.08125 0.09375
1 0.45390625 0.30546875 0.09375 0.084375
1 0.459375 0.46171875 0.084375 0.078125
1 0.471875 0.659375 0.109375 0.0875
1 0.475 0.840625 0.10625 0.0875
1 0.6375 0.0828125 0.115625 0.1125
1 0.63828125 0.25390625 0.1125 0.0921875
1 0.6609375 0.44296875 0.140625 0.090625
1 0.671875 0.70234375 0.1296875 0.08125
1 0.690625 0.91484375 0.153125 0.096875