26 0.8359375 0.3421875 0.0671875 0.16015625
26 0.68359375 0.346875 0.06640625 0.16171875
26 0.49765625 0.35546875 0.0796875 0.159375
26 0.34609375 0.36328125 0.08359375 0.15546875
26 0.16328125 0.3765625 0.08203125 0.14453125
26 0.81953125 0.53046875 0.0625 0.12265625
26 0.678125 0.54375 0.0734375 0.13046875
26 0.51953125 0.5515625 0.059375 0.1109375
26 0.37421875 0.565625 0.06640625 0.1171875
26 0.22734375 0.59921875 0.071875 0.1328125
26 0.790625 0.68359375 0.07265625 0.10390625
26 0.64375 0.6953125 0.053125 0.09453125
26 0.52890625 0.71484375 0.05703125 0.0859375
26 0.415625 0.72734375 0.06015625 0.0875
26 0.284375 0.75234375 0.065625 0.090625