19 0.7609375 0.2953125 0.08046875 0.12265625
19 0.18671875 0.29765625 0.10390625 0.13671875
19 0.471875 0.2984375 0.09609375 0.134375
19 0.62109375 0.2984375 0.0890625 0.13046875
19 0.3234375 0.30390625 0.08515625 0.14609375
19 0.453125 0.521875 0.0859375 0.1625
19 0.62421875 0.52265625 0.07890625 0.15390625
19 0.14296875 0.52265625 0.0796875 0.1453125
19 0.775 0.52421875 0.08984375 0.16171875
19 0.2953125 0.53359375 0.08046875 0.15390625
19 0.628125 0.7796875 0.09375 0.17890625
19 0.784375 0.78203125 0.109375 0.178125
19 0.4640625 0.7875 0.08359375 0.1625
19 0.28671875 0.79140625 0.07734375 0.178125
19 0.11640625 0.7921875 0.08671875 0.18046875