7 0.515625 0.38359375 0.0703125 0.13046875
7 0.653125 0.384375 0.07578125 0.13203125
7 0.1625 0.3890625 0.090625 0.16015625
7 0.784375 0.390625 0.078125 0.13515625
7 0.35390625 0.39609375 0.084375 0.1609375
7 0.1203125 0.6765625 0.0796875 0.1703125
7 0.6625 0.6875 0.07734375 0.14453125
7 0.80703125 0.68828125 0.0765625 0.146875
7 0.50859375 0.69296875 0.0734375 0.14140625
7 0.3234375 0.69921875 0.08046875 0.14375
7 0.20078125 0.125 0.07890625 0.14140625
7 0.3578125 0.1328125 0.07578125 0.1234375
7 0.5125 0.13671875 0.07734375 0.14140625
7 0.640625 0.15234375 0.08046875 0.12109375
7 0.76953125 0.16953125 0.06875 0.12109375