1 0.6754807692307693 0.3004807692307692 0.08653846153846154 0.06850961538461539
1 0.8293269230769231 0.3088942307692308 0.10096153846153846 0.10336538461538461
1 0.5144230769230769 0.3137019230769231 0.10216346153846154 0.08533653846153846
1 0.31971153846153844 0.33413461538461536 0.10817307692307693 0.078125
1 0.1346153846153846 0.3449519230769231 0.09375 0.08653846153846154
1 0.8233173076923077 0.5300480769230769 0.078125 0.07932692307692307
1 0.6923076923076923 0.53125 0.09735576923076923 0.0829326923076923
1 0.5324519230769231 0.5384615384615384 0.10336538461538461 0.06490384615384616
1 0.3581730769230769 0.5661057692307693 0.10576923076923077 0.08173076923076923
1 0.17548076923076922 0.5949519230769231 0.09615384615384616 0.08173076923076923
1 0.8305288461538461 0.7199519230769231 0.06610576923076923 0.06009615384615385
1 0.7079326923076923 0.7319711538461539 0.09615384615384616 0.07451923076923077
1 0.5492788461538461 0.7512019230769231 0.09375 0.07572115384615384
1 0.3762019230769231 0.7704326923076923 0.08052884615384616 0.07572115384615384
1 0.2283653846153846 0.7920673076923077 0.078125 0.07091346153846154