7 0.3449519230769231 0.2548076923076923 0.08774038461538461 0.11298076923076923
7 0.5 0.25841346153846156 0.09014423076923077 0.11658653846153846
7 0.6586538461538461 0.25961538461538464 0.10697115384615384 0.12860576923076922
7 0.17668269230769232 0.265625 0.0889423076923077 0.12139423076923077
7 0.7932692307692307 0.27403846153846156 0.10817307692307693 0.1310096153846154
7 0.15264423076923078 0.4795673076923077 0.08533653846153846 0.1310096153846154
7 0.6286057692307693 0.4855769230769231 0.09975961538461539 0.14783653846153846
7 0.47475961538461536 0.49038461538461536 0.09375 0.13942307692307693
7 0.3233173076923077 0.49038461538461536 0.09495192307692307 0.15504807692307693
7 0.7872596153846154 0.5048076923076923 0.10576923076923077 0.13221153846153846
7 0.32091346153846156 0.6995192307692307 0.0985576923076923 0.1346153846153846
7 0.13581730769230768 0.7043269230769231 0.09014423076923077 0.13942307692307693
7 0.4567307692307692 0.7115384615384616 0.0889423076923077 0.1466346153846154
7 0.6189903846153846 0.7271634615384616 0.11658653846153846 0.140625
7 0.7824519230769231 0.7391826923076923 0.09975961538461539 0.1346153846153846