6 0.76171875 0.44453125 0.0890625 0.084375
6 0.7609375 0.31171875 0.090625 0.103125
6 0.753125 0.1640625 0.115625 0.1125
6 0.475 0.509375 0.13125 0.084375
6 0.47421875 0.6625 0.128125 0.0875
6 0.471875 0.1875 0.11875 0.0953125
6 0.47109375 0.790625 0.1296875 0.090625
6 0.46484375 0.35234375 0.128125 0.103125
6 0.265625 0.18515625 0.15 0.075
6 0.24375 0.3453125 0.128125 0.1
6 0.234375 0.6765625 0.1421875 0.090625
6 0.2296875 0.82421875 0.140625 0.0890625
6 0.2296875 0.496875 0.1515625 0.0984375
6 0.7828125 0.74765625 0.103125 0.1
6 0.775 0.578125 0.096875 0.090625