8 0.72890625 0.45 0.07109375 0.1171875
8 0.834375 0.45234375 0.06328125 0.13203125
8 0.60859375 0.4796875 0.08359375 0.12265625
8 0.2625 0.49140625 0.0859375 0.1515625
8 0.4859375 0.5046875 0.07421875 0.13359375
8 0.81875 0.68046875 0.065625 0.11640625
8 0.7203125 0.6953125 0.065625 0.13203125
8 0.6125 0.7203125 0.08046875 0.13984375
8 0.47734375 0.76015625 0.0703125 0.1453125
8 0.2546875 0.83359375 0.09375 0.153125
8 0.82421875 0.196875 0.0609375 0.12265625
8 0.44921875 0.20234375 0.0734375 0.15390625
8 0.7203125 0.20234375 0.07109375 0.134375
8 0.5875 0.20703125 0.071875 0.1359375
8 0.24296875 0.20703125 0.09453125 0.16640625