32 0.8390625 0.40390625 0.09140625 0.13046875
32 0.16171875 0.40546875 0.0796875 0.13203125
32 0.70234375 0.41328125 0.084375 0.11875
32 0.54140625 0.42265625 0.08515625 0.134375
32 0.27734375 0.425 0.0734375 0.12578125
32 0.8140625 0.68359375 0.1015625 0.14375
32 0.65 0.70078125 0.09453125 0.15234375
32 0.103125 0.7015625 0.08046875 0.1578125
32 0.25859375 0.7125 0.0890625 0.14765625
32 0.43828125 0.73203125 0.09453125 0.14921875
32 0.26484375 0.16953125 0.07421875 0.12421875
32 0.70390625 0.175 0.07578125 0.11015625
32 0.81015625 0.1765625 0.07578125 0.1140625
32 0.39296875 0.17734375 0.071875 0.12109375
32 0.5546875 0.190625 0.0703125 0.1234375