14 0.80390625 0.49921875 0.04609375 0.1359375
14 0.72109375 0.50390625 0.05625 0.13828125
14 0.6015625 0.5125 0.06640625 0.1359375
14 0.39453125 0.5375 0.0734375 0.15
14 0.17109375 0.55703125 0.07421875 0.1640625
14 0.8125 0.69609375 0.0484375 0.115625
14 0.728125 0.71015625 0.059375 0.13359375
14 0.60625 0.73671875 0.0625 0.14375
14 0.4 0.7953125 0.06953125 0.14765625
14 0.17421875 0.8546875 0.08984375 0.16484375
14 0.2015625 0.1359375 0.07578125 0.17734375
14 0.3984375 0.1828125 0.06953125 0.15859375
14 0.6046875 0.21171875 0.06328125 0.13046875
14 0.73046875 0.2203125 0.0546875 0.1140625
14 0.8109375 0.23359375 0.0546875 0.11640625