0 0.8421875 0.315625 0.090625 0.07421875
0 0.69375 0.31640625 0.09296875 0.071875
0 0.540625 0.3296875 0.0921875 0.06796875
0 0.37265625 0.33359375 0.071875 0.0640625
0 0.16484375 0.34375 0.08046875 0.0625
0 0.8625 0.53203125 0.0890625 0.0859375
0 0.72109375 0.534375 0.09296875 0.08046875
0 0.55390625 0.5578125 0.08515625 0.07578125
0 0.37109375 0.5765625 0.0921875 0.0765625
0 0.140625 0.57734375 0.09296875 0.08125
0 0.184375 0.1203125 0.0875 0.0828125
0 0.378125 0.12265625 0.10546875 0.07109375
0 0.54453125 0.1234375 0.11015625 0.07734375
0 0.81015625 0.1265625 0.071875 0.071875
0 0.68046875 0.12734375 0.09140625 0.0703125