22 0.8617788461538461 0.4254807692307692 0.09615384615384616 0.12139423076923077
22 0.5036057692307693 0.44591346153846156 0.12379807692307693 0.10817307692307693
22 0.6995192307692307 0.44711538461538464 0.09375 0.125
22 0.32091346153846156 0.453125 0.10576923076923077 0.13822115384615385
22 0.1045673076923077 0.46875 0.11658653846153846 0.15144230769230768
22 0.8293269230769231 0.6670673076923077 0.09375 0.1141826923076923
22 0.65625 0.6838942307692307 0.09014423076923077 0.109375
22 0.49038461538461536 0.6899038461538461 0.10336538461538461 0.11298076923076923
22 0.32211538461538464 0.7043269230769231 0.10336538461538461 0.1141826923076923
22 0.15745192307692307 0.7211538461538461 0.125 0.1141826923076923
22 0.7740384615384616 0.8245192307692307 0.08173076923076923 0.08052884615384616
22 0.6213942307692307 0.8413461538461539 0.0889423076923077 0.0733173076923077
22 0.4807692307692308 0.8533653846153846 0.08173076923076923 0.07211538461538461
22 0.359375 0.8689903846153846 0.09134615384615384 0.06610576923076923
22 0.22355769230769232 0.8822115384615384 0.1045673076923077 0.0829326923076923