1 0.25600961538461536 0.25600961538461536 0.08533653846153846 0.09615384615384616
1 0.1201923076923077 0.28125 0.07932692307692307 0.09615384615384616
1 0.7391826923076923 0.4423076923076923 0.1141826923076923 0.12980769230769232
1 0.5612980769230769 0.45072115384615385 0.1045673076923077 0.11538461538461539
1 0.4050480769230769 0.4579326923076923 0.09495192307692307 0.09375
1 0.2620192307692308 0.4807692307692308 0.08533653846153846 0.0985576923076923
1 0.11538461538461539 0.5024038461538461 0.07091346153846154 0.08533653846153846
1 0.11658653846153846 0.6862980769230769 0.06370192307692307 0.09495192307692307
1 0.5769230769230769 0.6935096153846154 0.10336538461538461 0.10576923076923077
1 0.4110576923076923 0.6935096153846154 0.0829326923076923 0.09735576923076923
1 0.75 0.6935096153846154 0.10817307692307693 0.09735576923076923
1 0.26322115384615385 0.7007211538461539 0.07932692307692307 0.08052884615384616
1 0.7175480769230769 0.1814903846153846 0.13341346153846154 0.14182692307692307
1 0.5492788461538461 0.20072115384615385 0.10216346153846154 0.12259615384615384
1 0.39663461538461536 0.22716346153846154 0.09254807692307693 0.10336538461538461