83 0.675 0.26171875 0.06328125 0.1703125
83 0.77734375 0.28671875 0.05546875 0.14375
83 0.39609375 0.4984375 0.1015625 0.17578125
83 0.1671875 0.503125 0.13515625 0.2234375
83 0.559375 0.50390625 0.0796875 0.15390625
83 0.6828125 0.50546875 0.06484375 0.153125
83 0.7875 0.50703125 0.04921875 0.1234375
83 0.78671875 0.71796875 0.03984375 0.10234375
83 0.69296875 0.73984375 0.0609375 0.1265625
83 0.5640625 0.7625 0.0703125 0.16328125
83 0.409375 0.7859375 0.09375 0.17734375
83 0.16640625 0.8640625 0.1484375 0.20625
83 0.178125 0.1390625 0.1390625 0.234375
83 0.38203125 0.18671875 0.09296875 0.20703125
83 0.54375 0.22421875 0.0875 0.178125