18 0.58671875 0.378125 0.11953125 0.1484375
18 0.765625 0.38046875 0.10625 0.14375
18 0.41484375 0.38984375 0.09296875 0.12890625
18 0.259375 0.3984375 0.09296875 0.14140625
18 0.1015625 0.4203125 0.0921875 0.16171875
18 0.59140625 0.653125 0.10703125 0.175
18 0.7640625 0.65390625 0.1078125 0.1625
18 0.084375 0.67421875 0.10390625 0.1703125
18 0.24140625 0.675 0.096875 0.17265625
18 0.4109375 0.678125 0.1109375 0.18203125
18 0.59765625 0.1203125 0.103125 0.13203125
18 0.28515625 0.125 0.071875 0.12265625
18 0.753125 0.1265625 0.10703125 0.1390625
18 0.41640625 0.13125 0.08671875 0.1484375
18 0.1453125 0.13203125 0.078125 0.1359375