1 0.57265625 0.48671875 0.06484375 0.146875
1 0.4046875 0.48671875 0.0703125 0.15
1 0.7265625 0.49140625 0.0671875 0.1453125
1 0.26640625 0.50234375 0.0671875 0.16796875
1 0.13359375 0.51875 0.0671875 0.1734375
1 0.71953125 0.7484375 0.0703125 0.1609375
1 0.5578125 0.759375 0.06953125 0.16328125
1 0.4 0.77421875 0.06015625 0.15859375
1 0.14375 0.78046875 0.06328125 0.15390625
1 0.2734375 0.7828125 0.06328125 0.14921875
1 0.42109375 0.18828125 0.07109375 0.1515625
1 0.5796875 0.19140625 0.06953125 0.153125
1 0.734375 0.1953125 0.06484375 0.15234375
1 0.27421875 0.209375 0.0703125 0.1578125
1 0.13046875 0.225 0.0671875 0.1640625