11 0.76796875 0.27734375 0.05859375 0.15390625
11 0.24375 0.27890625 0.0765625 0.16640625
11 0.6640625 0.28046875 0.0625 0.15078125
11 0.5078125 0.2875 0.07109375 0.1453125
11 0.37109375 0.28984375 0.078125 0.159375
11 0.7453125 0.61875 0.06640625 0.13046875
11 0.61640625 0.63828125 0.0734375 0.1265625
11 0.49609375 0.64921875 0.06875 0.1296875
11 0.37265625 0.66484375 0.06953125 0.1328125
11 0.2671875 0.66484375 0.07734375 0.12890625
11 0.728125 0.78515625 0.0640625 0.11484375
11 0.6015625 0.79921875 0.0609375 0.109375
11 0.48125 0.8109375 0.0609375 0.1046875
11 0.37734375 0.82421875 0.065625 0.1078125
11 0.27734375 0.83828125 0.059375 0.10703125