26 0.56171875 0.24375 0.06953125 0.1578125
26 0.28671875 0.25078125 0.06875 0.1578125
26 0.1671875 0.2546875 0.0578125 0.15390625
26 0.43046875 0.25703125 0.06953125 0.153125
26 0.1671875 0.50625 0.04609375 0.134375
26 0.2578125 0.52265625 0.059375 0.134375
26 0.43515625 0.52734375 0.06015625 0.140625
26 0.57890625 0.5296875 0.07734375 0.1546875
26 0.7265625 0.5359375 0.0875 0.18359375
26 0.26171875 0.7578125 0.059375 0.13125
26 0.415625 0.759375 0.06640625 0.1328125
26 0.16328125 0.76171875 0.05390625 0.1390625
26 0.56328125 0.7703125 0.06953125 0.1375
26 0.7078125 0.784375 0.071875 0.15
26 0.7015625 0.23046875 0.08046875 0.16875