23 0.7992788461538461 0.39663461538461536 0.052884615384615384 0.11057692307692307
23 0.7151442307692307 0.41947115384615385 0.042067307692307696 0.11778846153846154
23 0.6009615384615384 0.4375 0.06610576923076923 0.14783653846153846
23 0.453125 0.4543269230769231 0.07572115384615384 0.13942307692307693
23 0.24639423076923078 0.5300480769230769 0.08533653846153846 0.1935096153846154
23 0.7944711538461539 0.5997596153846154 0.054086538461538464 0.11538461538461539
23 0.7055288461538461 0.6322115384615384 0.05048076923076923 0.11899038461538461
23 0.5913461538461539 0.6646634615384616 0.05048076923076923 0.12620192307692307
23 0.4519230769230769 0.7283653846153846 0.06490384615384616 0.16105769230769232
23 0.25600961538461536 0.8161057692307693 0.0889423076923077 0.18990384615384615
23 0.6081730769230769 0.20192307692307693 0.07091346153846154 0.14903846153846154
23 0.4519230769230769 0.20432692307692307 0.07692307692307693 0.19110576923076922
23 0.7151442307692307 0.20673076923076922 0.057692307692307696 0.1346153846153846
23 0.8245192307692307 0.21153846153846154 0.052884615384615384 0.12620192307692307
23 0.23918269230769232 0.2247596153846154 0.08052884615384616 0.265625