8 0.6328125 0.3 0.071875 0.125
8 0.47890625 0.3 0.0703125 0.1609375
8 0.13125 0.30078125 0.06953125 0.140625
8 0.7875 0.3015625 0.071875 0.1359375
8 0.28984375 0.30390625 0.07890625 0.15390625
8 0.5015625 0.553125 0.0796875 0.1234375
8 0.790625 0.565625 0.075 0.12734375
8 0.64921875 0.56640625 0.08125 0.13046875
8 0.3046875 0.5859375 0.0828125 0.121875
8 0.1671875 0.59140625 0.07109375 0.11484375
8 0.63359375 0.77109375 0.06484375 0.12421875
8 0.77734375 0.7734375 0.06953125 0.13046875
8 0.4875 0.7859375 0.065625 0.12890625
8 0.33828125 0.8015625 0.06484375 0.115625
8 0.18984375 0.81484375 0.078125 0.1234375