8 0.80234375 0.2359375 0.06015625 0.12734375
8 0.66171875 0.4921875 0.05859375 0.1125
8 0.80234375 0.4984375 0.06015625 0.11953125
8 0.365625 0.503125 0.06953125 0.14375
8 0.521875 0.50703125 0.0640625 0.128125
8 0.18984375 0.515625 0.08515625 0.1640625
8 0.79921875 0.69296875 0.0546875 0.11796875
8 0.6578125 0.71875 0.0640625 0.1234375
8 0.52109375 0.74140625 0.06953125 0.13046875
8 0.3609375 0.77890625 0.0703125 0.13046875
8 0.16640625 0.82265625 0.08046875 0.1609375
8 0.20078125 0.20859375 0.07578125 0.15234375
8 0.53984375 0.21640625 0.05703125 0.1359375
8 0.38359375 0.21796875 0.0703125 0.1375
8 0.67265625 0.2234375 0.05859375 0.13046875