14 0.30078125 0.3578125 0.1234375 0.16328125
14 0.6859375 0.3671875 0.13828125 0.1546875
14 0.496875 0.36875 0.1171875 0.14375
14 0.10625 0.37109375 0.11953125 0.14765625
14 0.8921875 0.375 0.1375 0.15078125
14 0.66328125 0.5640625 0.0984375 0.115625
14 0.5046875 0.56796875 0.11875 0.11875
14 0.83046875 0.57578125 0.11328125 0.11484375
14 0.32578125 0.58046875 0.11796875 0.109375
14 0.165625 0.590625 0.1140625 0.1265625
14 0.196875 0.746875 0.09296875 0.08203125
14 0.33125 0.7484375 0.10703125 0.09375
14 0.6390625 0.75 0.115625 0.0953125
14 0.7859375 0.75 0.1125 0.10546875
14 0.49296875 0.75078125 0.11953125 0.1078125