28 0.6 0.2953125 0.0984375 0.1375
28 0.4625 0.3046875 0.0734375 0.1375
28 0.3640625 0.3171875 0.0671875 0.14296875
28 0.26484375 0.33671875 0.0734375 0.13046875
28 0.16328125 0.3453125 0.05625 0.134375
28 0.66171875 0.5125 0.10078125 0.14765625
28 0.3953125 0.52109375 0.08671875 0.15234375
28 0.27890625 0.5234375 0.084375 0.14140625
28 0.52109375 0.52578125 0.07734375 0.14296875
28 0.1625 0.52734375 0.06640625 0.1359375
28 0.16953125 0.68046875 0.06640625 0.1125
28 0.2796875 0.68828125 0.06328125 0.11328125
28 0.40703125 0.69609375 0.078125 0.11953125
28 0.546875 0.70546875 0.1 0.13828125
28 0.69921875 0.734375 0.11953125 0.159375