13 0.7375 0.6234375 0.13125 0.1125
13 0.73515625 0.78828125 0.1375 0.1015625
13 0.72734375 0.4375 0.1375 0.1
13 0.72265625 0.271875 0.128125 0.121875
13 0.715625 0.10078125 0.1328125 0.1109375
13 0.5921875 0.7765625 0.096875 0.103125
13 0.58203125 0.62421875 0.0984375 0.1078125
13 0.57421875 0.4640625 0.09375 0.084375
13 0.56484375 0.3203125 0.103125 0.10625
13 0.5546875 0.16796875 0.103125 0.1140625
13 0.46171875 0.7546875 0.0953125 0.1015625
13 0.45546875 0.61484375 0.0875 0.1015625
13 0.4421875 0.478125 0.0859375 0.096875
13 0.42421875 0.36015625 0.084375 0.1
13 0.403125 0.22734375 0.084375 0.10625