99 0.7140625 0.2765625 0.09921875 0.11875
99 0.5765625 0.2828125 0.08203125 0.1171875
99 0.45625 0.2984375 0.07421875 0.115625
99 0.3234375 0.32265625 0.09140625 0.12109375
99 0.178125 0.33359375 0.075 0.125
99 0.76875 0.4546875 0.11015625 0.15
99 0.6015625 0.4640625 0.0859375 0.1359375
99 0.4609375 0.484375 0.090625 0.14375
99 0.29921875 0.50546875 0.08125 0.1203125
99 0.146875 0.52421875 0.06640625 0.12421875
99 0.8171875 0.6671875 0.109375 0.16171875
99 0.64765625 0.67265625 0.08984375 0.1484375
99 0.4625 0.70234375 0.084375 0.1515625
99 0.2984375 0.7265625 0.115625 0.15703125
99 0.134375 0.75234375 0.08359375 0.171875