18 0.5276442307692307 0.24639423076923078 0.08173076923076923 0.17548076923076922
18 0.6574519230769231 0.30649038461538464 0.0625 0.16826923076923078
18 0.7403846153846154 0.3545673076923077 0.04567307692307692 0.1658653846153846
18 0.23677884615384615 0.4795673076923077 0.1045673076923077 0.19471153846153846
18 0.5685096153846154 0.5192307692307693 0.05889423076923077 0.15625
18 0.43149038461538464 0.5228365384615384 0.08173076923076923 0.2127403846153846
18 0.6826923076923077 0.546875 0.057692307692307696 0.13581730769230768
18 0.7596153846153846 0.5673076923076923 0.04567307692307692 0.13942307692307693
18 0.7740384615384616 0.7487980769230769 0.052884615384615384 0.14182692307692307
18 0.6826923076923077 0.7692307692307693 0.06009615384615385 0.1622596153846154
18 0.5901442307692307 0.7692307692307693 0.06009615384615385 0.16826923076923078
18 0.44591346153846156 0.8112980769230769 0.06850961538461539 0.18629807692307693
18 0.2439903846153846 0.8329326923076923 0.12139423076923077 0.24278846153846154
18 0.1971153846153846 0.13701923076923078 0.10216346153846154 0.18269230769230768
18 0.37740384615384615 0.19831730769230768 0.08774038461538461 0.18389423076923078