15 0.5796875 0.2765625 0.059375 0.1375
15 0.68671875 0.325 0.0546875 0.1265625
15 0.78984375 0.36640625 0.03984375 0.1
15 0.27734375 0.48671875 0.07578125 0.1765625
15 0.42421875 0.50625 0.06328125 0.1453125
15 0.57578125 0.52578125 0.04765625 0.11328125
15 0.68828125 0.53828125 0.04453125 0.09609375
15 0.7765625 0.54765625 0.0375 0.1
15 0.7765625 0.70546875 0.046875 0.096875
15 0.6890625 0.71484375 0.04609375 0.115625
15 0.56796875 0.7359375 0.0578125 0.13359375
15 0.3890625 0.771875 0.0640625 0.1421875
15 0.25625 0.7890625 0.0734375 0.16015625
15 0.2890625 0.184375 0.0875 0.16640625
15 0.4609375 0.23515625 0.09140625 0.18984375