16 0.74921875 0.57109375 0.165625 0.1125
16 0.73515625 0.71875 0.1375 0.09375
16 0.71953125 0.834375 0.140625 0.0875
16 0.5453125 0.73828125 0.1359375 0.0875
16 0.540625 0.59296875 0.13125 0.10625
16 0.5390625 0.85 0.14375 0.0890625
16 0.5328125 0.1859375 0.165625 0.140625
16 0.5296875 0.40625 0.1484375 0.1328125
16 0.34296875 0.88203125 0.13125 0.0796875
16 0.31875 0.7578125 0.1421875 0.109375
16 0.30625 0.60390625 0.165625 0.121875
16 0.27421875 0.41953125 0.15625 0.1203125
16 0.24140625 0.178125 0.184375 0.140625
16 0.81640625 0.1734375 0.1875 0.1578125
16 0.7890625 0.37890625 0.1703125 0.1359375