5 0.47578125 0.40703125 0.075 0.1140625
5 0.62421875 0.4109375 0.0765625 0.109375
5 0.7765625 0.42265625 0.075 0.1203125
5 0.32578125 0.42734375 0.078125 0.1328125
5 0.1875 0.4390625 0.06875 0.125
5 0.61640625 0.65703125 0.0640625 0.1125
5 0.48828125 0.66015625 0.06875 0.1125
5 0.33828125 0.6609375 0.071875 0.10625
5 0.75078125 0.67109375 0.06875 0.1078125
5 0.20390625 0.6765625 0.0640625 0.1140625
5 0.16015625 0.16484375 0.078125 0.125
5 0.321875 0.1671875 0.075 0.134375
5 0.48984375 0.17109375 0.084375 0.1265625
5 0.65390625 0.18125 0.06875 0.13125
5 0.81953125 0.1875 0.075 0.1390625