29 0.15 0.4171875 0.06171875 0.1328125
29 0.52265625 0.4296875 0.0625 0.12734375
29 0.8234375 0.43046875 0.0609375 0.12109375
29 0.3125 0.44296875 0.06328125 0.1234375
29 0.66328125 0.44375 0.06171875 0.1296875
29 0.6703125 0.75859375 0.0765625 0.13984375
29 0.525 0.76484375 0.0640625 0.13671875
29 0.81796875 0.7703125 0.07578125 0.13515625
29 0.14140625 0.771875 0.07265625 0.14140625
29 0.33828125 0.7859375 0.0796875 0.1328125
29 0.15625 0.1671875 0.06171875 0.11796875
29 0.35625 0.18046875 0.06875 0.125
29 0.52734375 0.1828125 0.05625 0.1203125
29 0.6453125 0.1859375 0.05703125 0.11796875
29 0.76875 0.19453125 0.05625 0.11875