19 0.26875 0.4109375 0.10625 0.09375
19 0.27265625 0.696875 0.121875 0.1203125
19 0.2734375 0.8484375 0.1234375 0.0828125
19 0.27421875 0.5421875 0.11875 0.090625
19 0.278125 0.2734375 0.115625 0.1015625
19 0.45703125 0.1625 0.134375 0.0921875
19 0.4671875 0.29375 0.121875 0.1
19 0.49609375 0.43671875 0.1640625 0.134375
19 0.49921875 0.77578125 0.15625 0.11875
19 0.50234375 0.60859375 0.16875 0.096875
19 0.7078125 0.86328125 0.1875 0.13125
19 0.72109375 0.14609375 0.1828125 0.1125
19 0.72109375 0.2875 0.1625 0.11875
19 0.73359375 0.45703125 0.184375 0.1328125
19 0.7375 0.6421875 0.1765625 0.11875