31 0.82578125 0.24453125 0.07578125 0.1296875
31 0.65234375 0.50390625 0.075 0.1265625
31 0.1546875 0.50546875 0.08203125 0.1578125
31 0.33984375 0.50859375 0.078125 0.14453125
31 0.490625 0.509375 0.0765625 0.1421875
31 0.8234375 0.51015625 0.07421875 0.12578125
31 0.803125 0.76953125 0.0671875 0.11640625
31 0.64765625 0.77265625 0.07578125 0.1359375
31 0.49375 0.77578125 0.08203125 0.12890625
31 0.15546875 0.78203125 0.0828125 0.1359375
31 0.35078125 0.784375 0.07421875 0.13125
31 0.1609375 0.19609375 0.07734375 0.146875
31 0.3484375 0.20078125 0.0734375 0.1375
31 0.503125 0.215625 0.0734375 0.1421875
31 0.67890625 0.22734375 0.08125 0.1296875