13 0.21875 0.25078125 0.075 0.1140625
13 0.67734375 0.25546875 0.15 0.1421875
13 0.49453125 0.2578125 0.109375 0.134375
13 0.3328125 0.26640625 0.078125 0.109375
13 0.11953125 0.27265625 0.0625 0.115625
13 0.21953125 0.43984375 0.08125 0.1125
13 0.340625 0.43984375 0.09375 0.1125
13 0.50078125 0.4515625 0.1125 0.125
13 0.1234375 0.453125 0.071875 0.11875
13 0.68125 0.4828125 0.146875 0.146875
13 0.13046875 0.66875 0.06875 0.1359375
13 0.22734375 0.6875 0.06875 0.14375
13 0.3484375 0.70625 0.096875 0.1359375
13 0.5046875 0.721875 0.1328125 0.146875
13 0.7078125 0.76953125 0.16875 0.1578125