13 0.75234375 0.39609375 0.0625 0.115625
13 0.665625 0.40390625 0.0640625 0.121875
13 0.5640625 0.41875 0.075 0.15
13 0.44375 0.446875 0.0875 0.153125
13 0.2765625 0.48984375 0.1 0.19375
13 0.7515625 0.59453125 0.053125 0.125
13 0.67265625 0.62890625 0.0625 0.125
13 0.55859375 0.6890625 0.075 0.1375
13 0.43984375 0.75078125 0.0890625 0.15625
13 0.2859375 0.81171875 0.1125 0.1703125
13 0.27421875 0.16953125 0.109375 0.1875
13 0.44609375 0.171875 0.090625 0.178125
13 0.5640625 0.1765625 0.078125 0.159375
13 0.671875 0.18046875 0.065625 0.14375
13 0.7609375 0.18984375 0.05625 0.14375