16 0.48515625 0.31015625 0.1640625 0.1390625
16 0.48671875 0.48515625 0.153125 0.125
16 0.49609375 0.15390625 0.15 0.1125
16 0.50703125 0.81796875 0.15 0.11875
16 0.50703125 0.646875 0.14375 0.128125
16 0.73671875 0.3234375 0.1546875 0.1125
16 0.7453125 0.16640625 0.1421875 0.125
16 0.75078125 0.4953125 0.15 0.128125
16 0.7609375 0.8046875 0.178125 0.1421875
16 0.76953125 0.63828125 0.1390625 0.1109375
16 0.21640625 0.84375 0.159375 0.1328125
16 0.21953125 0.340625 0.140625 0.1125
16 0.2203125 0.4890625 0.14375 0.1265625
16 0.2296875 0.665625 0.1625 0.1453125
16 0.234375 0.1734375 0.15625 0.1125