8 0.24453125 0.80859375 0.1875 0.05625
8 0.265625 0.88671875 0.178125 0.0515625
8 0.4921875 0.4125 0.18125 0.0859375
8 0.5078125 0.57265625 0.171875 0.0625
8 0.5109375 0.70703125 0.165625 0.05625
8 0.515625 0.80703125 0.1453125 0.05
8 0.51875 0.89140625 0.146875 0.046875
8 0.73828125 0.89375 0.1484375 0.0421875
8 0.75625 0.80234375 0.1609375 0.04375
8 0.7765625 0.7046875 0.171875 0.05625
8 0.8078125 0.56484375 0.215625 0.078125
8 0.82734375 0.4234375 0.2375 0.096875
8 0.1640625 0.46796875 0.221875 0.084375
8 0.19765625 0.60390625 0.2 0.0640625
8 0.228125 0.721875 0.1921875 0.0546875