6 0.6490384615384616 0.46875 0.09975961538461539 0.1658653846153846
6 0.5036057692307693 0.4795673076923077 0.08774038461538461 0.15264423076923078
6 0.17067307692307693 0.4807692307692308 0.08052884615384616 0.1502403846153846
6 0.7944711538461539 0.48197115384615385 0.08413461538461539 0.16706730769230768
6 0.3449519230769231 0.5060096153846154 0.09375 0.17908653846153846
6 0.6538461538461539 0.7367788461538461 0.0889423076923077 0.1778846153846154
6 0.4987980769230769 0.7415865384615384 0.08413461538461539 0.16466346153846154
6 0.8233173076923077 0.7463942307692307 0.09254807692307693 0.17307692307692307
6 0.3449519230769231 0.7716346153846154 0.09134615384615384 0.17668269230769232
6 0.16466346153846154 0.7776442307692307 0.09014423076923077 0.16346153846153846
6 0.47716346153846156 0.21875 0.07451923076923077 0.14543269230769232
6 0.19951923076923078 0.2247596153846154 0.0733173076923077 0.15264423076923078
6 0.35697115384615385 0.22596153846153846 0.06971153846153846 0.13581730769230768
6 0.6045673076923077 0.22716346153846154 0.07692307692307693 0.1466346153846154
6 0.75 0.23197115384615385 0.07932692307692307 0.1658653846153846