6 0.17578125 0.2453125 0.075 0.14609375
6 0.16875 0.45390625 0.0671875 0.13984375
6 0.778125 0.45390625 0.096875 0.17734375
6 0.29609375 0.45546875 0.078125 0.1375
6 0.60390625 0.46328125 0.10390625 0.1671875
6 0.45078125 0.46875 0.10234375 0.1453125
6 0.16640625 0.69140625 0.07734375 0.14375
6 0.28359375 0.71875 0.071875 0.1421875
6 0.41796875 0.734375 0.0890625 0.140625
6 0.56328125 0.7546875 0.11640625 0.1421875
6 0.7515625 0.78046875 0.11796875 0.18515625
6 0.775 0.1703125 0.11796875 0.19453125
6 0.6 0.1859375 0.1109375 0.1640625
6 0.45078125 0.2015625 0.09140625 0.1578125
6 0.3046875 0.2125 0.0921875 0.16015625