30 0.15546875 0.45703125 0.1 0.1390625
30 0.2890625 0.459375 0.08671875 0.12265625
30 0.78828125 0.46171875 0.09140625 0.1109375
30 0.65859375 0.46875 0.09765625 0.10390625
30 0.503125 0.471875 0.09609375 0.12265625
30 0.09765625 0.71953125 0.0875 0.12265625
30 0.25625 0.7265625 0.0984375 0.1296875
30 0.62109375 0.7265625 0.109375 0.13515625
30 0.8 0.7265625 0.11484375 0.1421875
30 0.44140625 0.7375 0.10234375 0.13984375
30 0.18359375 0.1890625 0.0890625 0.09296875
30 0.328125 0.209375 0.09609375 0.1109375
30 0.50234375 0.21171875 0.1046875 0.10390625
30 0.65234375 0.21171875 0.09453125 0.1015625
30 0.771875 0.2234375 0.07890625 0.1015625