2 0.43671875 0.546875 0.190625 0.1109375
2 0.44140625 0.7265625 0.1625 0.1109375
2 0.44921875 0.38203125 0.20625 0.115625
2 0.45078125 0.87265625 0.1625 0.121875
2 0.4625 0.221875 0.2125 0.13125
2 0.69765625 0.85078125 0.165625 0.10625
2 0.709375 0.5328125 0.1796875 0.109375
2 0.71328125 0.375 0.171875 0.11875
2 0.7171875 0.71171875 0.1671875 0.10625
2 0.74609375 0.20234375 0.1921875 0.125
2 0.16953125 0.38125 0.1921875 0.103125
2 0.18125 0.72265625 0.178125 0.1296875
2 0.18125 0.55078125 0.196875 0.109375
2 0.18125 0.209375 0.1921875 0.10625
2 0.19453125 0.8734375 0.18125 0.115625