20 0.209375 0.4953125 0.075 0.11875
20 0.06953125 0.496875 0.0625 0.1375
20 0.33671875 0.5078125 0.075 0.115625
20 0.5109375 0.51640625 0.084375 0.14375
20 0.70078125 0.53046875 0.096875 0.159375
20 0.0890625 0.7703125 0.0671875 0.1328125
20 0.3640625 0.79140625 0.075 0.140625
20 0.23828125 0.7921875 0.0734375 0.1234375
20 0.5359375 0.8203125 0.084375 0.1375
20 0.746875 0.8671875 0.090625 0.16875
20 0.73671875 0.1390625 0.1265625 0.1625
20 0.528125 0.140625 0.0875 0.153125
20 0.32734375 0.15078125 0.08125 0.1359375
20 0.196875 0.16484375 0.078125 0.1453125
20 0.07109375 0.17578125 0.065625 0.14375