23 0.078125 0.26171875 0.12734375 0.17421875
23 0.61875 0.2640625 0.1515625 0.14609375
23 0.25546875 0.26875 0.1109375 0.1640625
23 0.42578125 0.26953125 0.13671875 0.16171875
23 0.8 0.27890625 0.1265625 0.16640625
23 0.63359375 0.46953125 0.14296875 0.15078125
23 0.82265625 0.47578125 0.125 0.13125
23 0.4578125 0.4984375 0.13046875 0.153125
23 0.2875 0.515625 0.14375 0.1640625
23 0.0875 0.53125 0.159375 0.14375
23 0.821875 0.69921875 0.128125 0.13984375
23 0.653125 0.7 0.1359375 0.1421875
23 0.4640625 0.72109375 0.1390625 0.14140625
23 0.284375 0.753125 0.13984375 0.14453125
23 0.09765625 0.75546875 0.1484375 0.1546875