17 0.6640625 0.4734375 0.09375 0.17578125
17 0.53828125 0.48125 0.0953125 0.15
17 0.2625 0.4828125 0.06875 0.12734375
17 0.1328125 0.49375 0.08046875 0.14375
17 0.3859375 0.49921875 0.08515625 0.14765625
17 0.2734375 0.71796875 0.08359375 0.1359375
17 0.15234375 0.71796875 0.078125 0.13125
17 0.41640625 0.73125 0.084375 0.13984375
17 0.5484375 0.740625 0.08828125 0.15
17 0.68203125 0.76328125 0.09140625 0.15546875
17 0.6515625 0.1984375 0.1 0.16171875
17 0.52265625 0.209375 0.08828125 0.15390625
17 0.3953125 0.21796875 0.0890625 0.16015625
17 0.25390625 0.2234375 0.08671875 0.134375
17 0.11953125 0.23359375 0.07890625 0.13671875