14 0.78515625 0.50546875 0.0578125 0.134375
14 0.66875 0.5234375 0.06171875 0.1328125
14 0.54765625 0.53984375 0.06328125 0.12265625
14 0.38828125 0.56640625 0.08046875 0.13359375
14 0.2140625 0.56796875 0.0734375 0.14609375
14 0.796875 0.72265625 0.05703125 0.13046875
14 0.68359375 0.73515625 0.06015625 0.13203125
14 0.55546875 0.76484375 0.06484375 0.12578125
14 0.4171875 0.796875 0.08046875 0.1328125
14 0.21875 0.81875 0.07578125 0.14453125
14 0.20390625 0.13984375 0.07890625 0.15078125
14 0.40234375 0.165625 0.07265625 0.128125
14 0.5734375 0.18125 0.06875 0.13125
14 0.69140625 0.2015625 0.06484375 0.1140625
14 0.78828125 0.20859375 0.06015625 0.11015625