2 0.84609375 0.26875 0.109375 0.1453125
2 0.671875 0.27265625 0.128125 0.153125
2 0.4890625 0.2796875 0.146875 0.1578125
2 0.31015625 0.28046875 0.1046875 0.175
2 0.16015625 0.28984375 0.1046875 0.175
2 0.21796875 0.51796875 0.134375 0.140625
2 0.5109375 0.52734375 0.1125 0.1546875
2 0.36796875 0.5328125 0.10625 0.140625
2 0.67265625 0.5328125 0.1015625 0.159375
2 0.8203125 0.54375 0.10625 0.1640625
2 0.25625 0.71875 0.11875 0.1234375
2 0.53046875 0.7296875 0.0953125 0.115625
2 0.39375 0.73046875 0.103125 0.1140625
2 0.64765625 0.73203125 0.1 0.1265625
2 0.7890625 0.74609375 0.096875 0.121875