19 0.27890625 0.2484375 0.0765625 0.125
19 0.4171875 0.25078125 0.08828125 0.1203125
19 0.14921875 0.25546875 0.07109375 0.1375
19 0.55546875 0.25625 0.09296875 0.13984375
19 0.70390625 0.26640625 0.10703125 0.16484375
19 0.43828125 0.46640625 0.06640625 0.1453125
19 0.58671875 0.46875 0.0953125 0.15546875
19 0.13828125 0.4765625 0.084375 0.14765625
19 0.2859375 0.4796875 0.090625 0.16796875
19 0.746875 0.48125 0.09453125 0.165625
19 0.10390625 0.73984375 0.08984375 0.1703125
19 0.27265625 0.75078125 0.08515625 0.16796875
19 0.44609375 0.7515625 0.0828125 0.2078125
19 0.78671875 0.75703125 0.1109375 0.21328125
19 0.60703125 0.7625 0.10390625 0.209375