28 0.184375 0.27890625 0.065625 0.15078125
28 0.34140625 0.28203125 0.06171875 0.14140625
28 0.5875 0.2890625 0.08046875 0.11875
28 0.47890625 0.28984375 0.06875 0.13984375
28 0.72890625 0.2953125 0.08046875 0.12109375
28 0.29765625 0.528125 0.0671875 0.14609375
28 0.1484375 0.52890625 0.07734375 0.159375
28 0.66640625 0.5375 0.0875 0.14609375
28 0.5515625 0.53828125 0.0796875 0.14375
28 0.434375 0.53984375 0.07578125 0.15234375
28 0.703125 0.77734375 0.10390625 0.16015625
28 0.5625 0.78203125 0.09375 0.14296875
28 0.11328125 0.7828125 0.07421875 0.171875
28 0.2625 0.79453125 0.071875 0.15625
28 0.4296875 0.7953125 0.08515625 0.1703125