19 0.67890625 0.471875 0.11328125 0.15703125
19 0.5125 0.48125 0.1265625 0.17109375
19 0.32890625 0.48671875 0.13125 0.1578125
19 0.8390625 0.4921875 0.096875 0.16484375
19 0.13984375 0.49375 0.11171875 0.16640625
19 0.66015625 0.77109375 0.115625 0.15078125
19 0.4875 0.7734375 0.1171875 0.1578125
19 0.834375 0.784375 0.11796875 0.17265625
19 0.13203125 0.78515625 0.11875 0.15625
19 0.3125 0.78515625 0.12578125 0.16796875
19 0.6828125 0.19140625 0.11015625 0.14140625
19 0.14921875 0.19296875 0.11015625 0.1453125
19 0.50546875 0.19296875 0.1234375 0.1640625
19 0.32734375 0.19609375 0.1265625 0.165625
19 0.83515625 0.2015625 0.1015625 0.1578125