30 0.27890625 0.478125 0.09140625 0.128125
30 0.1375 0.48203125 0.1078125 0.14921875
30 0.825 0.490625 0.1 0.1203125
30 0.68203125 0.49296875 0.09609375 0.10390625
30 0.51171875 0.5 0.096875 0.13515625
30 0.1015625 0.74921875 0.08984375 0.12109375
30 0.2609375 0.7671875 0.09375 0.128125
30 0.6359375 0.775 0.1078125 0.1375
30 0.82421875 0.77890625 0.11640625 0.13515625
30 0.44921875 0.77890625 0.09609375 0.13203125
30 0.1453125 0.1625 0.09375 0.1015625
30 0.68828125 0.18359375 0.09453125 0.115625
30 0.30859375 0.1859375 0.10390625 0.12265625
30 0.50625 0.1890625 0.11171875 0.12109375
30 0.825 0.19921875 0.08671875 0.1234375