24 0.66875 0.4484375 0.1015625 0.1546875
24 0.82890625 0.45078125 0.1109375 0.15390625
24 0.51015625 0.45625 0.0984375 0.16640625
24 0.3578125 0.475 0.10078125 0.16640625
24 0.17734375 0.49375 0.09765625 0.16640625
24 0.840625 0.7328125 0.0953125 0.1703125
24 0.68828125 0.73984375 0.1015625 0.16015625
24 0.5140625 0.78203125 0.1078125 0.15859375
24 0.35546875 0.80390625 0.1109375 0.1671875
24 0.18359375 0.81875 0.11328125 0.15625
24 0.66796875 0.18125 0.096875 0.1625
24 0.82421875 0.1828125 0.0859375 0.17421875
24 0.50703125 0.18515625 0.1015625 0.17578125
24 0.36171875 0.1875 0.10390625 0.1828125
24 0.178125 0.19140625 0.096875 0.17890625