7 0.6203125 0.4546875 0.07734375 0.14609375
7 0.76953125 0.45703125 0.08046875 0.15
7 0.18359375 0.46015625 0.09140625 0.165625
7 0.3265625 0.4625 0.0828125 0.13828125
7 0.459375 0.47265625 0.0703125 0.13984375
7 0.78671875 0.709375 0.0859375 0.14609375
7 0.62734375 0.71875 0.07734375 0.15625
7 0.18046875 0.72578125 0.0875 0.165625
7 0.4703125 0.73046875 0.08125 0.15625
7 0.32734375 0.73515625 0.0921875 0.15546875
7 0.7734375 0.18203125 0.0765625 0.16015625
7 0.196875 0.184375 0.07109375 0.128125
7 0.60703125 0.18515625 0.07578125 0.1578125
7 0.4765625 0.1859375 0.0828125 0.14921875
7 0.33046875 0.190625 0.06328125 0.1578125