30 0.25859375 0.2421875 0.1390625 0.15859375
30 0.09140625 0.2515625 0.096875 0.15703125
30 0.85 0.4671875 0.1015625 0.1515625
30 0.70390625 0.48125 0.11171875 0.1453125
30 0.55 0.51171875 0.14453125 0.178125
30 0.36875 0.51640625 0.1078125 0.18359375
30 0.19765625 0.51875 0.1203125 0.165625
30 0.1390625 0.73359375 0.125 0.17578125
30 0.834375 0.75078125 0.1203125 0.178125
30 0.69296875 0.75234375 0.11484375 0.16171875
30 0.5265625 0.7625 0.12578125 0.171875
30 0.35078125 0.7625 0.12109375 0.16328125
30 0.58203125 0.23046875 0.11015625 0.1390625
30 0.43359375 0.234375 0.1078125 0.153125
30 0.740625 0.23515625 0.11015625 0.15390625