12 0.7379807692307693 0.4567307692307692 0.06370192307692307 0.1502403846153846
12 0.6358173076923077 0.4579326923076923 0.06129807692307692 0.13822115384615385
12 0.5120192307692307 0.4831730769230769 0.06370192307692307 0.140625
12 0.3629807692307692 0.484375 0.07572115384615384 0.15985576923076922
12 0.19831730769230768 0.5060096153846154 0.08413461538461539 0.1875
12 0.7415865384615384 0.6310096153846154 0.051682692307692304 0.0985576923076923
12 0.6526442307692307 0.6550480769230769 0.06610576923076923 0.11177884615384616
12 0.5300480769230769 0.6899038461538461 0.05889423076923077 0.11778846153846154
12 0.38221153846153844 0.7295673076923077 0.0673076923076923 0.13822115384615385
12 0.2127403846153846 0.78125 0.10336538461538461 0.13341346153846154
12 0.3737980769230769 0.17427884615384615 0.0889423076923077 0.1814903846153846
12 0.5252403846153846 0.18028846153846154 0.0673076923076923 0.1935096153846154
12 0.19471153846153846 0.18028846153846154 0.10336538461538461 0.21394230769230768
12 0.6418269230769231 0.1971153846153846 0.06610576923076923 0.18870192307692307
12 0.7620192307692307 0.19951923076923078 0.051682692307692304 0.15264423076923078