13 0.55703125 0.665625 0.1546875 0.1015625
13 0.553125 0.82578125 0.153125 0.1109375
13 0.5515625 0.50859375 0.165625 0.0984375
13 0.5328125 0.35625 0.165625 0.1
13 0.5140625 0.17578125 0.165625 0.096875
13 0.2765625 0.8390625 0.1703125 0.0953125
13 0.2671875 0.68671875 0.159375 0.1015625
13 0.22578125 0.51015625 0.159375 0.1078125
13 0.19765625 0.353125 0.1671875 0.1109375
13 0.19375 0.1828125 0.15625 0.1125
13 0.8265625 0.66484375 0.1625 0.096875
13 0.8234375 0.8203125 0.175 0.0859375
13 0.821875 0.5015625 0.175 0.1015625
13 0.81640625 0.35625 0.1828125 0.103125
13 0.80859375 0.178125 0.178125 0.096875