19 0.653125 0.25078125 0.1078125 0.15546875
19 0.50546875 0.2609375 0.09453125 0.134375
19 0.38125 0.2875 0.08984375 0.1421875
19 0.25078125 0.31015625 0.090625 0.13828125
19 0.13828125 0.33203125 0.0640625 0.125
19 0.765625 0.478125 0.11171875 0.1671875
19 0.615625 0.50390625 0.1 0.14921875
19 0.4765625 0.53671875 0.12109375 0.1703125
19 0.2046875 0.54921875 0.08359375 0.1453125
19 0.3296875 0.55078125 0.0828125 0.16796875
19 0.15859375 0.734375 0.08515625 0.15625
19 0.3109375 0.77265625 0.08515625 0.1546875
19 0.60703125 0.778125 0.109375 0.1734375
19 0.45390625 0.784375 0.11015625 0.17734375
19 0.75390625 0.79296875 0.12890625 0.19765625