20 0.2046875 0.35390625 0.10625 0.17109375
20 0.3234375 0.36875 0.09140625 0.1453125
20 0.646875 0.38046875 0.1109375 0.18515625
20 0.5046875 0.38125 0.0984375 0.1796875
20 0.7671875 0.39140625 0.11640625 0.20078125
20 0.80078125 0.659375 0.1109375 0.2
20 0.15859375 0.66796875 0.11875 0.20625
20 0.484375 0.6734375 0.11171875 0.190625
20 0.65859375 0.678125 0.11640625 0.22734375
20 0.315625 0.6828125 0.1125 0.20546875
20 0.6296875 0.1234375 0.0921875 0.153125
20 0.7484375 0.128125 0.10234375 0.16640625
20 0.24375 0.13046875 0.09921875 0.15703125
20 0.496875 0.13125 0.103125 0.17578125
20 0.36171875 0.13828125 0.10625 0.17578125