8 0.259375 0.7125 0.1640625 0.06875
8 0.27578125 0.809375 0.159375 0.0625
8 0.509375 0.81953125 0.128125 0.0484375
8 0.51015625 0.6125 0.18125 0.071875
8 0.51640625 0.45546875 0.2078125 0.0734375
8 0.51796875 0.284375 0.2125 0.0875
8 0.51953125 0.72734375 0.1625 0.0609375
8 0.740625 0.81875 0.146875 0.046875
8 0.759375 0.7234375 0.146875 0.053125
8 0.78125 0.60625 0.153125 0.0625
8 0.80546875 0.46953125 0.184375 0.08125
8 0.84375 0.31171875 0.2125 0.1015625
8 0.15625 0.26171875 0.2125 0.090625
8 0.203125 0.44296875 0.196875 0.0875
8 0.23125 0.59296875 0.19375 0.0859375