24 0.28984375 0.33359375 0.1828125 0.1234375
24 0.29375 0.184375 0.159375 0.090625
24 0.309375 0.490625 0.2078125 0.0953125
24 0.3359375 0.63984375 0.18125 0.121875
24 0.34765625 0.83828125 0.175 0.090625
24 0.61171875 0.29765625 0.16875 0.1015625
24 0.6140625 0.43359375 0.178125 0.1109375
24 0.61953125 0.171875 0.159375 0.096875
24 0.6203125 0.63046875 0.1625 0.1265625
24 0.6265625 0.7921875 0.165625 0.1140625
24 0.83984375 0.43359375 0.125 0.103125
24 0.846875 0.7515625 0.134375 0.1125
24 0.85390625 0.5890625 0.1203125 0.096875
24 0.85390625 0.18046875 0.1203125 0.08125
24 0.859375 0.2953125 0.121875 0.090625