32 0.43515625 0.2375 0.07734375 0.14375
32 0.28046875 0.2390625 0.07265625 0.12890625
32 0.16015625 0.2421875 0.07578125 0.13046875
32 0.7421875 0.4765625 0.10625 0.14296875
32 0.59140625 0.490625 0.08984375 0.12734375
32 0.1078125 0.4921875 0.06875 0.12734375
32 0.43046875 0.5 0.08671875 0.13828125
32 0.2015625 0.50546875 0.0625 0.1203125
32 0.1015625 0.7453125 0.0640625 0.13359375
32 0.21484375 0.7671875 0.071875 0.13515625
32 0.7 0.775 0.103125 0.15078125
32 0.53828125 0.7765625 0.0890625 0.14375
32 0.35625 0.79375 0.0796875 0.1359375
32 0.72578125 0.18671875 0.09140625 0.15546875
32 0.596875 0.1953125 0.090625 0.140625