13 0.41640625 0.765625 0.14375 0.071875
13 0.4171875 0.8515625 0.1265625 0.0625
13 0.42734375 0.66484375 0.1359375 0.075
13 0.4390625 0.51796875 0.1625 0.115625
13 0.46171875 0.33671875 0.1890625 0.1421875
13 0.62421875 0.83671875 0.1359375 0.065625
13 0.64921875 0.7484375 0.1421875 0.078125
13 0.66328125 0.6546875 0.14375 0.0875
13 0.69765625 0.51796875 0.165625 0.115625
13 0.75234375 0.3375 0.209375 0.14375
13 0.19453125 0.35234375 0.221875 0.13125
13 0.196875 0.5328125 0.1828125 0.109375
13 0.21171875 0.68125 0.171875 0.06875
13 0.21953125 0.784375 0.140625 0.0703125
13 0.2265625 0.87109375 0.1390625 0.0515625