3 0.38341346153846156 0.23677884615384615 0.06370192307692307 0.14423076923076922
3 0.19951923076923078 0.24158653846153846 0.0673076923076923 0.15504807692307693
3 0.7379807692307693 0.24639423076923078 0.04447115384615385 0.12620192307692307
3 0.6538461538461539 0.4795673076923077 0.04567307692307692 0.14903846153846154
3 0.7596153846153846 0.484375 0.040865384615384616 0.125
3 0.5336538461538461 0.49158653846153844 0.046875 0.14302884615384615
3 0.39663461538461536 0.5108173076923077 0.06009615384615385 0.14423076923076922
3 0.20793269230769232 0.546875 0.08413461538461539 0.1658653846153846
3 0.7572115384615384 0.7055288461538461 0.04807692307692308 0.13822115384615385
3 0.6574519230769231 0.7235576923076923 0.055288461538461536 0.12860576923076922
3 0.5444711538461539 0.7415865384615384 0.06009615384615385 0.13822115384615385
3 0.4050480769230769 0.8028846153846154 0.0625 0.1466346153846154
3 0.22596153846153846 0.8509615384615384 0.07091346153846154 0.15264423076923078
3 0.5252403846153846 0.21875 0.057692307692307696 0.12980769230769232
3 0.6346153846153846 0.23076923076923078 0.052884615384615384 0.13822115384615385