28 0.36015625 0.2390625 0.078125 0.18125
28 0.52578125 0.25703125 0.0796875 0.1796875
28 0.65859375 0.26171875 0.084375 0.1625
28 0.828125 0.27890625 0.0765625 0.15859375
28 0.1734375 0.5390625 0.08125 0.1734375
28 0.33203125 0.5484375 0.07421875 0.15859375
28 0.4796875 0.559375 0.0765625 0.1625
28 0.6046875 0.56796875 0.08203125 0.1609375
28 0.73046875 0.57109375 0.0859375 0.16171875
28 0.17265625 0.8046875 0.08359375 0.1703125
28 0.7421875 0.80859375 0.08671875 0.13828125
28 0.31640625 0.809375 0.07421875 0.1421875
28 0.60625 0.8109375 0.084375 0.1421875
28 0.47578125 0.8171875 0.08359375 0.15546875
28 0.1765625 0.2296875 0.08125 0.2046875