21 0.1859375 0.25703125 0.1453125 0.2546875
21 0.43203125 0.2734375 0.121875 0.1921875
21 0.62421875 0.2921875 0.08828125 0.159375
21 0.7640625 0.33046875 0.06875 0.15703125
21 0.89609375 0.3484375 0.0640625 0.140625
21 0.6234375 0.53515625 0.090625 0.146875
21 0.88984375 0.54140625 0.0515625 0.1265625
21 0.77734375 0.5484375 0.0671875 0.13984375
21 0.4296875 0.55625 0.11328125 0.165625
21 0.165625 0.58046875 0.146875 0.21875
21 0.8640625 0.72265625 0.04609375 0.115625
21 0.7703125 0.73984375 0.05625 0.10390625
21 0.61328125 0.75 0.08125 0.1328125
21 0.42421875 0.78984375 0.10625 0.13828125
21 0.19296875 0.85 0.14375 0.16953125