5 0.59375 0.48125 0.1140625 0.075
5 0.5890625 0.62890625 0.109375 0.0765625
5 0.58125 0.7859375 0.1203125 0.075
5 0.5703125 0.33125 0.1328125 0.078125
5 0.55859375 0.1921875 0.125 0.06875
5 0.34296875 0.6234375 0.1125 0.0640625
5 0.33828125 0.4953125 0.1125 0.06875
5 0.3359375 0.34453125 0.10625 0.071875
5 0.3265625 0.76015625 0.1078125 0.06875
5 0.32109375 0.2109375 0.1140625 0.0640625
5 0.83515625 0.3265625 0.134375 0.075
5 0.83515625 0.16328125 0.125 0.078125
5 0.83125 0.49375 0.1265625 0.084375
5 0.8234375 0.659375 0.13125 0.06875
5 0.81796875 0.828125 0.1390625 0.075