15 0.5612980769230769 0.2536057692307692 0.08774038461538461 0.125
15 0.6983173076923077 0.2548076923076923 0.09014423076923077 0.125
15 0.14543269230769232 0.2548076923076923 0.12740384615384615 0.13942307692307693
15 0.4375 0.25841346153846156 0.08533653846153846 0.11658653846153846
15 0.3004807692307692 0.2608173076923077 0.09495192307692307 0.12980769230769232
15 0.5997596153846154 0.4639423076923077 0.09014423076923077 0.13942307692307693
15 0.46274038461538464 0.47115384615384615 0.09495192307692307 0.140625
15 0.14302884615384615 0.47115384615384615 0.09375 0.13581730769230768
15 0.7295673076923077 0.47716346153846156 0.08413461538461539 0.14302884615384615
15 0.31490384615384615 0.48197115384615385 0.09975961538461539 0.13942307692307693
15 0.6262019230769231 0.7079326923076923 0.1045673076923077 0.15745192307692307
15 0.4675480769230769 0.7127403846153846 0.10576923076923077 0.14903846153846154
15 0.29447115384615385 0.7271634615384616 0.1045673076923077 0.14903846153846154
15 0.13341346153846154 0.7271634615384616 0.08533653846153846 0.1502403846153846
15 0.7740384615384616 0.7403846153846154 0.07932692307692307 0.12860576923076922