4 0.25390625 0.79609375 0.1484375 0.0640625
4 0.28359375 0.90703125 0.153125 0.053125
4 0.47890625 0.4921875 0.15625 0.08125
4 0.48515625 0.646875 0.1453125 0.08125
4 0.4875 0.28984375 0.1859375 0.10625
4 0.5140625 0.796875 0.146875 0.065625
4 0.51875 0.9078125 0.1265625 0.0546875
4 0.75703125 0.89765625 0.125 0.0625
4 0.76328125 0.7890625 0.15 0.0625
4 0.76484375 0.47109375 0.18125 0.084375
4 0.76640625 0.65 0.1484375 0.0734375
4 0.79765625 0.303125 0.1875 0.103125
4 0.1890625 0.2875 0.19375 0.13125
4 0.1921875 0.4984375 0.1625 0.08125
4 0.23203125 0.66328125 0.165625 0.075