15 0.79765625 0.26328125 0.0875 0.12109375
15 0.35234375 0.27265625 0.08125 0.13359375
15 0.678125 0.27421875 0.09609375 0.13359375
15 0.20703125 0.27578125 0.08515625 0.13125
15 0.540625 0.27890625 0.084375 0.12890625
15 0.8765625 0.4546875 0.10078125 0.14140625
15 0.75390625 0.4609375 0.0984375 0.13359375
15 0.62578125 0.47890625 0.08515625 0.1359375
15 0.50234375 0.5015625 0.084375 0.13203125
15 0.165625 0.51328125 0.0828125 0.13125
15 0.81796875 0.6859375 0.09765625 0.13984375
15 0.68828125 0.69609375 0.11015625 0.1453125
15 0.5296875 0.70546875 0.09453125 0.1453125
15 0.3828125 0.725 0.103125 0.15234375
15 0.1515625 0.75703125 0.09140625 0.17421875