19 0.2620192307692308 0.3329326923076923 0.08533653846153846 0.13341346153846154
19 0.4254807692307692 0.33413461538461536 0.09375 0.1201923076923077
19 0.12740384615384615 0.33413461538461536 0.09375 0.15985576923076922
19 0.5829326923076923 0.3449519230769231 0.09615384615384616 0.12860576923076922
19 0.7151442307692307 0.3449519230769231 0.0829326923076923 0.1346153846153846
19 0.27524038461538464 0.5300480769230769 0.09735576923076923 0.12740384615384615
19 0.4230769230769231 0.5300480769230769 0.11177884615384616 0.12740384615384615
19 0.6117788461538461 0.53125 0.1201923076923077 0.12860576923076922
19 0.7776442307692307 0.5384615384615384 0.09735576923076923 0.11899038461538461
19 0.11177884615384616 0.5384615384615384 0.09735576923076923 0.13822115384615385
19 0.4879807692307692 0.7007211538461539 0.11778846153846154 0.1201923076923077
19 0.30288461538461536 0.7103365384615384 0.11177884615384616 0.125
19 0.6658653846153846 0.7151442307692307 0.11658653846153846 0.12620192307692307
19 0.11057692307692307 0.71875 0.11298076923076923 0.14182692307692307
19 0.8161057692307693 0.7271634615384616 0.09495192307692307 0.1310096153846154