17 0.43509615384615385 0.33413461538461536 0.09254807692307693 0.21634615384615385
17 0.5853365384615384 0.3401442307692308 0.11177884615384616 0.2283653846153846
17 0.2668269230769231 0.3485576923076923 0.11298076923076923 0.21995192307692307
17 0.7548076923076923 0.34975961538461536 0.109375 0.23677884615384615
17 0.1045673076923077 0.3581730769230769 0.11899038461538461 0.22115384615384615
17 0.44591346153846156 0.6117788461538461 0.09375 0.16346153846153846
17 0.5985576923076923 0.6189903846153846 0.09735576923076923 0.16826923076923078
17 0.3088942307692308 0.6213942307692307 0.09375 0.16346153846153846
17 0.15264423076923078 0.6274038461538461 0.10216346153846154 0.1658653846153846
17 0.7379807692307693 0.6382211538461539 0.09014423076923077 0.18870192307692307
17 0.1875 0.8293269230769231 0.08413461538461539 0.12740384615384615
17 0.3293269230769231 0.8329326923076923 0.10576923076923077 0.13221153846153846
17 0.4579326923076923 0.8389423076923077 0.078125 0.15745192307692307
17 0.7427884615384616 0.8401442307692307 0.08533653846153846 0.15865384615384615
17 0.5877403846153846 0.8449519230769231 0.07451923076923077 0.13942307692307693