50 0.2359375 0.25234375 0.05703125 0.17421875
50 0.10703125 0.275 0.053125 0.14375
50 0.4875 0.484375 0.07734375 0.18125
50 0.6359375 0.4875 0.09765625 0.1734375
50 0.0921875 0.490625 0.0484375 0.125
50 0.35234375 0.49296875 0.0578125 0.17421875
50 0.209375 0.4984375 0.05390625 0.14609375
50 0.06953125 0.72109375 0.06015625 0.1515625
50 0.1953125 0.74765625 0.06171875 0.1390625
50 0.328125 0.7578125 0.0578125 0.159375
50 0.6703125 0.77109375 0.1078125 0.175
50 0.48046875 0.775 0.07890625 0.16015625
50 0.69453125 0.18359375 0.0984375 0.23828125
50 0.52890625 0.203125 0.07890625 0.2
50 0.36640625 0.228125 0.07578125 0.17578125