21 0.56328125 0.840625 0.121875 0.11875
21 0.5609375 0.66015625 0.128125 0.1078125
21 0.55234375 0.478125 0.1375 0.103125
21 0.52734375 0.3 0.159375 0.109375
21 0.5046875 0.11328125 0.171875 0.09375
21 0.21015625 0.6625 0.203125 0.1171875
21 0.20234375 0.86875 0.225 0.115625
21 0.184375 0.47109375 0.209375 0.1
21 0.17734375 0.2609375 0.2125 0.103125
21 0.15546875 0.07734375 0.228125 0.08125
21 0.8140625 0.78671875 0.1171875 0.1
21 0.8125 0.628125 0.11875 0.109375
21 0.8078125 0.46875 0.10625 0.09375
21 0.79921875 0.33828125 0.103125 0.096875
21 0.78203125 0.15234375 0.125 0.0859375