50 0.8078125 0.43046875 0.07421875 0.11796875
50 0.675 0.440625 0.07109375 0.13984375
50 0.521875 0.45 0.0765625 0.12890625
50 0.328125 0.46875 0.0921875 0.1640625
50 0.15390625 0.47265625 0.08359375 0.1578125
50 0.83359375 0.678125 0.08046875 0.13046875
50 0.68671875 0.68125 0.06640625 0.13046875
50 0.5265625 0.70234375 0.07421875 0.16015625
50 0.31328125 0.7203125 0.0734375 0.1375
50 0.14921875 0.74296875 0.0765625 0.16015625
50 0.81796875 0.18828125 0.08515625 0.11640625
50 0.68046875 0.19765625 0.0640625 0.1390625
50 0.53984375 0.1984375 0.09765625 0.16015625
50 0.3515625 0.2078125 0.11953125 0.175
50 0.16796875 0.21015625 0.10078125 0.14140625