2 0.46033653846153844 0.4987980769230769 0.0625 0.171875
2 0.33052884615384615 0.5060096153846154 0.06610576923076923 0.17908653846153846
2 0.5865384615384616 0.5060096153846154 0.06610576923076923 0.1971153846153846
2 0.11057692307692307 0.5108173076923077 0.05889423076923077 0.16346153846153846
2 0.21875 0.5120192307692307 0.05889423076923077 0.1814903846153846
2 0.11658653846153846 0.78125 0.0733173076923077 0.18629807692307693
2 0.2091346153846154 0.7824519230769231 0.06490384615384616 0.19471153846153846
2 0.4579326923076923 0.7860576923076923 0.07091346153846154 0.1622596153846154
2 0.3233173076923077 0.796875 0.07091346153846154 0.18990384615384615
2 0.5913461538461539 0.8076923076923077 0.07572115384615384 0.1935096153846154
2 0.5901442307692307 0.1346153846153846 0.08052884615384616 0.20192307692307693
2 0.4519230769230769 0.15144230769230768 0.0733173076923077 0.17548076923076922
2 0.32572115384615385 0.1814903846153846 0.0733173076923077 0.15865384615384615
2 0.21634615384615385 0.2091346153846154 0.054086538461538464 0.15865384615384615
2 0.10817307692307693 0.2247596153846154 0.05889423076923077 0.16947115384615385