13 0.11484375 0.2390625 0.17578125 0.2
13 0.14375 0.5140625 0.1375 0.1890625
13 0.48828125 0.51484375 0.11015625 0.1765625
13 0.31015625 0.51796875 0.11484375 0.1734375
13 0.67578125 0.52421875 0.12109375 0.2
13 0.8625 0.5296875 0.0984375 0.1921875
13 0.196875 0.73125 0.12421875 0.12890625
13 0.328125 0.7359375 0.0765625 0.13828125
13 0.47265625 0.7453125 0.10703125 0.1296875
13 0.65390625 0.75546875 0.1453125 0.13984375
13 0.8328125 0.76171875 0.08671875 0.14296875
13 0.49140625 0.22109375 0.1171875 0.2015625
13 0.6890625 0.22265625 0.1234375 0.20390625
13 0.88203125 0.225 0.10703125 0.209375
13 0.3015625 0.22578125 0.11875 0.1921875