23 0.31484375 0.33984375 0.1203125 0.11875
23 0.4640625 0.346875 0.11875 0.128125
23 0.1640625 0.346875 0.1046875 0.14296875
23 0.76484375 0.35859375 0.0984375 0.1234375
23 0.61328125 0.3609375 0.10546875 0.12734375
23 0.77890625 0.50625 0.1046875 0.09296875
23 0.46875 0.5140625 0.1203125 0.10390625
23 0.6390625 0.5171875 0.115625 0.08203125
23 0.334375 0.525 0.115625 0.10703125
23 0.18359375 0.53984375 0.11171875 0.14140625
23 0.58828125 0.69375 0.12109375 0.10546875
23 0.32265625 0.70234375 0.128125 0.09921875
23 0.4578125 0.70390625 0.11328125 0.11171875
23 0.7359375 0.71015625 0.125 0.11015625
23 0.184375 0.715625 0.09921875 0.1109375