15 0.81796875 0.325 0.08203125 0.153125
15 0.684375 0.334375 0.09296875 0.15625
15 0.32578125 0.33671875 0.1015625 0.1484375
15 0.1625 0.34453125 0.10078125 0.1546875
15 0.5328125 0.34609375 0.08828125 0.14921875
15 0.8515625 0.5390625 0.08515625 0.1359375
15 0.734375 0.54140625 0.08671875 0.11640625
15 0.609375 0.55625 0.07578125 0.12734375
15 0.4890625 0.57265625 0.07421875 0.125
15 0.1796875 0.59765625 0.0890625 0.125
15 0.75546875 0.71953125 0.07265625 0.10703125
15 0.64453125 0.72578125 0.084375 0.11328125
15 0.5171875 0.740625 0.07421875 0.109375
15 0.39609375 0.7546875 0.09375 0.115625
15 0.21015625 0.77578125 0.08984375 0.12578125