2 0.725 0.4734375 0.06953125 0.1953125
2 0.55234375 0.475 0.0546875 0.1578125
2 0.43046875 0.484375 0.0515625 0.14296875
2 0.1953125 0.48515625 0.05703125 0.1375
2 0.32109375 0.49375 0.05390625 0.128125
2 0.1890625 0.759375 0.0484375 0.12421875
2 0.3296875 0.77578125 0.05859375 0.13671875
2 0.4625 0.77734375 0.05078125 0.1609375
2 0.6 0.7890625 0.04921875 0.1671875
2 0.75859375 0.8234375 0.06328125 0.184375
2 0.70625 0.15703125 0.0734375 0.153125
2 0.53828125 0.175 0.065625 0.16328125
2 0.415625 0.2015625 0.05703125 0.15078125
2 0.30234375 0.215625 0.0546875 0.1421875
2 0.19609375 0.23359375 0.04609375 0.128125