82 0.609375 0.2609375 0.0734375 0.1640625
82 0.73046875 0.2984375 0.05703125 0.14921875
82 0.81328125 0.31953125 0.040625 0.14453125
82 0.4578125 0.50625 0.0953125 0.16796875
82 0.59296875 0.50859375 0.0859375 0.159375
82 0.821875 0.51015625 0.03984375 0.10625
82 0.7296875 0.5125 0.06015625 0.125
82 0.2640625 0.5203125 0.134375 0.2109375
82 0.7453125 0.67734375 0.05859375 0.11171875
82 0.828125 0.678125 0.04140625 0.0984375
82 0.63203125 0.68984375 0.08125 0.12109375
82 0.484375 0.71953125 0.09921875 0.125
82 0.27421875 0.7671875 0.14453125 0.17265625
82 0.27109375 0.1796875 0.125 0.278125
82 0.446875 0.22890625 0.0984375 0.20234375