17 0.3421875 0.23671875 0.096875 0.1671875
17 0.1671875 0.23828125 0.08984375 0.175
17 0.61484375 0.51953125 0.0765625 0.125
17 0.3546875 0.52109375 0.0859375 0.14140625
17 0.19765625 0.5234375 0.08984375 0.14140625
17 0.48671875 0.5234375 0.07578125 0.12890625
17 0.7421875 0.5265625 0.084375 0.134375
17 0.74765625 0.7234375 0.07109375 0.11328125
17 0.64140625 0.728125 0.08046875 0.1234375
17 0.5015625 0.73671875 0.0734375 0.12109375
17 0.37578125 0.7390625 0.075 0.1125
17 0.21328125 0.74765625 0.075 0.11875
17 0.625 0.21953125 0.08203125 0.1640625
17 0.75234375 0.22421875 0.08359375 0.146875
17 0.4875 0.2296875 0.09453125 0.1625