34 0.1640625 0.47109375 0.0859375 0.159375
34 0.340625 0.4734375 0.09375 0.13125
34 0.509375 0.496875 0.09609375 0.14921875
34 0.8140625 0.5015625 0.09921875 0.1359375
34 0.66015625 0.50546875 0.09375 0.134375
34 0.1375 0.7640625 0.09609375 0.190625
34 0.3046875 0.784375 0.09609375 0.14609375
34 0.47265625 0.7890625 0.10078125 0.1515625
34 0.6359375 0.79453125 0.10234375 0.1671875
34 0.8078125 0.796875 0.10859375 0.1375
34 0.6578125 0.18125 0.0859375 0.12109375
34 0.52265625 0.18203125 0.07734375 0.1140625
34 0.365625 0.18359375 0.08359375 0.1265625
34 0.1828125 0.1875 0.10234375 0.153125
34 0.78671875 0.1921875 0.08828125 0.12109375