13 0.59765625 0.81953125 0.1078125 0.053125
13 0.584375 0.71171875 0.134375 0.0625
13 0.5453125 0.57890625 0.15 0.084375
13 0.5375 0.43515625 0.15625 0.1078125
13 0.48828125 0.23828125 0.190625 0.1328125
13 0.39296875 0.80703125 0.1125 0.05
13 0.36171875 0.70703125 0.115625 0.06875
13 0.309375 0.57265625 0.13125 0.078125
13 0.2546875 0.42734375 0.190625 0.09375
13 0.16640625 0.240625 0.175 0.1125
13 0.80234375 0.2359375 0.19375 0.15
13 0.80234375 0.43671875 0.165625 0.1015625
13 0.79375 0.5890625 0.1578125 0.0890625
13 0.7796875 0.834375 0.128125 0.0609375
13 0.7703125 0.72421875 0.165625 0.08125