10 0.83671875 0.3046875 0.10390625 0.14140625
10 0.328125 0.315625 0.11796875 0.1265625
10 0.65546875 0.3171875 0.11015625 0.12421875
10 0.49765625 0.31796875 0.10703125 0.1453125
10 0.15078125 0.32109375 0.1171875 0.1609375
10 0.875 0.52109375 0.0953125 0.11875
10 0.72109375 0.521875 0.1125 0.1203125
10 0.5421875 0.54453125 0.10859375 0.13203125
10 0.34921875 0.5515625 0.10703125 0.1328125
10 0.1703125 0.5671875 0.1203125 0.1546875
10 0.8625 0.72578125 0.078125 0.1171875
10 0.725 0.740625 0.09921875 0.12890625
10 0.5453125 0.753125 0.1140625 0.121875
10 0.36484375 0.76328125 0.10390625 0.128125
10 0.18125 0.77265625 0.09921875 0.15546875