18 0.578125 0.28515625 0.09140625 0.12265625
18 0.73046875 0.290625 0.1046875 0.128125
18 0.4390625 0.29140625 0.08125 0.115625
18 0.30703125 0.2921875 0.0734375 0.1171875
18 0.178125 0.29609375 0.0765625 0.1015625
18 0.57734375 0.490625 0.10859375 0.11953125
18 0.409375 0.4953125 0.08984375 0.12890625
18 0.14375 0.496875 0.0734375 0.1265625
18 0.2640625 0.50234375 0.0890625 0.1375
18 0.7671875 0.50390625 0.10234375 0.13125
18 0.11484375 0.696875 0.0828125 0.159375
18 0.565625 0.7078125 0.0953125 0.17578125
18 0.775 0.7078125 0.11484375 0.18203125
18 0.2390625 0.7109375 0.09140625 0.16875
18 0.40625 0.7109375 0.0875 0.18359375