7 0.6622596153846154 0.23677884615384615 0.10096153846153846 0.13822115384615385
7 0.8040865384615384 0.23677884615384615 0.08774038461538461 0.13341346153846154
7 0.5240384615384616 0.47716346153846156 0.09975961538461539 0.14783653846153846
7 0.6899038461538461 0.4795673076923077 0.10697115384615384 0.15264423076923078
7 0.1778846153846154 0.48197115384615385 0.1346153846153846 0.1778846153846154
7 0.8341346153846154 0.4831730769230769 0.08774038461538461 0.12740384615384615
7 0.3581730769230769 0.4891826923076923 0.11057692307692307 0.15264423076923078
7 0.8269230769230769 0.7139423076923077 0.09254807692307693 0.140625
7 0.6862980769230769 0.7223557692307693 0.09615384615384616 0.16346153846153846
7 0.5420673076923077 0.7427884615384616 0.10817307692307693 0.15264423076923078
7 0.38221153846153844 0.7740384615384616 0.12379807692307693 0.15504807692307693
7 0.17067307692307693 0.8004807692307693 0.11057692307692307 0.1971153846153846
7 0.1778846153846154 0.21995192307692307 0.12139423076923077 0.1814903846153846
7 0.5048076923076923 0.22596153846153846 0.10096153846153846 0.16947115384615385
7 0.3473557692307692 0.23317307692307693 0.1045673076923077 0.16826923076923078