0 0.7367788461538461 0.4074519230769231 0.07211538461538461 0.12860576923076922
0 0.6225961538461539 0.4266826923076923 0.0889423076923077 0.14543269230769232
0 0.8329326923076923 0.43509615384615385 0.06971153846153846 0.13701923076923078
0 0.49038461538461536 0.45913461538461536 0.10697115384615384 0.1875
0 0.3125 0.5048076923076923 0.13341346153846154 0.20192307692307693
0 0.8617788461538461 0.6526442307692307 0.07451923076923077 0.1346153846153846
0 0.7716346153846154 0.6646634615384616 0.08413461538461539 0.15745192307692307
0 0.6550480769230769 0.6995192307692307 0.10817307692307693 0.18509615384615385
0 0.5144230769230769 0.7572115384615384 0.11538461538461539 0.18269230769230768
0 0.3401442307692308 0.8221153846153846 0.15144230769230768 0.25240384615384615
0 0.27163461538461536 0.1622596153846154 0.12860576923076922 0.18389423076923078
0 0.44471153846153844 0.16947115384615385 0.10336538461538461 0.14783653846153846
0 0.7079326923076923 0.17307692307692307 0.078125 0.125
0 0.5853365384615384 0.17427884615384615 0.08413461538461539 0.13822115384615385
0 0.8040865384615384 0.20192307692307693 0.07091346153846154 0.125