11 0.18203125 0.3890625 0.07578125 0.16484375
11 0.37421875 0.390625 0.06875 0.14140625
11 0.7984375 0.4015625 0.08125 0.14296875
11 0.534375 0.40546875 0.06796875 0.15078125
11 0.66796875 0.41171875 0.06953125 0.134375
11 0.72109375 0.7 0.0890625 0.1609375
11 0.85234375 0.70078125 0.07265625 0.1625
11 0.540625 0.7078125 0.0875 0.15703125
11 0.35 0.7359375 0.078125 0.15234375
11 0.134375 0.75546875 0.07421875 0.17734375
11 0.203125 0.17265625 0.07578125 0.15625
11 0.534375 0.18671875 0.07421875 0.15078125
11 0.78046875 0.1890625 0.0875 0.1375
11 0.659375 0.19140625 0.0703125 0.14609375
11 0.36640625 0.1921875 0.07421875 0.14375