15 0.7 0.43671875 0.0953125 0.15625
15 0.5484375 0.44609375 0.07421875 0.14765625
15 0.42578125 0.4484375 0.0796875 0.14296875
15 0.2859375 0.46484375 0.0734375 0.14765625
15 0.13984375 0.47890625 0.078125 0.15859375
15 0.6953125 0.7171875 0.0796875 0.15703125
15 0.546875 0.71796875 0.0859375 0.16328125
15 0.4109375 0.7359375 0.0828125 0.15234375
15 0.26953125 0.75078125 0.0890625 0.16796875
15 0.13046875 0.76484375 0.0875 0.1546875
15 0.69140625 0.1625 0.09296875 0.14609375
15 0.54453125 0.16875 0.08125 0.13828125
15 0.425 0.17109375 0.078125 0.14375
15 0.30703125 0.1859375 0.09375 0.159375
15 0.159375 0.19140625 0.084375 0.17109375