5 0.65234375 0.43671875 0.071875 0.175
5 0.76875 0.4421875 0.06796875 0.171875
5 0.50703125 0.459375 0.08046875 0.159375
5 0.3625 0.4859375 0.06953125 0.1515625
5 0.17890625 0.509375 0.084375 0.15703125
5 0.76796875 0.68828125 0.06953125 0.165625
5 0.65859375 0.69296875 0.0765625 0.1703125
5 0.5046875 0.72109375 0.07890625 0.175
5 0.378125 0.728125 0.07734375 0.16484375
5 0.19609375 0.74375 0.07734375 0.18671875
5 0.5296875 0.1828125 0.06875 0.14375
5 0.65859375 0.19375 0.0765625 0.17421875
5 0.76796875 0.196875 0.065625 0.16875
5 0.390625 0.21171875 0.0703125 0.1578125
5 0.17578125 0.21875 0.08125 0.1765625