118 0.44375 0.259375 0.11640625 0.14140625
118 0.29140625 0.2828125 0.115625 0.12734375
118 0.1671875 0.303125 0.09375 0.13984375
118 0.61640625 0.51484375 0.146875 0.146875
118 0.79765625 0.51796875 0.14296875 0.159375
118 0.4390625 0.52109375 0.096875 0.15234375
118 0.3 0.525 0.0875 0.14921875
118 0.16796875 0.5296875 0.09140625 0.16875
118 0.19453125 0.76640625 0.1015625 0.11484375
118 0.31875 0.78359375 0.0890625 0.12109375
118 0.46015625 0.79765625 0.12109375 0.1390625
118 0.640625 0.83046875 0.146875 0.16328125
118 0.8328125 0.8546875 0.11484375 0.16796875
118 0.74375 0.2140625 0.1203125 0.1375
118 0.59296875 0.23203125 0.12265625 0.1421875