28 0.7463942307692307 0.4230769230769231 0.09375 0.16346153846153846
28 0.44711538461538464 0.43149038461538464 0.08413461538461539 0.1658653846153846
28 0.5877403846153846 0.4326923076923077 0.0829326923076923 0.15264423076923078
28 0.2800480769230769 0.4699519230769231 0.07451923076923077 0.171875
28 0.13581730769230768 0.4855769230769231 0.07211538461538461 0.15985576923076922
28 0.78125 0.7067307692307693 0.09254807692307693 0.17427884615384615
28 0.6189903846153846 0.7283653846153846 0.0889423076923077 0.17067307692307693
28 0.4831730769230769 0.7451923076923077 0.08533653846153846 0.19471153846153846
28 0.30528846153846156 0.7776442307692307 0.0829326923076923 0.20432692307692307
28 0.13701923076923078 0.7944711538461539 0.07451923076923077 0.19471153846153846
28 0.7403846153846154 0.171875 0.11177884615384616 0.14182692307692307
28 0.5877403846153846 0.17548076923076922 0.0733173076923077 0.1201923076923077
28 0.4483173076923077 0.1875 0.09014423076923077 0.13822115384615385
28 0.2956730769230769 0.19471153846153846 0.07451923076923077 0.14302884615384615
28 0.1658653846153846 0.19951923076923078 0.0829326923076923 0.15865384615384615