9 0.5625 0.4734375 0.196875 0.090625
9 0.5609375 0.79609375 0.203125 0.078125
9 0.55546875 0.63515625 0.196875 0.096875
9 0.553125 0.146875 0.153125 0.090625
9 0.5453125 0.3125 0.1921875 0.0859375
9 0.278125 0.48828125 0.184375 0.0890625
9 0.27734375 0.653125 0.190625 0.096875
9 0.27734375 0.79140625 0.2015625 0.084375
9 0.26171875 0.30859375 0.18125 0.084375
9 0.253125 0.15625 0.1796875 0.08125
9 0.834375 0.76953125 0.175 0.0984375
9 0.83203125 0.60625 0.165625 0.0921875
9 0.82109375 0.4484375 0.159375 0.0875
9 0.8140625 0.26953125 0.159375 0.096875
9 0.8015625 0.140625 0.15625 0.090625