31 0.8015625 0.4203125 0.08125 0.13671875
31 0.65 0.4359375 0.08125 0.14140625
31 0.48125 0.4546875 0.08125 0.14609375
31 0.31484375 0.47734375 0.09140625 0.14921875
31 0.1234375 0.48671875 0.10078125 0.16796875
31 0.7984375 0.6796875 0.0765625 0.125
31 0.65703125 0.68984375 0.08125 0.12109375
31 0.49921875 0.7203125 0.08671875 0.1265625
31 0.34375 0.74296875 0.07890625 0.11953125
31 0.13359375 0.76640625 0.0890625 0.12890625
31 0.4796875 0.15703125 0.0890625 0.18046875
31 0.31484375 0.15859375 0.08828125 0.13203125
31 0.10625 0.165625 0.090625 0.15546875
31 0.67109375 0.16640625 0.0875 0.16171875
31 0.8265625 0.1671875 0.0875 0.134375