1 0.18671875 0.23671875 0.0765625 0.17890625
1 0.37890625 0.24296875 0.07734375 0.20234375
1 0.540625 0.24609375 0.096875 0.190625
1 0.7171875 0.2578125 0.08125 0.1984375
1 0.8625 0.2671875 0.0875 0.21484375
1 0.18359375 0.5015625 0.075 0.14765625
1 0.3671875 0.51953125 0.06953125 0.15859375
1 0.6859375 0.521875 0.08359375 0.17734375
1 0.54140625 0.52265625 0.06953125 0.17578125
1 0.82265625 0.53046875 0.08515625 0.15390625
1 0.85703125 0.765625 0.08671875 0.1375
1 0.17734375 0.771875 0.09375 0.1796875
1 0.53125 0.78203125 0.06953125 0.1515625
1 0.36640625 0.7875 0.07265625 0.14921875
1 0.69140625 0.7875 0.0796875 0.14140625