33 0.15546875 0.24609375 0.08671875 0.11484375
33 0.58984375 0.40625 0.084375 0.11875
33 0.4515625 0.4109375 0.08203125 0.12890625
33 0.76171875 0.41328125 0.09296875 0.134375
33 0.303125 0.43125 0.07890625 0.13203125
33 0.1375 0.440625 0.1015625 0.15078125
33 0.790625 0.64765625 0.09765625 0.15546875
33 0.471875 0.64921875 0.07734375 0.13828125
33 0.615625 0.65078125 0.0890625 0.15703125
33 0.2953125 0.67109375 0.08828125 0.14609375
33 0.1046875 0.69140625 0.09140625 0.15859375
33 0.58203125 0.221875 0.0859375 0.1140625
33 0.45 0.225 0.09296875 0.11953125
33 0.29921875 0.23203125 0.0859375 0.109375
33 0.73203125 0.23203125 0.09921875 0.128125