82 0.84375 0.49609375 0.08359375 0.14921875
82 0.67578125 0.5046875 0.10703125 0.1515625
82 0.48359375 0.51015625 0.11015625 0.14375
82 0.2734375 0.52421875 0.12109375 0.1578125
82 0.10625 0.52890625 0.1375 0.18203125
82 0.86484375 0.6953125 0.07578125 0.1140625
82 0.68671875 0.70625 0.1125 0.1171875
82 0.48046875 0.7125 0.11875 0.11015625
82 0.3203125 0.72265625 0.1234375 0.11640625
82 0.1515625 0.7375 0.121875 0.10859375
82 0.71796875 0.840625 0.09296875 0.08984375
82 0.86640625 0.84375 0.07578125 0.08046875
82 0.54765625 0.84375 0.11171875 0.09140625
82 0.375 0.8546875 0.1125 0.084375
82 0.1953125 0.8703125 0.12421875 0.09140625