13 0.665625 0.44296875 0.1015625 0.1546875
13 0.82578125 0.446875 0.1109375 0.153125
13 0.50859375 0.4484375 0.0984375 0.165625
13 0.35625 0.4671875 0.1 0.165625
13 0.17578125 0.4859375 0.096875 0.165625
13 0.8390625 0.7234375 0.0953125 0.1703125
13 0.68671875 0.7328125 0.1015625 0.159375
13 0.51015625 0.77421875 0.1078125 0.159375
13 0.353125 0.80234375 0.1109375 0.1671875
13 0.1828125 0.80625 0.1125 0.15625
13 0.66484375 0.1734375 0.096875 0.1625
13 0.8203125 0.1765625 0.0859375 0.175
13 0.5015625 0.178125 0.1015625 0.175
13 0.35625 0.18359375 0.103125 0.1828125
13 0.178125 0.19140625 0.096875 0.178125