13 0.7536057692307693 0.2536057692307692 0.09375 0.17067307692307693
13 0.6009615384615384 0.26802884615384615 0.08413461538461539 0.18028846153846154
13 0.44471153846153844 0.28966346153846156 0.08413461538461539 0.18629807692307693
13 0.11538461538461539 0.30649038461538464 0.10817307692307693 0.171875
13 0.27884615384615385 0.31009615384615385 0.09495192307692307 0.19951923076923078
13 0.7836538461538461 0.5372596153846154 0.10096153846153846 0.20072115384615385
13 0.6274038461538461 0.5456730769230769 0.09014423076923077 0.18389423076923078
13 0.1201923076923077 0.5528846153846154 0.08413461538461539 0.16826923076923078
13 0.31009615384615385 0.5576923076923077 0.09254807692307693 0.15985576923076922
13 0.46274038461538464 0.5625 0.08052884615384616 0.17548076923076922
13 0.46875 0.7764423076923077 0.08533653846153846 0.16346153846153846
13 0.125 0.7824519230769231 0.08173076923076923 0.13581730769230768
13 0.6370192307692307 0.7836538461538461 0.08413461538461539 0.17548076923076922
13 0.296875 0.7872596153846154 0.0673076923076923 0.17067307692307693
13 0.7860576923076923 0.8100961538461539 0.07451923076923077 0.1778846153846154