2 0.7824519230769231 0.38221153846153844 0.06610576923076923 0.13701923076923078
2 0.6382211538461539 0.38461538461538464 0.07451923076923077 0.13221153846153846
2 0.3485576923076923 0.39903846153846156 0.0673076923076923 0.13701923076923078
2 0.47115384615384615 0.40024038461538464 0.0625 0.12259615384615384
2 0.17067307692307693 0.4014423076923077 0.07211538461538461 0.15144230769230768
2 0.8064903846153846 0.6478365384615384 0.06850961538461539 0.140625
2 0.6370192307692307 0.6622596153846154 0.07451923076923077 0.1502403846153846
2 0.4675480769230769 0.6911057692307693 0.06129807692307692 0.15264423076923078
2 0.3269230769230769 0.7019230769230769 0.07451923076923077 0.17427884615384615
2 0.14783653846153846 0.71875 0.078125 0.16105769230769232
2 0.7716346153846154 0.16947115384615385 0.06370192307692307 0.11658653846153846
2 0.6310096153846154 0.17548076923076922 0.06009615384615385 0.1201923076923077
2 0.47475961538461536 0.17668269230769232 0.06971153846153846 0.13221153846153846
2 0.3557692307692308 0.18389423076923078 0.07091346153846154 0.1310096153846154
2 0.18389423076923078 0.18389423076923078 0.0673076923076923 0.12139423076923077