27 0.796875 0.3581730769230769 0.04447115384615385 0.09495192307692307
27 0.7223557692307693 0.3894230769230769 0.05048076923076923 0.10817307692307693
27 0.6165865384615384 0.4266826923076923 0.052884615384615384 0.12259615384615384
27 0.5 0.47475961538461536 0.07211538461538461 0.1346153846153846
27 0.3317307692307692 0.5348557692307693 0.09735576923076923 0.15865384615384615
27 0.796875 0.5516826923076923 0.04326923076923077 0.09254807692307693
27 0.7235576923076923 0.5853365384615384 0.05048076923076923 0.09254807692307693
27 0.6310096153846154 0.6502403846153846 0.06009615384615385 0.109375
27 0.5228365384615384 0.7199519230769231 0.0625 0.109375
27 0.3449519230769231 0.8245192307692307 0.09615384615384616 0.1310096153846154
27 0.6165865384615384 0.1658653846153846 0.06610576923076923 0.15625
27 0.7295673076923077 0.1658653846153846 0.04927884615384615 0.12139423076923077
27 0.5 0.16706730769230768 0.07451923076923077 0.12980769230769232
27 0.8088942307692307 0.16947115384615385 0.04567307692307692 0.10697115384615384
27 0.3076923076923077 0.17908653846153846 0.09735576923076923 0.16346153846153846