21 0.6947115384615384 0.2536057692307692 0.18028846153846154 0.171875
21 0.5036057692307693 0.27163461538461536 0.11538461538461539 0.13221153846153846
21 0.3762019230769231 0.2932692307692308 0.0985576923076923 0.12379807692307693
21 0.17548076923076922 0.31009615384615385 0.056490384615384616 0.12379807692307693
21 0.2548076923076923 0.3125 0.07211538461538461 0.125
21 0.5168269230769231 0.4987980769230769 0.11177884615384616 0.14423076923076922
21 0.38461538461538464 0.5096153846153846 0.09375 0.12379807692307693
21 0.6923076923076923 0.5120192307692307 0.140625 0.1935096153846154
21 0.1935096153846154 0.5168269230769231 0.078125 0.13822115384615385
21 0.27524038461538464 0.5216346153846154 0.078125 0.1201923076923077
21 0.21033653846153846 0.6899038461538461 0.07091346153846154 0.12139423076923077
21 0.29927884615384615 0.7067307692307693 0.07451923076923077 0.11778846153846154
21 0.40865384615384615 0.7139423076923077 0.09975961538461539 0.13221153846153846
21 0.5372596153846154 0.7211538461538461 0.12379807692307693 0.15144230769230768
21 0.7091346153846154 0.7391826923076923 0.1346153846153846 0.15384615384615385