14 0.325 0.48671875 0.07421875 0.14921875
14 0.146875 0.48671875 0.075 0.1828125
14 0.48515625 0.49453125 0.07109375 0.1453125
14 0.63125 0.49765625 0.07265625 0.1390625
14 0.79296875 0.51484375 0.07890625 0.1609375
14 0.63359375 0.7546875 0.078125 0.14921875
14 0.4765625 0.75546875 0.06796875 0.14375
14 0.13125 0.7609375 0.06640625 0.14765625
14 0.7765625 0.7671875 0.071875 0.146875
14 0.3015625 0.76953125 0.0765625 0.13515625
14 0.175 0.17421875 0.08046875 0.16875
14 0.35 0.184375 0.06484375 0.15546875
14 0.5125 0.18671875 0.08359375 0.1578125
14 0.79765625 0.20390625 0.07578125 0.15703125
14 0.665625 0.20625 0.07421875 0.16796875