16 0.6203125 0.24921875 0.10234375 0.15390625
16 0.78515625 0.25234375 0.0921875 0.15078125
16 0.45390625 0.25546875 0.084375 0.17109375
16 0.30625 0.25625 0.0953125 0.17734375
16 0.14453125 0.25703125 0.11875 0.17890625
16 0.80703125 0.4640625 0.0734375 0.14609375
16 0.62265625 0.46640625 0.08125 0.16015625
16 0.46953125 0.48359375 0.0875 0.15234375
16 0.30625 0.49765625 0.10625 0.165625
16 0.1203125 0.51953125 0.09765625 0.2046875
16 0.82421875 0.73125 0.08984375 0.16640625
16 0.65078125 0.7515625 0.0859375 0.19296875
16 0.48203125 0.78671875 0.096875 0.2171875
16 0.28984375 0.81640625 0.10859375 0.21015625
16 0.10078125 0.840625 0.09375 0.20234375