18 0.23828125 0.296875 0.15 0.08125
18 0.24296875 0.425 0.1375 0.0828125
18 0.24609375 0.553125 0.1421875 0.078125
18 0.25 0.671875 0.134375 0.0765625
18 0.2515625 0.79609375 0.134375 0.075
18 0.459375 0.40703125 0.140625 0.0921875
18 0.46640625 0.2609375 0.159375 0.096875
18 0.47265625 0.54765625 0.1484375 0.090625
18 0.48046875 0.8328125 0.14375 0.075
18 0.48359375 0.68671875 0.15625 0.0671875
18 0.7171875 0.22265625 0.19375 0.0953125
18 0.71953125 0.37734375 0.18125 0.08125
18 0.72578125 0.5421875 0.184375 0.0875
18 0.74765625 0.709375 0.1671875 0.09375
18 0.759375 0.8765625 0.178125 0.0859375