24 0.16484375 0.43984375 0.0921875 0.14921875
24 0.31953125 0.446875 0.090625 0.1390625
24 0.4984375 0.45078125 0.084375 0.128125
24 0.64453125 0.45390625 0.0875 0.1296875
24 0.76953125 0.4609375 0.08359375 0.14453125
24 0.76796875 0.69296875 0.09765625 0.14765625
24 0.63203125 0.69609375 0.0875 0.153125
24 0.48828125 0.70078125 0.0890625 0.14765625
24 0.31875 0.71875 0.08203125 0.1375
24 0.1625 0.73046875 0.08671875 0.1375
24 0.17421875 0.18984375 0.09296875 0.1671875
24 0.33046875 0.20546875 0.09140625 0.13671875
24 0.62421875 0.21015625 0.08125 0.14140625
24 0.76015625 0.2140625 0.09140625 0.14921875
24 0.47109375 0.215625 0.08984375 0.134375