16 0.3203125 0.2375 0.1453125 0.1625
16 0.8109375 0.24375 0.11171875 0.15703125
16 0.6796875 0.49609375 0.1390625 0.1640625
16 0.50234375 0.5015625 0.12421875 0.153125
16 0.8328125 0.50625 0.11171875 0.14921875
16 0.1671875 0.51640625 0.11953125 0.15078125
16 0.3390625 0.5203125 0.12890625 0.14296875
16 0.66484375 0.74609375 0.11171875 0.1546875
16 0.8203125 0.75625 0.12578125 0.1421875
16 0.49140625 0.7625 0.128125 0.14921875
16 0.18125 0.77734375 0.1421875 0.17890625
16 0.34765625 0.784375 0.1109375 0.1390625
16 0.13984375 0.228125 0.13203125 0.15859375
16 0.64453125 0.23125 0.1125 0.14140625
16 0.49921875 0.23359375 0.1265625 0.14375