1 0.71953125 0.2578125 0.07578125 0.19921875
1 0.853125 0.26875 0.06875 0.14296875
1 0.20859375 0.440625 0.128125 0.2
1 0.41953125 0.46640625 0.11796875 0.19375
1 0.878125 0.475 0.078125 0.159375
1 0.5953125 0.47734375 0.0984375 0.1703125
1 0.74765625 0.48203125 0.07734375 0.1703125
1 0.76875 0.740625 0.075 0.1640625
1 0.9125 0.7453125 0.07421875 0.1796875
1 0.62265625 0.7703125 0.11171875 0.17890625
1 0.44296875 0.78828125 0.134375 0.209375
1 0.19453125 0.81875 0.15078125 0.2171875
1 0.22265625 0.14453125 0.115625 0.20390625
1 0.390625 0.16171875 0.090625 0.18984375
1 0.55625 0.2171875 0.08984375 0.1984375