6 0.7788461538461539 0.3870192307692308 0.07572115384615384 0.16105769230769232
6 0.5120192307692307 0.40024038461538464 0.06971153846153846 0.15264423076923078
6 0.6538461538461539 0.4014423076923077 0.06610576923076923 0.14302884615384615
6 0.36658653846153844 0.41466346153846156 0.07572115384615384 0.15504807692307693
6 0.21394230769230768 0.43149038461538464 0.0829326923076923 0.17067307692307693
6 0.8016826923076923 0.6165865384615384 0.06971153846153846 0.1622596153846154
6 0.6754807692307693 0.6346153846153846 0.07692307692307693 0.1622596153846154
6 0.5216346153846154 0.6514423076923077 0.07211538461538461 0.16346153846153846
6 0.3629807692307692 0.6850961538461539 0.07932692307692307 0.17427884615384615
6 0.18509615384615385 0.6995192307692307 0.0733173076923077 0.16105769230769232
6 0.7524038461538461 0.1778846153846154 0.06610576923076923 0.12379807692307693
6 0.6466346153846154 0.17908653846153846 0.06370192307692307 0.12379807692307693
6 0.36899038461538464 0.1875 0.06971153846153846 0.14423076923076922
6 0.5120192307692307 0.18870192307692307 0.07211538461538461 0.14783653846153846
6 0.22115384615384615 0.19591346153846154 0.0733173076923077 0.14302884615384615