12 0.38461538461538464 0.2860576923076923 0.06490384615384616 0.1141826923076923
12 0.4987980769230769 0.2860576923076923 0.055288461538461536 0.1310096153846154
12 0.26802884615384615 0.29086538461538464 0.0673076923076923 0.12860576923076922
12 0.7151442307692307 0.2932692307692308 0.051682692307692304 0.11899038461538461
12 0.5997596153846154 0.296875 0.06129807692307692 0.1346153846153846
12 0.25961538461538464 0.49158653846153844 0.055288461538461536 0.13221153846153846
12 0.375 0.49399038461538464 0.055288461538461536 0.12379807692307693
12 0.6129807692307693 0.4963942307692308 0.06610576923076923 0.12379807692307693
12 0.4963942307692308 0.5024038461538461 0.06009615384615385 0.11899038461538461
12 0.7223557692307693 0.5036057692307693 0.06610576923076923 0.13701923076923078
12 0.7487980769230769 0.6706730769230769 0.06370192307692307 0.1045673076923077
12 0.6442307692307693 0.6742788461538461 0.08052884615384616 0.11177884615384616
12 0.5192307692307693 0.6802884615384616 0.05889423076923077 0.11177884615384616
12 0.3870192307692308 0.6887019230769231 0.05889423076923077 0.1201923076923077
12 0.2548076923076923 0.703125 0.07451923076923077 0.12379807692307693