20 0.50703125 0.68203125 0.128125 0.0875
20 0.51484375 0.5296875 0.115625 0.078125
20 0.5171875 0.35390625 0.134375 0.0796875
20 0.51953125 0.8765625 0.1484375 0.0875
20 0.52109375 0.18359375 0.134375 0.078125
20 0.78203125 0.33046875 0.10625 0.078125
20 0.7828125 0.5046875 0.134375 0.08125
20 0.79375 0.1515625 0.13125 0.071875
20 0.80625 0.65390625 0.1328125 0.0859375
20 0.8203125 0.85390625 0.146875 0.09375
20 0.1671875 0.8671875 0.159375 0.090625
20 0.17890625 0.68984375 0.15 0.090625
20 0.18125 0.5359375 0.13125 0.084375
20 0.196875 0.33125 0.1375 0.08125
20 0.2109375 0.1515625 0.14375 0.0984375