33 0.7875 0.265625 0.1015625 0.12109375
33 0.634375 0.271875 0.10390625 0.12734375
33 0.47890625 0.27578125 0.10859375 0.13515625
33 0.328125 0.2765625 0.10078125 0.14453125
33 0.17109375 0.2875 0.10390625 0.1375
33 0.75859375 0.46171875 0.09921875 0.1046875
33 0.6078125 0.46875 0.08125 0.09921875
33 0.4796875 0.48671875 0.078125 0.09375
33 0.36015625 0.4984375 0.090625 0.1078125
33 0.21796875 0.5015625 0.090625 0.11328125
33 0.73046875 0.6140625 0.0875 0.0875
33 0.596875 0.61796875 0.07578125 0.0828125
33 0.4875 0.62578125 0.0734375 0.0796875
33 0.3765625 0.634375 0.07578125 0.08359375
33 0.2484375 0.65859375 0.08046875 0.08515625