4 0.70625 0.45 0.14375 0.084375
4 0.70546875 0.296875 0.184375 0.09375
4 0.70234375 0.13046875 0.14375 0.0734375
4 0.6984375 0.61171875 0.1359375 0.084375
4 0.69140625 0.8015625 0.121875 0.0796875
4 0.45390625 0.63671875 0.1171875 0.075
4 0.45390625 0.79453125 0.1359375 0.084375
4 0.44765625 0.28515625 0.14375 0.0703125
4 0.44765625 0.4703125 0.1203125 0.075
4 0.446875 0.14375 0.15 0.0703125
4 0.259375 0.80859375 0.1203125 0.0765625
4 0.246875 0.65234375 0.13125 0.071875
4 0.23203125 0.478125 0.1265625 0.078125
4 0.20859375 0.275 0.128125 0.075
4 0.203125 0.1578125 0.1328125 0.0703125