13 0.10859375 0.45 0.1125 0.1828125
13 0.27265625 0.46796875 0.1203125 0.16796875
13 0.66171875 0.46796875 0.1359375 0.18671875
13 0.46328125 0.47890625 0.1453125 0.184375
13 0.84921875 0.47890625 0.1109375 0.19921875
13 0.090625 0.709375 0.11484375 0.175
13 0.43671875 0.728125 0.13359375 0.19453125
13 0.24296875 0.7328125 0.128125 0.17890625
13 0.66328125 0.74296875 0.16015625 0.171875
13 0.8671875 0.76953125 0.11640625 0.2015625
13 0.6765625 0.19921875 0.11953125 0.19453125
13 0.296875 0.2015625 0.14765625 0.16640625
13 0.48671875 0.20703125 0.12734375 0.1921875
13 0.125 0.21015625 0.15 0.1984375
13 0.834375 0.2171875 0.12421875 0.1984375