0 0.7609375 0.115625 0.18125 0.0671875
0 0.5265625 0.6484375 0.159375 0.06875
0 0.521875 0.82890625 0.1515625 0.071875
0 0.49765625 0.4640625 0.171875 0.078125
0 0.48828125 0.3171875 0.15 0.075
0 0.45703125 0.134375 0.184375 0.075
0 0.29140625 0.809375 0.153125 0.0796875
0 0.27734375 0.63984375 0.1265625 0.075
0 0.2375 0.46796875 0.1453125 0.0796875
0 0.23203125 0.32734375 0.175 0.0734375
0 0.19921875 0.1515625 0.15625 0.0765625
0 0.7859375 0.85703125 0.15625 0.084375
0 0.7828125 0.46875 0.18125 0.071875
0 0.77109375 0.671875 0.196875 0.075
0 0.76875 0.29765625 0.190625 0.0734375