22 0.87265625 0.3078125 0.14765625 0.134375
22 0.68125 0.3125 0.1359375 0.1296875
22 0.4828125 0.33125 0.125 0.1296875
22 0.28671875 0.33828125 0.11640625 0.115625
22 0.10390625 0.35234375 0.12890625 0.14375
22 0.821875 0.51875 0.1171875 0.10859375
22 0.65078125 0.5296875 0.1 0.10234375
22 0.4953125 0.53125 0.096875 0.1015625
22 0.3390625 0.5515625 0.096875 0.10390625
22 0.1796875 0.56953125 0.1078125 0.1015625
22 0.771875 0.66796875 0.115625 0.08203125
22 0.615625 0.68046875 0.0859375 0.08359375
22 0.50234375 0.684375 0.0921875 0.08671875
22 0.36484375 0.70234375 0.08984375 0.08515625
22 0.22734375 0.72578125 0.09375 0.0859375