15 0.321875 0.2421875 0.1125 0.13046875
15 0.66171875 0.25625 0.07578125 0.12109375
15 0.50546875 0.25703125 0.1171875 0.12265625
15 0.81875 0.26171875 0.09609375 0.13203125
15 0.15625 0.26640625 0.09921875 0.14140625
15 0.64453125 0.453125 0.096875 0.1046875
15 0.31953125 0.45390625 0.0859375 0.1296875
15 0.50234375 0.45546875 0.10703125 0.1140625
15 0.815625 0.46015625 0.0984375 0.11953125
15 0.16640625 0.478125 0.084375 0.13671875
15 0.79375 0.6703125 0.0921875 0.125
15 0.4515625 0.6828125 0.07890625 0.13125
15 0.62109375 0.68359375 0.08359375 0.12890625
15 0.2890625 0.70625 0.06796875 0.1546875
15 0.1640625 0.7234375 0.0765625 0.1515625