24 0.7788461538461539 0.28966346153846156 0.0985576923076923 0.14903846153846154
24 0.625 0.28966346153846156 0.0829326923076923 0.140625
24 0.4855769230769231 0.3004807692307692 0.08413461538461539 0.15264423076923078
24 0.33653846153846156 0.3233173076923077 0.1045673076923077 0.15625
24 0.17668269230769232 0.3329326923076923 0.09495192307692307 0.14543269230769232
24 0.6382211538461539 0.5096153846153846 0.08533653846153846 0.13822115384615385
24 0.8100961538461539 0.5120192307692307 0.09254807692307693 0.16105769230769232
24 0.49158653846153844 0.5240384615384616 0.0889423076923077 0.14783653846153846
24 0.3293269230769231 0.5384615384615384 0.0829326923076923 0.12259615384615384
24 0.17668269230769232 0.5516826923076923 0.07451923076923077 0.12620192307692307
24 0.6670673076923077 0.7199519230769231 0.07932692307692307 0.13581730769230768
24 0.8269230769230769 0.7271634615384616 0.08173076923076923 0.14903846153846154
24 0.4951923076923077 0.734375 0.07692307692307693 0.1346153846153846
24 0.3473557692307692 0.7487980769230769 0.109375 0.13581730769230768
24 0.20192307692307693 0.7620192307692307 0.0889423076923077 0.14903846153846154