24 0.853125 0.46171875 0.05546875 0.1359375
24 0.746875 0.4875 0.06640625 0.1453125
24 0.62265625 0.49921875 0.0828125 0.1546875
24 0.478125 0.51953125 0.08984375 0.17109375
24 0.29921875 0.5609375 0.134375 0.2078125
24 0.8359375 0.67578125 0.0578125 0.11171875
24 0.7265625 0.7140625 0.07109375 0.11796875
24 0.61015625 0.75390625 0.071875 0.13203125
24 0.48984375 0.81015625 0.0890625 0.13203125
24 0.33515625 0.87265625 0.1140625 0.17265625
24 0.30859375 0.171875 0.1109375 0.18359375
24 0.5046875 0.17890625 0.0828125 0.1546875
24 0.64296875 0.18671875 0.084375 0.13203125
24 0.853125 0.20859375 0.0578125 0.11015625
24 0.76640625 0.2140625 0.05546875 0.13046875