16 0.26953125 0.42890625 0.165625 0.1125
16 0.28203125 0.284375 0.1375 0.09375
16 0.29765625 0.16484375 0.140625 0.0875
16 0.4734375 0.2578125 0.1359375 0.0875
16 0.478125 0.1453125 0.14375 0.0890625
16 0.48046875 0.4046875 0.13125 0.10625
16 0.49453125 0.59375 0.1484375 0.1328125
16 0.5015625 0.815625 0.165625 0.140625
16 0.67578125 0.109375 0.13125 0.078125
16 0.7 0.23515625 0.1421875 0.109375
16 0.71796875 0.390625 0.165625 0.121875
16 0.75546875 0.578125 0.15625 0.1203125
16 0.79375 0.8203125 0.184375 0.140625
16 0.2171875 0.828125 0.1875 0.1578125
16 0.2296875 0.62109375 0.1703125 0.1359375