36 0.178125 0.24375 0.11484375 0.134375
36 0.8015625 0.465625 0.1296875 0.11640625
36 0.63671875 0.46953125 0.125 0.11328125
36 0.3015625 0.4703125 0.125 0.1109375
36 0.4703125 0.4734375 0.103125 0.1125
36 0.1296875 0.48046875 0.1203125 0.1171875
36 0.84765625 0.70234375 0.16484375 0.1375
36 0.646875 0.70234375 0.134375 0.1328125
36 0.44765625 0.71875 0.1171875 0.12734375
36 0.253125 0.72734375 0.10234375 0.1359375
36 0.10078125 0.740625 0.12578125 0.14296875
36 0.62578125 0.225 0.10625 0.1046875
36 0.7515625 0.2296875 0.096875 0.08671875
36 0.3515625 0.2296875 0.09453125 0.10546875
36 0.48515625 0.23125 0.08671875 0.09921875