22 0.31640625 0.2359375 0.11328125 0.1421875
22 0.125 0.2390625 0.12578125 0.14375
22 0.7375 0.4796875 0.08984375 0.18671875
22 0.88046875 0.48671875 0.08203125 0.1578125
22 0.546875 0.5 0.11796875 0.15703125
22 0.33203125 0.51796875 0.0984375 0.1546875
22 0.14375 0.534375 0.109375 0.178125
22 0.8609375 0.7375 0.0828125 0.14609375
22 0.5265625 0.7421875 0.08359375 0.146875
22 0.6953125 0.74296875 0.08984375 0.153125
22 0.34296875 0.759375 0.10234375 0.1578125
22 0.17734375 0.78515625 0.109375 0.1671875
22 0.53515625 0.2203125 0.10859375 0.14765625
22 0.72578125 0.23125 0.08359375 0.1453125
22 0.87421875 0.23125 0.08046875 0.14140625