7 0.7421875 0.5640625 0.165625 0.084375
7 0.71640625 0.69765625 0.175 0.071875
7 0.67421875 0.81953125 0.1703125 0.0671875
7 0.4921875 0.21328125 0.19375 0.11875
7 0.47109375 0.3734375 0.190625 0.11875
7 0.46953125 0.5328125 0.159375 0.090625
7 0.465625 0.6859375 0.140625 0.084375
7 0.440625 0.82265625 0.125 0.0625
7 0.2578125 0.81015625 0.1515625 0.0625
7 0.24453125 0.67109375 0.159375 0.071875
7 0.2234375 0.5359375 0.196875 0.090625
7 0.21796875 0.36640625 0.1875 0.10625
7 0.2171875 0.209375 0.19375 0.1359375
7 0.81484375 0.2265625 0.190625 0.109375
7 0.778125 0.41015625 0.1828125 0.09375