90 0.6609375 0.2359375 0.128125 0.1734375
90 0.48203125 0.2359375 0.1109375 0.16953125
90 0.10078125 0.24296875 0.11171875 0.1703125
90 0.8578125 0.24375 0.11875 0.165625
90 0.659375 0.48046875 0.0984375 0.15078125
90 0.8375 0.48984375 0.11328125 0.15078125
90 0.4921875 0.49140625 0.12109375 0.15859375
90 0.2984375 0.5125 0.125 0.1578125
90 0.11640625 0.53203125 0.1296875 0.1828125
90 0.82890625 0.76328125 0.134375 0.17421875
90 0.65390625 0.7703125 0.134375 0.16015625
90 0.284375 0.78046875 0.1296875 0.1578125
90 0.478125 0.78359375 0.14375 0.18203125
90 0.11953125 0.78984375 0.11015625 0.13828125
90 0.2921875 0.22734375 0.1203125 0.1859375