9 0.8040865384615384 0.27163461538461536 0.0673076923076923 0.12379807692307693
9 0.6790865384615384 0.2824519230769231 0.06850961538461539 0.12980769230769232
9 0.5264423076923077 0.2932692307692308 0.0733173076923077 0.125
9 0.3786057692307692 0.2932692307692308 0.07692307692307693 0.14423076923076922
9 0.1814903846153846 0.31009615384615385 0.07932692307692307 0.15264423076923078
9 0.671875 0.5396634615384616 0.07451923076923077 0.10817307692307693
9 0.796875 0.5408653846153846 0.06009615384615385 0.1310096153846154
9 0.20673076923076922 0.5600961538461539 0.07932692307692307 0.12620192307692307
9 0.5432692307692307 0.5637019230769231 0.07211538461538461 0.1201923076923077
9 0.41225961538461536 0.578125 0.06370192307692307 0.1141826923076923
9 0.7596153846153846 0.7680288461538461 0.06370192307692307 0.10336538461538461
9 0.6502403846153846 0.7716346153846154 0.056490384615384616 0.11177884615384616
9 0.5324519230769231 0.78125 0.06850961538461539 0.11538461538461539
9 0.4026442307692308 0.8028846153846154 0.06490384615384616 0.11658653846153846
9 0.20673076923076922 0.8353365384615384 0.0733173076923077 0.1310096153846154