9 0.4546875 0.771875 0.1359375 0.053125
9 0.45703125 0.553125 0.1640625 0.059375
9 0.47421875 0.40078125 0.1796875 0.078125
9 0.47578125 0.66640625 0.1828125 0.0546875
9 0.5046875 0.2484375 0.221875 0.0859375
9 0.68125 0.77109375 0.146875 0.05
9 0.7109375 0.66875 0.153125 0.05
9 0.71875 0.5421875 0.1796875 0.059375
9 0.75546875 0.4265625 0.2 0.0828125
9 0.78671875 0.24453125 0.221875 0.09375
9 0.1640625 0.4265625 0.209375 0.0890625
9 0.16796875 0.27109375 0.2640625 0.0828125
9 0.1796875 0.5828125 0.175 0.078125
9 0.2109375 0.69765625 0.14375 0.05625
9 0.2328125 0.78515625 0.121875 0.046875