25 0.82890625 0.4359375 0.071875 0.134375
25 0.7328125 0.4453125 0.0671875 0.134375
25 0.60546875 0.45859375 0.1015625 0.15390625
25 0.4609375 0.47421875 0.11796875 0.175
25 0.26875 0.48125 0.17265625 0.190625
25 0.83671875 0.70546875 0.07890625 0.128125
25 0.7359375 0.725 0.0890625 0.1328125
25 0.62109375 0.75625 0.0953125 0.16796875
25 0.47109375 0.803125 0.13046875 0.1921875
25 0.2828125 0.84453125 0.15390625 0.184375
25 0.26484375 0.13046875 0.16953125 0.18046875
25 0.47421875 0.14765625 0.13515625 0.1609375
25 0.6328125 0.16328125 0.10078125 0.12265625
25 0.7484375 0.18359375 0.07421875 0.121875
25 0.84296875 0.1859375 0.06875 0.10625