2 0.45552884615384615 0.5036057692307693 0.0625 0.171875
2 0.5817307692307693 0.5084134615384616 0.06610576923076923 0.1971153846153846
2 0.09375 0.5108173076923077 0.05889423076923077 0.16346153846153846
2 0.32211538461538464 0.5120192307692307 0.06610576923076923 0.17908653846153846
2 0.20793269230769232 0.5144230769230769 0.05889423076923077 0.1814903846153846
2 0.10336538461538461 0.7908653846153846 0.0733173076923077 0.18629807692307693
2 0.4483173076923077 0.7908653846153846 0.07091346153846154 0.1622596153846154
2 0.19831730769230768 0.7956730769230769 0.06490384615384616 0.19471153846153846
2 0.3137019230769231 0.8040865384615384 0.07091346153846154 0.18990384615384615
2 0.5865384615384616 0.8076923076923077 0.07572115384615384 0.1935096153846154
2 0.5853365384615384 0.1346153846153846 0.08052884615384616 0.20192307692307693
2 0.4483173076923077 0.1502403846153846 0.0733173076923077 0.17548076923076922
2 0.3137019230769231 0.17908653846153846 0.0733173076923077 0.15865384615384615
2 0.20673076923076922 0.2091346153846154 0.054086538461538464 0.15865384615384615
2 0.09375 0.22235576923076922 0.05889423076923077 0.16947115384615385