27 0.8798076923076923 0.4170673076923077 0.08653846153846154 0.140625
27 0.703125 0.43990384615384615 0.09735576923076923 0.13701923076923078
27 0.5360576923076923 0.4639423076923077 0.09975961538461539 0.15264423076923078
27 0.33533653846153844 0.4735576923076923 0.09375 0.15384615384615385
27 0.12139423076923077 0.4891826923076923 0.09615384615384616 0.15865384615384615
27 0.5384615384615384 0.7800480769230769 0.08774038461538461 0.15144230769230768
27 0.8725961538461539 0.7836538461538461 0.08533653846153846 0.14903846153846154
27 0.7307692307692307 0.7944711538461539 0.09735576923076923 0.14302884615384615
27 0.35336538461538464 0.8161057692307693 0.09615384615384616 0.15144230769230768
27 0.13942307692307693 0.8485576923076923 0.1045673076923077 0.16105769230769232
27 0.3389423076923077 0.16346153846153846 0.08533653846153846 0.1201923076923077
27 0.703125 0.16346153846153846 0.09495192307692307 0.13701923076923078
27 0.5408653846153846 0.16706730769230768 0.09254807692307693 0.12139423076923077
27 0.8894230769230769 0.16947115384615385 0.09254807692307693 0.11658653846153846
27 0.1201923076923077 0.171875 0.07451923076923077 0.12139423076923077