11 0.6814903846153846 0.47716346153846156 0.08653846153846154 0.16826923076923078
11 0.5444711538461539 0.484375 0.08413461538461539 0.1778846153846154
11 0.3894230769230769 0.484375 0.08173076923076923 0.203125
11 0.17668269230769232 0.49158653846153844 0.11177884615384616 0.2091346153846154
11 0.8269230769230769 0.49158653846153844 0.06610576923076923 0.14302884615384615
11 0.8173076923076923 0.7740384615384616 0.09254807692307693 0.14903846153846154
11 0.6778846153846154 0.7896634615384616 0.07572115384615384 0.13701923076923078
11 0.5612980769230769 0.7980769230769231 0.07572115384615384 0.18269230769230768
11 0.40384615384615385 0.8317307692307693 0.09254807692307693 0.17908653846153846
11 0.17067307692307693 0.8581730769230769 0.10576923076923077 0.20673076923076922
11 0.2091346153846154 0.12379807692307693 0.10576923076923077 0.17548076923076922
11 0.4074519230769231 0.14423076923076922 0.109375 0.17908653846153846
11 0.578125 0.15745192307692307 0.09375 0.15625
11 0.7175480769230769 0.18629807692307693 0.07692307692307693 0.15985576923076922
11 0.8305288461538461 0.21033653846153846 0.07091346153846154 0.15144230769230768