4 0.8377403846153846 0.2403846153846154 0.057692307692307696 0.10697115384615384
4 0.6225961538461539 0.24158653846153846 0.06610576923076923 0.12740384615384615
4 0.7367788461538461 0.2439903846153846 0.05889423076923077 0.11658653846153846
4 0.8233173076923077 0.44591346153846156 0.06850961538461539 0.09254807692307693
4 0.7043269230769231 0.4699519230769231 0.06490384615384616 0.11298076923076923
4 0.5925480769230769 0.49399038461538464 0.06370192307692307 0.11778846153846154
4 0.4483173076923077 0.5216346153846154 0.07572115384615384 0.12860576923076922
4 0.2692307692307692 0.5432692307692307 0.09615384615384616 0.1466346153846154
4 0.8269230769230769 0.6826923076923077 0.06971153846153846 0.10096153846153846
4 0.7235576923076923 0.7091346153846154 0.07211538461538461 0.11538461538461539
4 0.59375 0.7536057692307693 0.07932692307692307 0.11057692307692307
4 0.43509615384615385 0.8016826923076923 0.09735576923076923 0.12379807692307693
4 0.265625 0.8401442307692307 0.09254807692307693 0.13341346153846154
4 0.4735576923076923 0.20552884615384615 0.07932692307692307 0.14302884615384615
4 0.265625 0.2127403846153846 0.0985576923076923 0.16706730769230768