0 0.10390625 0.45703125 0.06953125 0.0703125
0 0.30078125 0.4625 0.09453125 0.08125
0 0.50234375 0.46875 0.1 0.08828125
0 0.6890625 0.471875 0.10234375 0.08125
0 0.878125 0.48046875 0.09921875 0.10234375
0 0.4984375 0.71640625 0.09140625 0.0859375
0 0.690625 0.71875 0.10234375 0.08515625
0 0.09609375 0.72578125 0.09140625 0.08984375
0 0.86875 0.72734375 0.084375 0.07890625
0 0.284375 0.72734375 0.090625 0.075
0 0.31640625 0.2078125 0.11640625 0.09375
0 0.5171875 0.21640625 0.096875 0.0796875
0 0.70703125 0.22265625 0.103125 0.090625
0 0.121875 0.2265625 0.0984375 0.10859375
0 0.878125 0.23359375 0.09921875 0.0984375