7 0.128125 0.271875 0.08203125 0.146875
7 0.6078125 0.27578125 0.08125 0.1796875
7 0.81015625 0.27578125 0.08359375 0.1796875
7 0.45625 0.278125 0.0921875 0.16875
7 0.284375 0.28046875 0.0765625 0.1703125
7 0.61875 0.57421875 0.08515625 0.1484375
7 0.784375 0.58046875 0.07734375 0.1578125
7 0.29375 0.58125 0.0984375 0.14921875
7 0.13671875 0.58203125 0.1125 0.17421875
7 0.440625 0.596875 0.08125 0.14375
7 0.7890625 0.834375 0.07890625 0.1328125
7 0.1578125 0.8375 0.0984375 0.153125
7 0.621875 0.846875 0.0734375 0.14921875
7 0.45859375 0.8515625 0.08203125 0.1484375
7 0.30859375 0.8515625 0.10078125 0.14375