29 0.20390625 0.26875 0.07421875 0.128125
29 0.40859375 0.2734375 0.06640625 0.11796875
29 0.81171875 0.27421875 0.05859375 0.11796875
29 0.6921875 0.275 0.06015625 0.1140625
29 0.5765625 0.27578125 0.0578125 0.11640625
29 0.84375 0.4921875 0.0640625 0.115625
29 0.56640625 0.49765625 0.06640625 0.1109375
29 0.228125 0.5015625 0.0703125 0.11796875
29 0.69609375 0.50625 0.05859375 0.10625
29 0.3796875 0.51875 0.0625 0.1109375
29 0.68984375 0.74375 0.06796875 0.10625
29 0.81171875 0.7453125 0.06875 0.10703125
29 0.57265625 0.7546875 0.05859375 0.10234375
29 0.2578125 0.7734375 0.0671875 0.10625
29 0.41953125 0.77421875 0.0703125 0.1015625