7 0.3389423076923077 0.2403846153846154 0.10336538461538461 0.13701923076923078
7 0.5192307692307693 0.24158653846153846 0.09735576923076923 0.1346153846153846
7 0.140625 0.2512019230769231 0.10336538461538461 0.14783653846153846
7 0.7067307692307693 0.25600961538461536 0.109375 0.13581730769230768
7 0.8521634615384616 0.27403846153846156 0.11057692307692307 0.16105769230769232
7 0.6622596153846154 0.5108173076923077 0.10096153846153846 0.1502403846153846
7 0.1466346153846154 0.5144230769230769 0.10096153846153846 0.14783653846153846
7 0.49759615384615385 0.5192307692307693 0.09615384615384616 0.14783653846153846
7 0.3329326923076923 0.5204326923076923 0.11298076923076923 0.16105769230769232
7 0.8341346153846154 0.53125 0.0985576923076923 0.14423076923076922
7 0.3545673076923077 0.7475961538461539 0.09975961538461539 0.14182692307692307
7 0.4891826923076923 0.7475961538461539 0.10096153846153846 0.14182692307692307
7 0.15384615384615385 0.7536057692307693 0.09735576923076923 0.15504807692307693
7 0.6550480769230769 0.7548076923076923 0.10216346153846154 0.12980769230769232
7 0.8076923076923077 0.7680288461538461 0.09615384615384616 0.12740384615384615