5 0.69375 0.4515625 0.0734375 0.18203125
5 0.7953125 0.453125 0.06328125 0.15703125
5 0.55234375 0.484375 0.0734375 0.15390625
5 0.41640625 0.5109375 0.075 0.1546875
5 0.20390625 0.546875 0.09296875 0.1796875
5 0.79921875 0.69609375 0.0609375 0.15703125
5 0.70546875 0.709375 0.0671875 0.15625
5 0.55859375 0.7515625 0.075 0.1703125
5 0.4296875 0.76640625 0.07734375 0.17109375
5 0.228125 0.80625 0.0921875 0.2
5 0.56875 0.2109375 0.06640625 0.1515625
5 0.19375 0.215625 0.096875 0.19921875
5 0.4296875 0.22265625 0.0703125 0.16640625
5 0.69375 0.2234375 0.06875 0.16796875
5 0.7921875 0.22734375 0.06328125 0.15703125