7 0.4109375 0.2609375 0.08828125 0.153125
7 0.5890625 0.26328125 0.08984375 0.14140625
7 0.27890625 0.271875 0.07890625 0.1546875
7 0.734375 0.27421875 0.08828125 0.14921875
7 0.1328125 0.290625 0.0765625 0.165625
7 0.1453125 0.52265625 0.08125 0.15703125
7 0.42890625 0.5375 0.06953125 0.1359375
7 0.296875 0.54140625 0.08125 0.13828125
7 0.5828125 0.553125 0.0921875 0.134375
7 0.72421875 0.56796875 0.08828125 0.1296875
7 0.61328125 0.7640625 0.084375 0.1421875
7 0.15625 0.76796875 0.075 0.13359375
7 0.73828125 0.77265625 0.07734375 0.13203125
7 0.30546875 0.7828125 0.0703125 0.13046875
7 0.45625 0.78828125 0.08203125 0.1234375