24 0.23798076923076922 0.2548076923076923 0.10697115384615384 0.22115384615384615
24 0.41346153846153844 0.25961538461538464 0.0889423076923077 0.16706730769230768
24 0.5420673076923077 0.2644230769230769 0.07091346153846154 0.12980769230769232
24 0.6430288461538461 0.28846153846153844 0.057692307692307696 0.13942307692307693
24 0.7331730769230769 0.3004807692307692 0.055288461538461536 0.12980769230769232
24 0.7319711538461539 0.46033653846153844 0.06009615384615385 0.12139423076923077
24 0.6466346153846154 0.46875 0.06370192307692307 0.1310096153846154
24 0.5492788461538461 0.47836538461538464 0.08052884615384616 0.13581730769230768
24 0.4375 0.5048076923076923 0.09375 0.14783653846153846
24 0.25841346153846156 0.5480769230769231 0.11658653846153846 0.18629807692307693
24 0.7644230769230769 0.640625 0.06009615384615385 0.125
24 0.6790865384615384 0.6478365384615384 0.05048076923076923 0.12620192307692307
24 0.5805288461538461 0.6790865384615384 0.0673076923076923 0.1502403846153846
24 0.4543269230769231 0.7247596153846154 0.09254807692307693 0.17908653846153846
24 0.2692307692307692 0.7716346153846154 0.1045673076923077 0.19951923076923078