3 0.41586538461538464 0.23798076923076922 0.07572115384615384 0.171875
3 0.15264423076923078 0.2620192307692308 0.07091346153846154 0.16466346153846154
3 0.8341346153846154 0.4723557692307692 0.06129807692307692 0.14182692307692307
3 0.703125 0.4795673076923077 0.057692307692307696 0.14543269230769232
3 0.5504807692307693 0.5120192307692307 0.06490384615384616 0.1310096153846154
3 0.40024038461538464 0.5180288461538461 0.06490384615384616 0.12139423076923077
3 0.21754807692307693 0.5637019230769231 0.07692307692307693 0.14423076923076922
3 0.6899038461538461 0.7451923076923077 0.0673076923076923 0.11899038461538461
3 0.8257211538461539 0.7463942307692307 0.05889423076923077 0.125
3 0.5685096153846154 0.7668269230769231 0.057692307692307696 0.140625
3 0.4206730769230769 0.7896634615384616 0.06129807692307692 0.1201923076923077
3 0.24519230769230768 0.8473557692307693 0.06610576923076923 0.11057692307692307
3 0.8533653846153846 0.18990384615384615 0.06490384615384616 0.15144230769230768
3 0.7067307692307693 0.20072115384615385 0.051682692307692304 0.15264423076923078
3 0.5685096153846154 0.22235576923076922 0.0733173076923077 0.15504807692307693