4 0.6778846153846154 0.41947115384615385 0.09495192307692307 0.10817307692307693
4 0.8173076923076923 0.41947115384615385 0.10697115384615384 0.10336538461538461
4 0.5228365384615384 0.4206730769230769 0.10096153846153846 0.09975961538461539
4 0.328125 0.4362980769230769 0.0985576923076923 0.11538461538461539
4 0.13701923076923078 0.44591346153846156 0.08533653846153846 0.10817307692307693
4 0.7259615384615384 0.7235576923076923 0.11899038461538461 0.1141826923076923
4 0.5348557692307693 0.7319711538461539 0.109375 0.1310096153846154
4 0.890625 0.7319711538461539 0.11057692307692307 0.1310096153846154
4 0.3485576923076923 0.7487980769230769 0.10336538461538461 0.14182692307692307
4 0.14903846153846154 0.7728365384615384 0.0985576923076923 0.14783653846153846
4 0.53125 0.21634615384615385 0.08413461538461539 0.11057692307692307
4 0.38341346153846156 0.21875 0.08774038461538461 0.09735576923076923
4 0.6598557692307693 0.22596153846153846 0.08774038461538461 0.09254807692307693
4 0.7668269230769231 0.22716346153846154 0.07932692307692307 0.09495192307692307
4 0.19110576923076922 0.2283653846153846 0.09495192307692307 0.125