15 0.75390625 0.2515625 0.2171875 0.0828125
15 0.53515625 0.76953125 0.121875 0.040625
15 0.50546875 0.66640625 0.1453125 0.04375
15 0.4875 0.54609375 0.146875 0.05625
15 0.428125 0.40625 0.1640625 0.0734375
15 0.38515625 0.253125 0.1921875 0.078125
15 0.3546875 0.7421875 0.1265625 0.0359375
15 0.31015625 0.65703125 0.140625 0.040625
15 0.26328125 0.54296875 0.14375 0.05
15 0.18984375 0.41796875 0.159375 0.0546875
15 0.115625 0.26015625 0.153125 0.0625
15 0.78203125 0.68671875 0.14375 0.0515625
15 0.77734375 0.41796875 0.184375 0.06875
15 0.77734375 0.55859375 0.184375 0.0671875
15 0.77578125 0.79609375 0.13125 0.0453125