23 0.6586538461538461 0.31971153846153844 0.06850961538461539 0.12980769230769232
23 0.8317307692307693 0.31971153846153844 0.07692307692307693 0.125
23 0.5084134615384616 0.3293269230769231 0.08774038461538461 0.12980769230769232
23 0.328125 0.33533653846153844 0.08774038461538461 0.12860576923076922
23 0.1502403846153846 0.3485576923076923 0.08774038461538461 0.13942307692307693
23 0.8088942307692307 0.48197115384615385 0.06370192307692307 0.10576923076923077
23 0.6550480769230769 0.4951923076923077 0.06370192307692307 0.1045673076923077
23 0.5012019230769231 0.5036057692307693 0.06971153846153846 0.09735576923076923
23 0.32572115384615385 0.5168269230769231 0.0673076923076923 0.10697115384615384
23 0.1875 0.5288461538461539 0.0733173076923077 0.10576923076923077
23 0.7367788461538461 0.6370192307692307 0.06971153846153846 0.08173076923076923
23 0.6165865384615384 0.6430288461538461 0.052884615384615384 0.08533653846153846
23 0.4795673076923077 0.65625 0.04567307692307692 0.08413461538461539
23 0.3545673076923077 0.6706730769230769 0.046875 0.0829326923076923
23 0.22596153846153846 0.6862980769230769 0.05048076923076923 0.09014423076923077