5 0.16484375 0.534375 0.06640625 0.159375
5 0.33125 0.54375 0.0703125 0.1640625
5 0.59765625 0.54609375 0.07109375 0.1734375
5 0.46484375 0.5515625 0.07421875 0.1703125
5 0.7703125 0.5609375 0.08125 0.20078125
5 0.17109375 0.7640625 0.07109375 0.14921875
5 0.334375 0.77578125 0.06875 0.1671875
5 0.4703125 0.7828125 0.06328125 0.14140625
5 0.61171875 0.7890625 0.08828125 0.1671875
5 0.7671875 0.8171875 0.07890625 0.1859375
5 0.6140625 0.1546875 0.0859375 0.1921875
5 0.7828125 0.1546875 0.08671875 0.19921875
5 0.4609375 0.18671875 0.07265625 0.18125
5 0.31953125 0.196875 0.0734375 0.17578125
5 0.1515625 0.2328125 0.07578125 0.15234375