19 0.7640625 0.28203125 0.07421875 0.1296875
19 0.3765625 0.28515625 0.078125 0.1234375
19 0.5046875 0.28671875 0.07109375 0.13515625
19 0.6296875 0.2890625 0.06953125 0.1265625
19 0.22421875 0.2984375 0.08203125 0.14609375
19 0.74765625 0.5171875 0.0703125 0.1265625
19 0.621875 0.5296875 0.07109375 0.125
19 0.503125 0.5375 0.07421875 0.1125
19 0.38203125 0.55 0.07421875 0.11796875
19 0.2390625 0.55546875 0.07734375 0.12890625
19 0.72265625 0.734375 0.06953125 0.1109375
19 0.61328125 0.7390625 0.06875 0.096875
19 0.5125 0.74296875 0.0703125 0.10546875
19 0.3984375 0.74453125 0.075 0.1046875
19 0.25234375 0.7453125 0.07578125 0.09609375