15 0.29921875 0.2515625 0.0640625 0.16796875
15 0.19140625 0.290625 0.06015625 0.15703125
15 0.675 0.42890625 0.1171875 0.175
15 0.51953125 0.465625 0.0875 0.15390625
15 0.4109375 0.484375 0.071875 0.14375
15 0.2984375 0.51484375 0.0625 0.14296875
15 0.1984375 0.54296875 0.06328125 0.14765625
15 0.6890625 0.74453125 0.08828125 0.165625
15 0.53828125 0.75 0.0828125 0.17421875
15 0.4171875 0.7640625 0.07421875 0.15703125
15 0.3078125 0.77734375 0.08046875 0.15625
15 0.2109375 0.79140625 0.06328125 0.1359375
15 0.64921875 0.1234375 0.10703125 0.15234375
15 0.5015625 0.1734375 0.07734375 0.1578125
15 0.39375 0.215625 0.06484375 0.1421875