26 0.81171875 0.4359375 0.0546875 0.14140625
26 0.6859375 0.44453125 0.0609375 0.1359375
26 0.565625 0.46328125 0.059375 0.13984375
26 0.42734375 0.46953125 0.0703125 0.16171875
26 0.29140625 0.4859375 0.0765625 0.16640625
26 0.79609375 0.6953125 0.05546875 0.14296875
26 0.68359375 0.7203125 0.06328125 0.1265625
26 0.56171875 0.753125 0.06953125 0.16328125
26 0.42421875 0.7875 0.06328125 0.1703125
26 0.284375 0.82734375 0.06875 0.18046875
26 0.29609375 0.12578125 0.07578125 0.18515625
26 0.43359375 0.1421875 0.0671875 0.17578125
26 0.57265625 0.153125 0.0671875 0.15390625
26 0.696875 0.1609375 0.05703125 0.14609375
26 0.8078125 0.17421875 0.0578125 0.13046875