7 0.8109375 0.33359375 0.07890625 0.1140625
7 0.64765625 0.33359375 0.0671875 0.125
7 0.49453125 0.3390625 0.0703125 0.1296875
7 0.34765625 0.34296875 0.07734375 0.128125
7 0.14296875 0.3453125 0.07890625 0.13828125
7 0.6421875 0.5421875 0.071875 0.1328125
7 0.49765625 0.546875 0.06796875 0.12734375
7 0.79296875 0.55234375 0.07265625 0.12421875
7 0.35234375 0.5546875 0.0703125 0.11171875
7 0.1765625 0.5640625 0.06640625 0.11953125
7 0.49375 0.76328125 0.06015625 0.0984375
7 0.76328125 0.7671875 0.0640625 0.0875
7 0.62421875 0.76875 0.0578125 0.0984375
7 0.36484375 0.7703125 0.06484375 0.11484375
7 0.2109375 0.771875 0.06171875 0.10390625