0 0.7953125 0.23671875 0.0640625 0.15546875
0 0.3703125 0.24921875 0.08984375 0.19921875
0 0.19296875 0.2546875 0.0953125 0.21640625
0 0.7921875 0.42421875 0.05546875 0.12109375
0 0.66953125 0.44375 0.065625 0.13046875
0 0.53046875 0.4703125 0.07734375 0.14296875
0 0.38046875 0.49609375 0.0734375 0.146875
0 0.2125 0.52421875 0.08046875 0.15390625
0 0.7546875 0.65390625 0.05859375 0.1359375
0 0.65625 0.67578125 0.0671875 0.1296875
0 0.52734375 0.71328125 0.075 0.15
0 0.3921875 0.75859375 0.07265625 0.14921875
0 0.21484375 0.80546875 0.08671875 0.17734375
0 0.5265625 0.2328125 0.07265625 0.1765625
0 0.67265625 0.23359375 0.065625 0.15625