21 0.7140625 0.4265625 0.059375 0.13125
21 0.82109375 0.4359375 0.0734375 0.10859375
21 0.59609375 0.4453125 0.0859375 0.16015625
21 0.44765625 0.46875 0.103125 0.17421875
21 0.215625 0.5109375 0.1046875 0.1875
21 0.80859375 0.653125 0.0734375 0.1
21 0.70625 0.6921875 0.06640625 0.1265625
21 0.5796875 0.7234375 0.08125 0.1515625
21 0.44453125 0.77734375 0.08671875 0.16484375
21 0.24453125 0.8453125 0.10625 0.17890625
21 0.19296875 0.12734375 0.1234375 0.19765625
21 0.446875 0.16875 0.0984375 0.17578125
21 0.5984375 0.17734375 0.07890625 0.1421875
21 0.71328125 0.1984375 0.08046875 0.12734375
21 0.8203125 0.2265625 0.0671875 0.10390625