23 0.78203125 0.3875 0.0953125 0.13671875
23 0.61796875 0.3890625 0.11796875 0.11875
23 0.2890625 0.403125 0.1453125 0.140625
23 0.4515625 0.4046875 0.125 0.1453125
23 0.11953125 0.41171875 0.1421875 0.1484375
23 0.7828125 0.56640625 0.0875 0.11171875
23 0.63125 0.571875 0.11015625 0.1
23 0.4734375 0.5828125 0.10390625 0.1
23 0.33125 0.5953125 0.1234375 0.10625
23 0.18203125 0.60390625 0.1234375 0.1
23 0.63125 0.70703125 0.096875 0.0859375
23 0.7625 0.7078125 0.09140625 0.07421875
23 0.49296875 0.7171875 0.096875 0.08828125
23 0.3578125 0.73125 0.1015625 0.0828125
23 0.22890625 0.7375 0.09140625 0.07734375