26 0.23557692307692307 0.2608173076923077 0.09495192307692307 0.15985576923076922
26 0.11538461538461539 0.28125 0.08774038461538461 0.14182692307692307
26 0.5504807692307693 0.5012019230769231 0.11298076923076923 0.14783653846153846
26 0.24879807692307693 0.5192307692307693 0.11057692307692307 0.14543269230769232
26 0.40024038461538464 0.5192307692307693 0.10576923076923077 0.16706730769230768
26 0.7271634615384616 0.5300480769230769 0.15144230769230768 0.20072115384615385
26 0.11778846153846154 0.5300480769230769 0.08173076923076923 0.1502403846153846
26 0.13822115384615385 0.7884615384615384 0.09014423076923077 0.14302884615384615
26 0.2620192307692308 0.7944711538461539 0.09375 0.140625
26 0.4014423076923077 0.8221153846153846 0.09735576923076923 0.16105769230769232
26 0.5661057692307693 0.8473557692307693 0.11177884615384616 0.15504807692307693
26 0.7487980769230769 0.890625 0.14423076923076922 0.20072115384615385
26 0.7223557692307693 0.18389423076923078 0.15625 0.2091346153846154
26 0.5204326923076923 0.20432692307692307 0.12139423076923077 0.15384615384615385
26 0.3737980769230769 0.23076923076923078 0.10697115384615384 0.15625