33 0.8421875 0.41015625 0.065625 0.1265625
33 0.7265625 0.42109375 0.07890625 0.134375
33 0.55703125 0.43828125 0.09921875 0.14140625
33 0.390625 0.471875 0.109375 0.13828125
33 0.17109375 0.50703125 0.13203125 0.1890625
33 0.85390625 0.62578125 0.07109375 0.13984375
33 0.7328125 0.6421875 0.08359375 0.13984375
33 0.57890625 0.68828125 0.09453125 0.16953125
33 0.40390625 0.73828125 0.103125 0.17109375
33 0.19609375 0.834375 0.12578125 0.18515625
33 0.175 0.159375 0.12265625 0.171875
33 0.38984375 0.16953125 0.109375 0.16953125
33 0.553125 0.1890625 0.0953125 0.15078125
33 0.7125 0.2078125 0.08515625 0.13203125
33 0.828125 0.21953125 0.065625 0.12734375