1 0.40859375 0.17265625 0.171875 0.1015625
1 0.425 0.83203125 0.15 0.0953125
1 0.42734375 0.3390625 0.165625 0.0890625
1 0.4328125 0.50546875 0.1578125 0.1
1 0.43515625 0.66875 0.1671875 0.103125
1 0.67578125 0.321875 0.159375 0.0859375
1 0.69375 0.13515625 0.1875 0.096875
1 0.69453125 0.48125 0.1625 0.109375
1 0.696875 0.64765625 0.16875 0.115625
1 0.70625 0.840625 0.1625 0.10625
1 0.18125 0.69375 0.159375 0.0765625
1 0.1953125 0.2015625 0.15 0.090625
1 0.196875 0.825 0.15625 0.0890625
1 0.20078125 0.5421875 0.18125 0.0859375
1 0.21015625 0.3671875 0.19375 0.0875