20 0.3161057692307692 0.23677884615384615 0.11298076923076923 0.14182692307692307
20 0.125 0.23918269230769232 0.12620192307692307 0.14302884615384615
20 0.7379807692307693 0.4795673076923077 0.09014423076923077 0.18629807692307693
20 0.8798076923076923 0.48677884615384615 0.08173076923076923 0.15745192307692307
20 0.546875 0.5 0.11778846153846154 0.15625
20 0.3329326923076923 0.5180288461538461 0.0985576923076923 0.15504807692307693
20 0.14302884615384615 0.5348557692307693 0.109375 0.17908653846153846
20 0.8617788461538461 0.7379807692307693 0.0829326923076923 0.1466346153846154
20 0.5264423076923077 0.7427884615384616 0.08413461538461539 0.1466346153846154
20 0.6959134615384616 0.7427884615384616 0.09014423076923077 0.15264423076923078
20 0.34375 0.7596153846153846 0.10216346153846154 0.15745192307692307
20 0.17668269230769232 0.7848557692307693 0.109375 0.16706730769230768
20 0.5348557692307693 0.21995192307692307 0.10817307692307693 0.14783653846153846
20 0.7259615384615384 0.23076923076923078 0.0829326923076923 0.14543269230769232
20 0.8737980769230769 0.23076923076923078 0.08052884615384616 0.140625