11 0.78984375 0.25546875 0.0921875 0.15703125
11 0.4609375 0.25859375 0.1046875 0.1578125
11 0.6265625 0.2609375 0.09453125 0.1640625
11 0.2984375 0.26171875 0.09375 0.15546875
11 0.1375 0.2671875 0.1109375 0.17109375
11 0.809375 0.5078125 0.07734375 0.13828125
11 0.6453125 0.51015625 0.0921875 0.1484375
11 0.490625 0.5125 0.09296875 0.14375
11 0.325 0.5171875 0.09375 0.13828125
11 0.1484375 0.5203125 0.09375 0.1546875
11 0.809375 0.7390625 0.06328125 0.1125
11 0.66484375 0.74140625 0.0890625 0.1265625
11 0.503125 0.7421875 0.0875 0.140625
11 0.35078125 0.7453125 0.09296875 0.13828125
11 0.165625 0.76484375 0.1109375 0.1484375