3 0.8088942307692307 0.4254807692307692 0.04807692307692308 0.11899038461538461
3 0.7163461538461539 0.4338942307692308 0.04567307692307692 0.12740384615384615
3 0.6009615384615384 0.4543269230769231 0.057692307692307696 0.12139423076923077
3 0.47596153846153844 0.46033653846153844 0.06129807692307692 0.12860576923076922
3 0.296875 0.5084134615384616 0.07932692307692307 0.1502403846153846
3 0.8233173076923077 0.6730769230769231 0.04927884615384615 0.125
3 0.7223557692307693 0.6875 0.06009615384615385 0.12139423076923077
3 0.6225961538461539 0.7091346153846154 0.054086538461538464 0.14182692307692307
3 0.49278846153846156 0.7524038461538461 0.057692307692307696 0.13822115384615385
3 0.3076923076923077 0.8473557692307693 0.07091346153846154 0.140625
3 0.24639423076923078 0.18389423076923078 0.07091346153846154 0.17067307692307693
3 0.4951923076923077 0.20192307692307693 0.06971153846153846 0.15865384615384615
3 0.7127403846153846 0.20432692307692307 0.04326923076923077 0.12620192307692307
3 0.6117788461538461 0.20552884615384615 0.054086538461538464 0.12740384615384615
3 0.8016826923076923 0.20793269230769232 0.04927884615384615 0.1141826923076923