29 0.1796875 0.41015625 0.06328125 0.1234375
29 0.52578125 0.42734375 0.06796875 0.125
29 0.81171875 0.43046875 0.06328125 0.12265625
29 0.328125 0.4375 0.0671875 0.10859375
29 0.65703125 0.4390625 0.06328125 0.11796875
29 0.6765625 0.7390625 0.084375 0.15078125
29 0.53125 0.74765625 0.0765625 0.14609375
29 0.13984375 0.7515625 0.06640625 0.146875
29 0.8296875 0.7609375 0.07890625 0.1421875
29 0.33828125 0.77109375 0.07734375 0.14375
29 0.20234375 0.2 0.06015625 0.10390625
29 0.38046875 0.21328125 0.06015625 0.09921875
29 0.53359375 0.21796875 0.053125 0.096875
29 0.6390625 0.22421875 0.05390625 0.1
29 0.75078125 0.225 0.05390625 0.096875