0 0.86328125 0.4453125 0.0859375 0.15625
0 0.67578125 0.453125 0.0921875 0.153125
0 0.4859375 0.475 0.09375 0.15625
0 0.31171875 0.4890625 0.08125 0.153125
0 0.140625 0.50078125 0.075 0.1453125
0 0.66171875 0.73125 0.08125 0.15
0 0.80625 0.734375 0.084375 0.1671875
0 0.48828125 0.74609375 0.09375 0.165625
0 0.33125 0.76875 0.0765625 0.153125
0 0.15 0.78125 0.0859375 0.1859375
0 0.67578125 0.19609375 0.09375 0.1875
0 0.865625 0.19765625 0.1015625 0.2
0 0.47734375 0.20234375 0.0890625 0.190625
0 0.2921875 0.21796875 0.0953125 0.203125
0 0.1171875 0.23046875 0.090625 0.20625