17 0.76484375 0.2921875 0.1015625 0.12109375
17 0.62734375 0.29921875 0.09453125 0.12578125
17 0.48515625 0.30234375 0.10078125 0.11484375
17 0.153125 0.3046875 0.10390625 0.15234375
17 0.321875 0.30703125 0.10625 0.1328125
17 0.6453125 0.5421875 0.0859375 0.13671875
17 0.796875 0.5421875 0.08515625 0.1328125
17 0.47734375 0.5640625 0.08984375 0.134375
17 0.31484375 0.56875 0.0921875 0.12890625
17 0.1578125 0.57890625 0.0875 0.15
17 0.8046875 0.75390625 0.09765625 0.10859375
17 0.64453125 0.75703125 0.0828125 0.125
17 0.48828125 0.7640625 0.1 0.11953125
17 0.3234375 0.7859375 0.08671875 0.14375
17 0.1625 0.80078125 0.07734375 0.1359375