17 0.653125 0.41796875 0.0875 0.12890625
17 0.3734375 0.42421875 0.08203125 0.1359375
17 0.515625 0.425 0.08671875 0.13828125
17 0.20234375 0.42578125 0.0859375 0.13984375
17 0.79375 0.42890625 0.096875 0.1453125
17 0.84296875 0.68125 0.1 0.1609375
17 0.70859375 0.6828125 0.1125 0.17265625
17 0.5265625 0.70078125 0.0921875 0.17109375
17 0.36015625 0.703125 0.08671875 0.15390625
17 0.15078125 0.71328125 0.084375 0.1640625
17 0.64375 0.16328125 0.078125 0.12265625
17 0.75703125 0.165625 0.0828125 0.109375
17 0.52421875 0.175 0.08828125 0.11796875
17 0.39296875 0.1796875 0.07890625 0.1234375
17 0.24140625 0.18203125 0.075 0.1328125