4 0.3737980769230769 0.2512019230769231 0.078125 0.13221153846153846
4 0.1814903846153846 0.2668269230769231 0.09134615384615384 0.15985576923076922
4 0.8137019230769231 0.26802884615384615 0.06850961538461539 0.11658653846153846
4 0.6790865384615384 0.27163461538461536 0.07451923076923077 0.13221153846153846
4 0.5408653846153846 0.2776442307692308 0.08052884615384616 0.13341346153846154
4 0.7932692307692307 0.4879807692307692 0.09254807692307693 0.10216346153846154
4 0.6370192307692307 0.5120192307692307 0.06370192307692307 0.11298076923076923
4 0.5072115384615384 0.5288461538461539 0.0733173076923077 0.11538461538461539
4 0.35096153846153844 0.5552884615384616 0.07451923076923077 0.11899038461538461
4 0.18389423076923078 0.5649038461538461 0.08533653846153846 0.13341346153846154
4 0.8004807692307693 0.7536057692307693 0.07932692307692307 0.10336538461538461
4 0.6646634615384616 0.7692307692307693 0.07572115384615384 0.11778846153846154
4 0.5132211538461539 0.7932692307692307 0.08653846153846154 0.109375
4 0.34134615384615385 0.8209134615384616 0.09495192307692307 0.11778846153846154
4 0.19110576923076922 0.8329326923076923 0.078125 0.1201923076923077