26 0.1578125 0.28828125 0.0609375 0.1515625
26 0.30859375 0.29609375 0.06484375 0.15390625
26 0.46796875 0.3078125 0.0734375 0.13046875
26 0.60859375 0.3140625 0.075 0.14140625
26 0.75625 0.32578125 0.0671875 0.1328125
26 0.17109375 0.5484375 0.0578125 0.12109375
26 0.30703125 0.55859375 0.0578125 0.11875
26 0.575 0.56328125 0.0578125 0.11328125
26 0.4390625 0.56796875 0.06640625 0.1234375
26 0.70703125 0.575 0.0640625 0.1359375
26 0.31015625 0.7578125 0.05859375 0.1125
26 0.43515625 0.76171875 0.05703125 0.115625
26 0.56015625 0.7640625 0.05625 0.11484375
26 0.6828125 0.7640625 0.06171875 0.11484375
26 0.19453125 0.76875 0.059375 0.11328125