6 0.51171875 0.24375 0.090625 0.16484375
6 0.828125 0.24453125 0.0953125 0.14140625
6 0.6625 0.24765625 0.0953125 0.15
6 0.34296875 0.25859375 0.1078125 0.171875
6 0.159375 0.2671875 0.10546875 0.159375
6 0.66171875 0.46875 0.08671875 0.14453125
6 0.82890625 0.47734375 0.0828125 0.15703125
6 0.521875 0.48046875 0.08671875 0.14765625
6 0.365625 0.51796875 0.096875 0.14375
6 0.17578125 0.53125 0.109375 0.16640625
6 0.6625 0.67109375 0.0828125 0.13984375
6 0.8265625 0.6734375 0.0875 0.14140625
6 0.5265625 0.6859375 0.0921875 0.1328125
6 0.36796875 0.70390625 0.08359375 0.13828125
6 0.1953125 0.7234375 0.1078125 0.16640625