6 0.67734375 0.38203125 0.078125 0.0796875
6 0.5734375 0.38984375 0.06875 0.0875
6 0.46953125 0.3921875 0.0765625 0.08125
6 0.353125 0.39375 0.075 0.09375
6 0.23359375 0.3953125 0.075 0.103125
6 0.59296875 0.571875 0.075 0.121875
6 0.71796875 0.575 0.075 0.11875
6 0.45390625 0.5890625 0.0765625 0.1125
6 0.3265625 0.58984375 0.06875 0.1046875
6 0.19921875 0.5921875 0.06875 0.128125
6 0.5953125 0.7640625 0.0765625 0.125
6 0.74296875 0.76796875 0.096875 0.1171875
6 0.4546875 0.76875 0.0890625 0.11875
6 0.3109375 0.778125 0.071875 0.1375
6 0.1734375 0.78828125 0.0640625 0.121875