21 0.64140625 0.4640625 0.096875 0.14609375
21 0.51171875 0.46484375 0.10703125 0.15234375
21 0.359375 0.471875 0.10703125 0.15703125
21 0.771875 0.475 0.08828125 0.13203125
21 0.20078125 0.49453125 0.103125 0.16484375
21 0.75703125 0.71484375 0.0921875 0.13359375
21 0.625 0.7296875 0.0875 0.1390625
21 0.4921875 0.740625 0.10078125 0.1328125
21 0.34609375 0.76484375 0.08828125 0.14453125
21 0.19609375 0.7796875 0.10703125 0.16640625
21 0.65 0.2171875 0.09375 0.14609375
21 0.509375 0.2234375 0.09921875 0.1640625
21 0.7859375 0.22890625 0.08984375 0.16015625
21 0.3609375 0.2296875 0.10390625 0.1484375
21 0.1984375 0.234375 0.096875 0.1609375