26 0.80390625 0.4578125 0.06328125 0.14765625
26 0.68671875 0.4703125 0.06015625 0.16796875
26 0.38203125 0.48125 0.0875 0.1828125
26 0.57890625 0.484375 0.07265625 0.1703125
26 0.24375 0.4890625 0.0984375 0.20625
26 0.7921875 0.67890625 0.053125 0.13828125
26 0.675 0.7046875 0.05859375 0.1515625
26 0.54921875 0.73828125 0.0703125 0.175
26 0.390625 0.78125 0.078125 0.175
26 0.2359375 0.825 0.0859375 0.2
26 0.25625 0.14765625 0.0875 0.17890625
26 0.40078125 0.16953125 0.06953125 0.1625
26 0.5265625 0.19296875 0.0671875 0.14609375
26 0.646875 0.2140625 0.06328125 0.15703125
26 0.76640625 0.23359375 0.06171875 0.1359375