19 0.8796875 0.24296875 0.071875 0.1328125
19 0.778125 0.48359375 0.09375 0.140625
19 0.896875 0.4890625 0.071875 0.14375
19 0.6390625 0.50078125 0.1125 0.1625
19 0.46796875 0.50859375 0.1328125 0.1625
19 0.2625 0.52265625 0.134375 0.19375
19 0.90546875 0.75078125 0.0765625 0.1578125
19 0.77734375 0.75625 0.09375 0.1390625
19 0.63125 0.79453125 0.1 0.1484375
19 0.46171875 0.8296875 0.128125 0.1765625
19 0.26015625 0.86796875 0.1421875 0.184375
19 0.26640625 0.17890625 0.121875 0.165625
19 0.459375 0.2 0.128125 0.18125
19 0.6265625 0.21875 0.109375 0.165625
19 0.7703125 0.228125 0.084375 0.1359375