0 0.62578125 0.23984375 0.08828125 0.08671875
0 0.34140625 0.24296875 0.10078125 0.08671875
0 0.76015625 0.24453125 0.10703125 0.0953125
0 0.490625 0.246875 0.08984375 0.08671875
0 0.17734375 0.24609375 0.09296875 0.09375
0 0.790625 0.42578125 0.096875 0.10625
0 0.49375 0.4265625 0.08828125 0.08203125
0 0.64296875 0.4296875 0.0984375 0.08359375
0 0.3328125 0.43828125 0.10625 0.10390625
0 0.1375 0.453125 0.090625 0.096875
0 0.81328125 0.6234375 0.090625 0.08828125
0 0.66171875 0.63203125 0.0984375 0.09296875
0 0.4921875 0.63671875 0.0953125 0.10625
0 0.1109375 0.64375 0.09453125 0.11015625
0 0.315625 0.65078125 0.0984375 0.10859375