12 0.74921875 0.4890625 0.1375 0.096875
12 0.7421875 0.259375 0.1375 0.08125
12 0.73984375 0.16484375 0.140625 0.065625
12 0.7390625 0.36015625 0.146875 0.084375
12 0.7359375 0.6359375 0.165625 0.1046875
12 0.53515625 0.17421875 0.11875 0.065625
12 0.5203125 0.26484375 0.1375 0.071875
12 0.5140625 0.36640625 0.13125 0.08125
12 0.4984375 0.503125 0.159375 0.1046875
12 0.4734375 0.6515625 0.190625 0.10625
12 0.36328125 0.18125 0.109375 0.05625
12 0.33515625 0.2671875 0.128125 0.0734375
12 0.30859375 0.37421875 0.1359375 0.0765625
12 0.27734375 0.50234375 0.1609375 0.096875
12 0.22421875 0.64609375 0.153125 0.1125