23 0.34609375 0.2640625 0.09609375 0.13046875
23 0.21875 0.26875 0.090625 0.1328125
23 0.53359375 0.28515625 0.08828125 0.1296875
23 0.6671875 0.28984375 0.09609375 0.1296875
23 0.7734375 0.29765625 0.10078125 0.12734375
23 0.1625 0.49765625 0.0984375 0.153125
23 0.290625 0.5 0.1140625 0.1421875
23 0.77265625 0.51171875 0.10078125 0.11171875
23 0.51015625 0.51484375 0.096875 0.13046875
23 0.6328125 0.5171875 0.10390625 0.1140625
23 0.44375 0.74140625 0.0984375 0.1390625
23 0.7234375 0.7421875 0.11328125 0.1375
23 0.58203125 0.7453125 0.1015625 0.1375
23 0.3 0.74765625 0.103125 0.1296875
23 0.15625 0.7546875 0.1015625 0.146875