16 0.72890625 0.2609375 0.090625 0.146875
16 0.84453125 0.29453125 0.08125 0.15
16 0.21640625 0.4671875 0.159375 0.1890625
16 0.4078125 0.4671875 0.1234375 0.165625
16 0.57109375 0.47421875 0.0984375 0.140625
16 0.70859375 0.484375 0.0921875 0.13125
16 0.8359375 0.49453125 0.09375 0.1453125
16 0.828125 0.709375 0.0875 0.15625
16 0.6984375 0.7125 0.1 0.14375
16 0.57578125 0.7375 0.0984375 0.146875
16 0.42421875 0.7546875 0.140625 0.15625
16 0.21328125 0.7625 0.171875 0.1828125
16 0.225 0.1546875 0.15 0.1953125
16 0.41796875 0.19296875 0.11875 0.15625
16 0.59140625 0.228125 0.11875 0.1546875