5 0.859375 0.24278846153846154 0.0733173076923077 0.15144230769230768
5 0.7283653846153846 0.24519230769230768 0.078125 0.17548076923076922
5 0.8461538461538461 0.5396634615384616 0.06490384615384616 0.13822115384615385
5 0.7319711538461539 0.5456730769230769 0.07451923076923077 0.1346153846153846
5 0.5877403846153846 0.5564903846153846 0.07572115384615384 0.15264423076923078
5 0.4110576923076923 0.5673076923076923 0.0829326923076923 0.13942307692307693
5 0.22956730769230768 0.5757211538461539 0.0985576923076923 0.14903846153846154
5 0.8257211538461539 0.7992788461538461 0.06129807692307692 0.12860576923076922
5 0.6959134615384616 0.8185096153846154 0.06610576923076923 0.13581730769230768
5 0.5745192307692307 0.8365384615384616 0.0673076923076923 0.13341346153846154
5 0.42427884615384615 0.8461538461538461 0.08413461538461539 0.125
5 0.26322115384615385 0.8569711538461539 0.09615384615384616 0.15504807692307693
5 0.21514423076923078 0.21634615384615385 0.1045673076923077 0.17427884615384615
5 0.42427884615384615 0.22115384615384615 0.08774038461538461 0.16346153846153846
5 0.5961538461538461 0.23317307692307693 0.07692307692307693 0.16346153846153846