1 0.84375 0.2980769230769231 0.10697115384615384 0.109375
1 0.6899038461538461 0.29927884615384615 0.09375 0.109375
1 0.53125 0.31490384615384615 0.11057692307692307 0.11658653846153846
1 0.35336538461538464 0.33052884615384615 0.1201923076923077 0.09975961538461539
1 0.15865384615384615 0.34134615384615385 0.11899038461538461 0.09735576923076923
1 0.8341346153846154 0.5060096153846154 0.09615384615384616 0.10096153846153846
1 0.6899038461538461 0.5144230769230769 0.09375 0.08653846153846154
1 0.5408653846153846 0.5252403846153846 0.09735576923076923 0.09495192307692307
1 0.3798076923076923 0.5564903846153846 0.11538461538461539 0.09375
1 0.18509615384615385 0.5841346153846154 0.09975961538461539 0.08774038461538461
1 0.8221153846153846 0.6754807692307693 0.07451923076923077 0.06971153846153846
1 0.6911057692307693 0.6947115384615384 0.0889423076923077 0.08052884615384616
1 0.5444711538461539 0.7139423076923077 0.08774038461538461 0.08052884615384616
1 0.3894230769230769 0.7367788461538461 0.09975961538461539 0.0829326923076923
1 0.21514423076923078 0.75 0.0829326923076923 0.08653846153846154