12 0.63125 0.42734375 0.0859375 0.10625
12 0.74375 0.4296875 0.0875 0.109375
12 0.4875 0.44765625 0.08046875 0.1078125
12 0.2125 0.46640625 0.0671875 0.13125
12 0.3390625 0.46953125 0.07734375 0.11328125
12 0.79453125 0.66796875 0.0875 0.134375
12 0.66328125 0.690625 0.07890625 0.1421875
12 0.515625 0.7140625 0.08046875 0.1328125
12 0.34609375 0.7234375 0.07734375 0.1328125
12 0.18203125 0.7421875 0.06171875 0.140625
12 0.6984375 0.175 0.07890625 0.09921875
12 0.23515625 0.178125 0.065625 0.11484375
12 0.5984375 0.18203125 0.07265625 0.1078125
12 0.36171875 0.1828125 0.0625 0.10546875
12 0.47890625 0.184375 0.06953125 0.109375