3 0.7953125 0.246875 0.07421875 0.12109375
3 0.68359375 0.246875 0.084375 0.11640625
3 0.5515625 0.24765625 0.08125 0.13125
3 0.40546875 0.25859375 0.08984375 0.11171875
3 0.2203125 0.278125 0.1 0.13671875
3 0.6796875 0.4578125 0.0828125 0.12421875
3 0.80859375 0.45859375 0.08671875 0.11171875
3 0.5453125 0.46953125 0.0859375 0.09453125
3 0.3734375 0.49765625 0.08515625 0.1046875
3 0.21640625 0.50625 0.07890625 0.11171875
3 0.69296875 0.71328125 0.0921875 0.103125
3 0.81796875 0.71953125 0.08125 0.09609375
3 0.5484375 0.7203125 0.08515625 0.09765625
3 0.40859375 0.734375 0.08125 0.10703125
3 0.26875 0.75234375 0.08125 0.109375