31 0.68671875 0.25 0.096875 0.12265625
31 0.83046875 0.253125 0.08828125 0.11953125
31 0.853125 0.4828125 0.09140625 0.11640625
31 0.528125 0.496875 0.10859375 0.1453125
31 0.7015625 0.49765625 0.0984375 0.14296875
31 0.32578125 0.50625 0.11015625 0.14921875
31 0.115625 0.515625 0.109375 0.16796875
31 0.7375 0.78203125 0.1140625 0.17265625
31 0.909375 0.7828125 0.08359375 0.1515625
31 0.54921875 0.8140625 0.1015625 0.1671875
31 0.31953125 0.81484375 0.0890625 0.15546875
31 0.0671875 0.83359375 0.090625 0.1796875
31 0.16015625 0.21640625 0.07578125 0.1171875
31 0.33125 0.22734375 0.07890625 0.11484375
31 0.52578125 0.23359375 0.0765625 0.11328125