8 0.15384615384615385 0.4387019230769231 0.07091346153846154 0.13701923076923078
8 0.36177884615384615 0.4411057692307692 0.07211538461538461 0.13221153846153846
8 0.5336538461538461 0.4411057692307692 0.0733173076923077 0.15144230769230768
8 0.7043269230769231 0.4495192307692308 0.0829326923076923 0.15384615384615385
8 0.8774038461538461 0.46153846153846156 0.08413461538461539 0.1502403846153846
8 0.14903846153846154 0.7427884615384616 0.07451923076923077 0.13822115384615385
8 0.5108173076923077 0.7487980769230769 0.0733173076923077 0.13942307692307693
8 0.34375 0.7512019230769231 0.07572115384615384 0.15504807692307693
8 0.6766826923076923 0.765625 0.08173076923076923 0.13822115384615385
8 0.8545673076923077 0.7680288461538461 0.07211538461538461 0.13341346153846154
8 0.1658653846153846 0.16826923076923078 0.07932692307692307 0.15264423076923078
8 0.3858173076923077 0.1814903846153846 0.07932692307692307 0.1310096153846154
8 0.7043269230769231 0.19471153846153846 0.07572115384615384 0.1346153846153846
8 0.5444711538461539 0.19471153846153846 0.06971153846153846 0.12980769230769232
8 0.875 0.20432692307692307 0.08653846153846154 0.12379807692307693