5 0.72890625 0.54140625 0.159375 0.08125
5 0.72265625 0.37421875 0.178125 0.090625
5 0.72265625 0.7078125 0.190625 0.1140625
5 0.715625 0.21875 0.1671875 0.078125
5 0.70390625 0.08359375 0.171875 0.084375
5 0.46953125 0.5578125 0.159375 0.0625
5 0.46640625 0.396875 0.1390625 0.0640625
5 0.4484375 0.11171875 0.15625 0.06875
5 0.4484375 0.25 0.1515625 0.0671875
5 0.44296875 0.7234375 0.175 0.103125
5 0.2234375 0.4078125 0.140625 0.075
5 0.22109375 0.14609375 0.1390625 0.06875
5 0.2140625 0.2640625 0.153125 0.0671875
5 0.2078125 0.575 0.153125 0.0796875
5 0.1953125 0.73828125 0.171875 0.10625