9 0.49921875 0.81328125 0.2 0.0953125
9 0.490625 0.6640625 0.19375 0.1125
9 0.48828125 0.15625 0.159375 0.0875
9 0.48125 0.49140625 0.1984375 0.0875
9 0.4765625 0.32734375 0.175 0.0953125
9 0.22265625 0.165625 0.196875 0.09375
9 0.19609375 0.34375 0.1859375 0.103125
9 0.18125 0.8265625 0.209375 0.10625
9 0.17109375 0.5078125 0.2125 0.128125
9 0.16796875 0.66953125 0.19375 0.1171875
9 0.80390625 0.7953125 0.203125 0.0890625
9 0.79765625 0.63671875 0.20625 0.096875
9 0.784375 0.48671875 0.2 0.1
9 0.7796875 0.321875 0.18125 0.084375
9 0.76953125 0.146875 0.190625 0.10625