21 0.51796875 0.25625 0.09765625 0.1546875
21 0.6484375 0.2703125 0.1046875 0.14921875
21 0.75234375 0.2734375 0.08046875 0.128125
21 0.68203125 0.49140625 0.10546875 0.13671875
21 0.175 0.4984375 0.12265625 0.1953125
21 0.79609375 0.5015625 0.09375 0.1546875
21 0.54921875 0.50703125 0.1 0.1390625
21 0.3578125 0.5109375 0.10546875 0.1609375
21 0.78984375 0.6859375 0.075 0.1203125
21 0.690625 0.7125 0.096875 0.13125
21 0.55 0.74921875 0.09921875 0.1421875
21 0.37421875 0.7921875 0.109375 0.16484375
21 0.15703125 0.8234375 0.13359375 0.18125
21 0.1765625 0.21640625 0.1 0.15546875
21 0.36015625 0.234375 0.0984375 0.14609375