0 0.5600961538461539 0.453125 0.12620192307692307 0.12740384615384615
0 0.7548076923076923 0.46274038461538464 0.1346153846153846 0.17067307692307693
0 0.3954326923076923 0.47115384615384615 0.12379807692307693 0.140625
0 0.23918269230769232 0.4831730769230769 0.10817307692307693 0.14903846153846154
0 0.09014423076923077 0.4987980769230769 0.10576923076923077 0.15985576923076922
0 0.7836538461538461 0.7391826923076923 0.125 0.1466346153846154
0 0.6021634615384616 0.7463942307692307 0.11177884615384616 0.15144230769230768
0 0.41346153846153844 0.7596153846153846 0.12860576923076922 0.14783653846153846
0 0.09495192307692307 0.7764423076923077 0.109375 0.1346153846153846
0 0.2644230769230769 0.7788461538461539 0.12740384615384615 0.14543269230769232
0 0.7716346153846154 0.15264423076923078 0.11057692307692307 0.1466346153846154
0 0.6069711538461539 0.1622596153846154 0.13221153846153846 0.13581730769230768
0 0.25721153846153844 0.17668269230769232 0.125 0.15144230769230768
0 0.43990384615384615 0.17908653846153846 0.12620192307692307 0.15144230769230768
0 0.09975961538461539 0.18269230769230768 0.08774038461538461 0.15504807692307693