32 0.85390625 0.240625 0.078125 0.14453125
32 0.146875 0.47578125 0.08125 0.1609375
32 0.49375 0.48984375 0.0734375 0.140625
32 0.33203125 0.49453125 0.078125 0.1421875
32 0.6375 0.5 0.07578125 0.13828125
32 0.77890625 0.509375 0.07890625 0.13828125
32 0.13515625 0.7578125 0.0765625 0.16875
32 0.30859375 0.76171875 0.07578125 0.13828125
32 0.4421875 0.76875 0.071875 0.1328125
32 0.58046875 0.78515625 0.08828125 0.14140625
32 0.73125 0.79453125 0.07265625 0.13359375
32 0.15 0.17578125 0.0796875 0.14921875
32 0.35234375 0.19609375 0.0796875 0.15546875
32 0.53828125 0.1984375 0.075 0.14609375
32 0.696875 0.21953125 0.0734375 0.15703125