5 0.6586538461538461 0.4699519230769231 0.08413461538461539 0.14302884615384615
5 0.7860576923076923 0.4795673076923077 0.07211538461538461 0.140625
5 0.5096153846153846 0.4807692307692308 0.078125 0.14182692307692307
5 0.19110576923076922 0.4855769230769231 0.0673076923076923 0.15985576923076922
5 0.375 0.48677884615384615 0.07091346153846154 0.1466346153846154
5 0.18269230769230768 0.7944711538461539 0.06129807692307692 0.16105769230769232
5 0.7740384615384616 0.796875 0.07572115384615384 0.13581730769230768
5 0.6550480769230769 0.7992788461538461 0.06850961538461539 0.1310096153846154
5 0.5084134615384616 0.8004807692307693 0.0829326923076923 0.14423076923076922
5 0.35697115384615385 0.8040865384615384 0.0733173076923077 0.16105769230769232
5 0.6610576923076923 0.15504807692307693 0.07692307692307693 0.13581730769230768
5 0.7908653846153846 0.15745192307692307 0.0889423076923077 0.13701923076923078
5 0.5432692307692307 0.16346153846153846 0.08774038461538461 0.14903846153846154
5 0.21394230769230768 0.16947115384615385 0.0733173076923077 0.15144230769230768
5 0.3942307692307692 0.17307692307692307 0.08653846153846154 0.14423076923076922