25 0.44375 0.259375 0.115625 0.140625
25 0.29140625 0.2828125 0.115625 0.128125
25 0.1671875 0.303125 0.09375 0.140625
25 0.61640625 0.51484375 0.146875 0.146875
25 0.79765625 0.51796875 0.14375 0.159375
25 0.4390625 0.52109375 0.096875 0.153125
25 0.3 0.525 0.0875 0.15
25 0.16796875 0.5296875 0.090625 0.16875
25 0.19453125 0.76640625 0.1015625 0.115625
25 0.31875 0.78359375 0.0890625 0.121875
25 0.46015625 0.79765625 0.121875 0.1390625
25 0.640625 0.83046875 0.146875 0.1625
25 0.8328125 0.8546875 0.115625 0.16875
25 0.74375 0.2140625 0.1203125 0.1375
25 0.59296875 0.23203125 0.121875 0.1421875