21 0.5829326923076923 0.24158653846153846 0.10096153846153846 0.12980769230769232
21 0.4483173076923077 0.24519230769230768 0.11538461538461539 0.13942307692307693
21 0.703125 0.24879807692307693 0.09134615384615384 0.12860576923076922
21 0.8137019230769231 0.25240384615384615 0.09014423076923077 0.125
21 0.25 0.2620192307692308 0.15144230769230768 0.1622596153846154
21 0.828125 0.41947115384615385 0.08533653846153846 0.12980769230769232
21 0.7175480769230769 0.42788461538461536 0.09495192307692307 0.109375
21 0.6057692307692307 0.45072115384615385 0.10216346153846154 0.11778846153846154
21 0.46634615384615385 0.47836538461538464 0.140625 0.1502403846153846
21 0.26802884615384615 0.5168269230769231 0.16466346153846154 0.15504807692307693
21 0.8389423076923077 0.609375 0.06971153846153846 0.11298076923076923
21 0.7451923076923077 0.6418269230769231 0.08413461538461539 0.1141826923076923
21 0.625 0.6814903846153846 0.11298076923076923 0.11538461538461539
21 0.4699519230769231 0.7295673076923077 0.12980769230769232 0.14783653846153846
21 0.2920673076923077 0.7956730769230769 0.16826923076923078 0.18028846153846154