34 0.090625 0.2390625 0.07734375 0.18515625
34 0.55546875 0.47734375 0.10703125 0.16796875
34 0.3859375 0.484375 0.1046875 0.16953125
34 0.74375 0.49296875 0.12109375 0.209375
34 0.09609375 0.49375 0.0828125 0.16171875
34 0.2359375 0.49765625 0.0859375 0.17578125
34 0.11015625 0.75 0.078125 0.12421875
34 0.23359375 0.76171875 0.09140625 0.1609375
34 0.390625 0.76796875 0.0875 0.153125
34 0.55546875 0.79140625 0.11015625 0.17421875
34 0.74921875 0.81640625 0.14140625 0.20625
34 0.73828125 0.15234375 0.1375 0.1671875
34 0.53125 0.1734375 0.12890625 0.18125
34 0.36953125 0.19140625 0.0921875 0.16484375
34 0.21953125 0.2109375 0.09609375 0.18984375