3 0.25234375 0.65078125 0.175 0.0609375
3 0.253125 0.75546875 0.146875 0.053125
3 0.2765625 0.85234375 0.140625 0.0515625
3 0.51015625 0.84609375 0.153125 0.04375
3 0.5171875 0.7453125 0.15625 0.06875
3 0.51875 0.6296875 0.146875 0.071875
3 0.534375 0.34609375 0.178125 0.1171875
3 0.53515625 0.50625 0.165625 0.078125
3 0.74453125 0.8234375 0.146875 0.059375
3 0.77265625 0.7359375 0.1359375 0.0640625
3 0.796875 0.63671875 0.1515625 0.071875
3 0.81484375 0.5 0.1640625 0.084375
3 0.8515625 0.33203125 0.178125 0.103125
3 0.190625 0.359375 0.2296875 0.109375
3 0.23359375 0.521875 0.196875 0.0875