3 0.809375 0.2859375 0.07734375 0.125
3 0.6734375 0.28828125 0.08046875 0.13203125
3 0.51875 0.30625 0.0875 0.13046875
3 0.353125 0.31640625 0.1109375 0.13203125
3 0.1328125 0.334375 0.1 0.1234375
3 0.7828125 0.5515625 0.07578125 0.1109375
3 0.63359375 0.5578125 0.08125 0.10234375
3 0.46953125 0.5734375 0.0765625 0.1125
3 0.3171875 0.590625 0.08984375 0.115625
3 0.15546875 0.6125 0.0734375 0.1203125
3 0.7734375 0.7765625 0.08046875 0.0984375
3 0.62734375 0.77734375 0.084375 0.09609375
3 0.48515625 0.7828125 0.0875 0.096875
3 0.3546875 0.80546875 0.07734375 0.0890625
3 0.209375 0.815625 0.084375 0.09140625