22 0.234375 0.41586538461538464 0.07211538461538461 0.14423076923076922
22 0.14903846153846154 0.4170673076923077 0.0625 0.12620192307692307
22 0.33533653846153844 0.42788461538461536 0.07572115384615384 0.13581730769230768
22 0.48197115384615385 0.4387019230769231 0.11538461538461539 0.1622596153846154
22 0.6634615384615384 0.46153846153846156 0.14182692307692307 0.18870192307692307
22 0.16346153846153846 0.6237980769230769 0.06490384615384616 0.13581730769230768
22 0.2512019230769231 0.6490384615384616 0.07692307692307693 0.14182692307692307
22 0.3449519230769231 0.6634615384615384 0.08653846153846154 0.14423076923076922
22 0.48197115384615385 0.6971153846153846 0.11658653846153846 0.1658653846153846
22 0.6622596153846154 0.7524038461538461 0.14423076923076922 0.2091346153846154
22 0.6478365384615384 0.19471153846153846 0.1310096153846154 0.22235576923076922
22 0.4675480769230769 0.1971153846153846 0.109375 0.18269230769230768
22 0.31850961538461536 0.21153846153846154 0.06850961538461539 0.17307692307692307
22 0.21514423076923078 0.21995192307692307 0.06971153846153846 0.14182692307692307
22 0.12860576923076922 0.22596153846153846 0.051682692307692304 0.13942307692307693