20 0.8375 0.43828125 0.09453125 0.175
20 0.734375 0.44296875 0.096875 0.15859375
20 0.61953125 0.45703125 0.1015625 0.17265625
20 0.2296875 0.46484375 0.09296875 0.15234375
20 0.48828125 0.471875 0.09296875 0.15234375
20 0.7921875 0.69765625 0.09453125 0.1734375
20 0.68046875 0.715625 0.0953125 0.178125
20 0.559375 0.7296875 0.0953125 0.153125
20 0.43125 0.75234375 0.096875 0.1625
20 0.20625 0.790625 0.10390625 0.190625
20 0.81328125 0.14609375 0.08828125 0.1640625
20 0.69375 0.15078125 0.09140625 0.1625
20 0.26484375 0.1578125 0.09921875 0.1625
20 0.5875 0.16171875 0.0890625 0.16953125
20 0.4203125 0.16875 0.0921875 0.15703125