0 0.115625 0.2390625 0.0671875 0.18203125
0 0.6484375 0.4734375 0.06953125 0.15859375
0 0.82890625 0.478125 0.071875 0.1515625
0 0.4640625 0.50234375 0.07890625 0.17109375
0 0.3171875 0.51171875 0.075 0.15078125
0 0.134375 0.54296875 0.07421875 0.184375
0 0.809375 0.70859375 0.0796875 0.15390625
0 0.63984375 0.72265625 0.075 0.1265625
0 0.46796875 0.7625 0.0796875 0.1453125
0 0.32734375 0.76796875 0.0734375 0.17421875
0 0.1515625 0.80078125 0.0765625 0.15625
0 0.85703125 0.2140625 0.08359375 0.15546875
0 0.46875 0.2171875 0.07109375 0.18046875
0 0.671875 0.22890625 0.07421875 0.196875
0 0.29765625 0.23125 0.0734375 0.18984375