10 0.6109375 0.3234375 0.084375 0.15625
10 0.7578125 0.325 0.08984375 0.15625
10 0.48671875 0.33515625 0.0890625 0.14765625
10 0.35625 0.33984375 0.09921875 0.15390625
10 0.2125 0.34765625 0.075 0.1484375
10 0.76015625 0.58046875 0.07890625 0.1390625
10 0.63515625 0.5859375 0.0859375 0.1515625
10 0.509375 0.58984375 0.075 0.1515625
10 0.3765625 0.5921875 0.08125 0.15
10 0.21484375 0.59296875 0.07578125 0.1484375
10 0.22421875 0.78359375 0.075 0.140625
10 0.5109375 0.78828125 0.08125 0.13046875
10 0.64296875 0.7890625 0.07890625 0.1375
10 0.37578125 0.79375 0.07421875 0.1421875
10 0.74140625 0.79765625 0.08515625 0.14609375