11 0.3 0.50703125 0.096875 0.14375
11 0.68359375 0.509375 0.0875 0.1421875
11 0.5 0.51171875 0.09375 0.140625
11 0.88046875 0.51328125 0.08125 0.134375
11 0.1296875 0.53125 0.0921875 0.14375
11 0.86796875 0.7546875 0.078125 0.1234375
11 0.70546875 0.76171875 0.078125 0.10625
11 0.52265625 0.7734375 0.09375 0.1234375
11 0.3015625 0.778125 0.075 0.14375
11 0.1515625 0.79609375 0.075 0.1078125
11 0.4546875 0.20625 0.09375 0.11875
11 0.653125 0.20625 0.090625 0.134375
11 0.27578125 0.2125 0.096875 0.1328125
11 0.86171875 0.2140625 0.0875 0.13125
11 0.08828125 0.23203125 0.084375 0.1375