18 0.19296875 0.24375 0.15546875 0.19921875
18 0.825 0.42109375 0.06796875 0.1265625
18 0.6921875 0.4421875 0.08125 0.12109375
18 0.546875 0.46015625 0.0859375 0.13828125
18 0.38125 0.48984375 0.12578125 0.159375
18 0.1796875 0.52890625 0.1453125 0.18984375
18 0.740625 0.646875 0.06640625 0.1140625
18 0.6421875 0.67421875 0.08203125 0.14140625
18 0.52109375 0.71484375 0.10234375 0.14296875
18 0.37265625 0.78203125 0.11796875 0.1703125
18 0.18671875 0.83828125 0.1421875 0.196875
18 0.4015625 0.21640625 0.13046875 0.1734375
18 0.5671875 0.2171875 0.0875 0.14609375
18 0.8203125 0.2328125 0.0671875 0.121875
18 0.6984375 0.234375 0.08984375 0.1234375