16 0.728125 0.753125 0.1125 0.1140625
16 0.7203125 0.61328125 0.1078125 0.1140625
16 0.7078125 0.46171875 0.1015625 0.103125
16 0.69765625 0.1703125 0.1125 0.1125
16 0.69375 0.30546875 0.1125 0.096875
16 0.52734375 0.79609375 0.140625 0.14375
16 0.51796875 0.62265625 0.140625 0.134375
16 0.509375 0.459375 0.1234375 0.109375
16 0.49375 0.11875 0.134375 0.10625
16 0.49375 0.2890625 0.11875 0.1125
16 0.30703125 0.85859375 0.159375 0.1484375
16 0.28984375 0.64765625 0.153125 0.146875
16 0.2734375 0.46796875 0.15 0.1265625
16 0.26015625 0.08125 0.15625 0.1234375
16 0.25546875 0.27890625 0.146875 0.121875