32 0.30859375 0.2375 0.08984375 0.16640625
32 0.17421875 0.26640625 0.06875 0.1578125
32 0.07734375 0.28671875 0.0671875 0.15078125
32 0.621875 0.49453125 0.10703125 0.18046875
32 0.45234375 0.50625 0.09140625 0.178125
32 0.3046875 0.525 0.0734375 0.15703125
32 0.18046875 0.53671875 0.0671875 0.1546875
32 0.08671875 0.5453125 0.06015625 0.184375
32 0.11328125 0.83203125 0.065625 0.15703125
32 0.20703125 0.8328125 0.0703125 0.15546875
32 0.32578125 0.8359375 0.0703125 0.15703125
32 0.47890625 0.85703125 0.08359375 0.1625
32 0.6671875 0.890625 0.13125 0.21875
32 0.634375 0.17421875 0.125 0.19140625
32 0.446875 0.196875 0.1046875 0.171875