11 0.22890625 0.2375 0.0609375 0.09375
11 0.128125 0.271875 0.046875 0.10078125
11 0.75546875 0.4625 0.1109375 0.15703125
11 0.54609375 0.465625 0.0921875 0.1390625
11 0.39296875 0.47109375 0.07890625 0.13203125
11 0.25703125 0.47734375 0.06796875 0.1203125
11 0.1609375 0.496875 0.05546875 0.121875
11 0.2703125 0.70546875 0.0515625 0.115625
11 0.18046875 0.70625 0.04453125 0.0984375
11 0.428125 0.71875 0.07421875 0.1234375
11 0.5875 0.7265625 0.0828125 0.11953125
11 0.7640625 0.73828125 0.1 0.15234375
11 0.70546875 0.13125 0.103125 0.12578125
11 0.49453125 0.171875 0.0875 0.12109375
11 0.3421875 0.20859375 0.07109375 0.1