4 0.76328125 0.39296875 0.0484375 0.1125
4 0.67421875 0.421875 0.0515625 0.11875
4 0.5828125 0.43828125 0.059375 0.1265625
4 0.45703125 0.4703125 0.075 0.14375
4 0.2859375 0.51328125 0.1046875 0.190625
4 0.74921875 0.596875 0.0421875 0.0875
4 0.6828125 0.621875 0.04375 0.0984375
4 0.58515625 0.66953125 0.05 0.1046875
4 0.4625 0.72734375 0.06875 0.1171875
4 0.29375 0.8015625 0.0875 0.16875
4 0.565625 0.18125 0.0671875 0.115625
4 0.67734375 0.18828125 0.059375 0.1171875
4 0.76953125 0.19296875 0.0515625 0.115625
4 0.4515625 0.203125 0.0703125 0.1375
4 0.27421875 0.209375 0.090625 0.159375