23 0.8046875 0.390625 0.10703125 0.13515625
23 0.6375 0.40390625 0.1328125 0.1234375
23 0.4609375 0.425 0.1265625 0.13828125
23 0.30234375 0.44375 0.11640625 0.13359375
23 0.134375 0.4484375 0.13671875 0.14296875
23 0.81171875 0.5515625 0.10390625 0.10390625
23 0.64765625 0.56953125 0.11796875 0.11640625
23 0.49296875 0.603125 0.11953125 0.1171875
23 0.34765625 0.63203125 0.1328125 0.13828125
23 0.17265625 0.66015625 0.15625 0.11953125
23 0.79609375 0.7171875 0.10390625 0.09609375
23 0.66171875 0.73515625 0.11015625 0.0984375
23 0.50078125 0.7609375 0.11328125 0.09453125
23 0.35625 0.79765625 0.121875 0.1015625
23 0.19921875 0.8140625 0.13671875 0.1125