8 0.51328125 0.80078125 0.1390625 0.0625
8 0.503125 0.67734375 0.1453125 0.0671875
8 0.5 0.5375 0.1609375 0.0640625
8 0.49375 0.38828125 0.16875 0.0765625
8 0.4921875 0.22109375 0.190625 0.084375
8 0.26953125 0.7984375 0.175 0.059375
8 0.25 0.69140625 0.18125 0.071875
8 0.2359375 0.54140625 0.175 0.06875
8 0.21796875 0.40078125 0.184375 0.090625
8 0.19765625 0.221875 0.2 0.1
8 0.8328125 0.2171875 0.2203125 0.109375
8 0.8171875 0.37578125 0.215625 0.090625
8 0.79921875 0.50859375 0.19375 0.0765625
8 0.77890625 0.64609375 0.16875 0.0625
8 0.7671875 0.7578125 0.16875 0.059375