4 0.1734375 0.24765625 0.08125 0.1375
4 0.7984375 0.45234375 0.0734375 0.125
4 0.64765625 0.47265625 0.08125 0.134375
4 0.51328125 0.4734375 0.075 0.128125
4 0.36484375 0.4890625 0.0828125 0.140625
4 0.19140625 0.5046875 0.090625 0.165625
4 0.79296875 0.70546875 0.0671875 0.1078125
4 0.67734375 0.7140625 0.0671875 0.11875
4 0.53046875 0.73359375 0.075 0.125
4 0.38203125 0.7484375 0.078125 0.121875
4 0.20859375 0.7609375 0.08125 0.1515625
4 0.78984375 0.20625 0.0859375 0.134375
4 0.478125 0.20703125 0.0875 0.125
4 0.63203125 0.209375 0.08125 0.13125
4 0.34140625 0.23515625 0.078125 0.125