6 0.6646634615384616 0.39903846153846156 0.078125 0.1622596153846154
6 0.7884615384615384 0.40625 0.07211538461538461 0.16706730769230768
6 0.5084134615384616 0.421875 0.07572115384615384 0.15985576923076922
6 0.36177884615384615 0.4338942307692308 0.07211538461538461 0.1502403846153846
6 0.15745192307692307 0.46033653846153844 0.0733173076923077 0.15264423076923078
6 0.7956730769230769 0.6682692307692307 0.07211538461538461 0.18269230769230768
6 0.6730769230769231 0.6730769230769231 0.08413461538461539 0.1814903846153846
6 0.49759615384615385 0.6959134615384616 0.08173076923076923 0.18509615384615385
6 0.3557692307692308 0.6983173076923077 0.07932692307692307 0.17548076923076922
6 0.15384615384615385 0.7079326923076923 0.0829326923076923 0.20552884615384615
6 0.5336538461538461 0.16826923076923078 0.06370192307692307 0.12379807692307693
6 0.6634615384615384 0.17307692307692307 0.07932692307692307 0.15625
6 0.7752403846153846 0.17668269230769232 0.07091346153846154 0.13581730769230768
6 0.1814903846153846 0.18269230769230768 0.08052884615384616 0.16706730769230768
6 0.3918269230769231 0.18509615384615385 0.06971153846153846 0.1466346153846154