32 0.47109375 0.47421875 0.1109375 0.1609375
32 0.6671875 0.47578125 0.11328125 0.1375
32 0.8625 0.4828125 0.12421875 0.13125
32 0.28515625 0.50234375 0.1140625 0.17109375
32 0.0859375 0.50703125 0.09609375 0.1890625
32 0.6453125 0.8375 0.109375 0.1765625
32 0.26640625 0.84921875 0.10078125 0.190625
32 0.828125 0.85078125 0.1125 0.1984375
32 0.46328125 0.853125 0.09921875 0.17890625
32 0.0921875 0.86015625 0.0859375 0.21328125
32 0.4640625 0.13515625 0.10859375 0.14375
32 0.30390625 0.1359375 0.1125 0.1515625
32 0.66171875 0.1375 0.12890625 0.16171875
32 0.08828125 0.146875 0.1015625 0.1703125
32 0.846875 0.15234375 0.11171875 0.1515625