4 0.7046875 0.7875 0.11875 0.0984375
4 0.70390625 0.465625 0.1203125 0.078125
4 0.7 0.62890625 0.13125 0.08125
4 0.69921875 0.30546875 0.1484375 0.0796875
4 0.690625 0.1609375 0.13125 0.078125
4 0.5140625 0.78203125 0.11875 0.075
4 0.4984375 0.6546875 0.109375 0.078125
4 0.49453125 0.48984375 0.10625 0.059375
4 0.484375 0.3140625 0.1125 0.0734375
4 0.4796875 0.15390625 0.1359375 0.08125
4 0.2984375 0.8078125 0.1078125 0.0890625
4 0.290625 0.653125 0.103125 0.084375
4 0.275 0.4796875 0.125 0.078125
4 0.2625 0.31328125 0.1375 0.078125
4 0.25078125 0.16015625 0.175 0.0890625