6 0.44453125 0.23828125 0.08359375 0.0890625
6 0.31171875 0.2390625 0.103125 0.09140625
6 0.1640625 0.246875 0.11171875 0.11640625
6 0.509375 0.525 0.084375 0.13046875
6 0.6625 0.52578125 0.08828125 0.128125
6 0.1875 0.528125 0.0953125 0.11875
6 0.790625 0.52890625 0.08984375 0.1296875
6 0.35234375 0.53515625 0.10234375 0.128125
6 0.18515625 0.734375 0.075 0.14921875
6 0.3453125 0.75625 0.09921875 0.12734375
6 0.6765625 0.765625 0.09140625 0.1421875
6 0.82421875 0.7703125 0.08984375 0.140625
6 0.496875 0.7703125 0.0984375 0.1515625
6 0.74765625 0.2171875 0.09921875 0.10390625
6 0.578125 0.225 0.09140625 0.09609375