6 0.79609375 0.42734375 0.10625 0.153125
6 0.6171875 0.428125 0.1171875 0.1578125
6 0.13984375 0.43125 0.078125 0.15
6 0.43125 0.43359375 0.09375 0.146875
6 0.28671875 0.4359375 0.1 0.16875
6 0.3140625 0.678125 0.1015625 0.15625
6 0.62578125 0.67890625 0.1140625 0.16875
6 0.46328125 0.68125 0.0921875 0.15625
6 0.134375 0.68203125 0.096875 0.1671875
6 0.78203125 0.68984375 0.090625 0.159375
6 0.59609375 0.184375 0.0890625 0.15625
6 0.75 0.19140625 0.096875 0.146875
6 0.153125 0.19453125 0.1046875 0.1375
6 0.446875 0.20234375 0.0984375 0.1640625
6 0.296875 0.21171875 0.09375 0.1453125