24 0.79921875 0.4171875 0.1140625 0.1390625
24 0.634375 0.4265625 0.11796875 0.13828125
24 0.4625 0.42890625 0.08984375 0.12265625
24 0.3046875 0.43984375 0.10703125 0.14921875
24 0.13671875 0.44296875 0.109375 0.14765625
24 0.6265625 0.6171875 0.12265625 0.13359375
24 0.7890625 0.61796875 0.1109375 0.14375
24 0.46640625 0.6375 0.1078125 0.13046875
24 0.3234375 0.6671875 0.1109375 0.1390625
24 0.1578125 0.6875 0.1203125 0.1296875
24 0.10703125 0.21484375 0.0859375 0.1625
24 0.2796875 0.21484375 0.10546875 0.15859375
24 0.63515625 0.215625 0.1125 0.1453125
24 0.44609375 0.21875 0.0890625 0.1625
24 0.78828125 0.22890625 0.0953125 0.1609375