11 0.8245192307692307 0.23798076923076922 0.07572115384615384 0.14182692307692307
11 0.8317307692307693 0.46274038461538464 0.06971153846153846 0.125
11 0.7259615384615384 0.4639423076923077 0.07091346153846154 0.13942307692307693
11 0.6045673076923077 0.47596153846153844 0.07692307692307693 0.13701923076923078
11 0.49158653846153844 0.5036057692307693 0.06610576923076923 0.14543269230769232
11 0.24759615384615385 0.5288461538461539 0.1045673076923077 0.16105769230769232
11 0.8197115384615384 0.6790865384615384 0.0673076923076923 0.13221153846153846
11 0.7151442307692307 0.6899038461538461 0.07932692307692307 0.1310096153846154
11 0.5985576923076923 0.7139423076923077 0.08052884615384616 0.13701923076923078
11 0.44591346153846156 0.7644230769230769 0.08413461538461539 0.13341346153846154
11 0.2403846153846154 0.8052884615384616 0.09735576923076923 0.15865384615384615
11 0.26322115384615385 0.20552884615384615 0.10096153846153846 0.15144230769230768
11 0.453125 0.21033653846153846 0.08533653846153846 0.13701923076923078
11 0.6213942307692307 0.22115384615384615 0.07692307692307693 0.12620192307692307
11 0.7295673076923077 0.22235576923076922 0.07451923076923077 0.12860576923076922