27 0.21875 0.5084134615384616 0.07451923076923077 0.11778846153846154
27 0.07692307692307693 0.5144230769230769 0.06490384615384616 0.13701923076923078
27 0.35096153846153844 0.5204326923076923 0.07451923076923077 0.11538461538461539
27 0.5216346153846154 0.5300480769230769 0.08653846153846154 0.14302884615384615
27 0.7115384615384616 0.5432692307692307 0.09975961538461539 0.16346153846153846
27 0.09735576923076923 0.7872596153846154 0.0733173076923077 0.13581730769230768
27 0.24639423076923078 0.8028846153846154 0.0733173076923077 0.12379807692307693
27 0.375 0.8040865384615384 0.07572115384615384 0.140625
27 0.5480769230769231 0.8341346153846154 0.08533653846153846 0.13822115384615385
27 0.7584134615384616 0.875 0.09014423076923077 0.16947115384615385
27 0.7463942307692307 0.15985576923076922 0.12980769230769232 0.16346153846153846
27 0.5384615384615384 0.16105769230769232 0.09014423076923077 0.15264423076923078
27 0.3389423076923077 0.171875 0.08173076923076923 0.13581730769230768
27 0.2091346153846154 0.18629807692307693 0.07932692307692307 0.1466346153846154
27 0.07932692307692307 0.19471153846153846 0.06610576923076923 0.14302884615384615