26 0.4699519230769231 0.3449519230769231 0.10576923076923077 0.1201923076923077
26 0.3245192307692308 0.3449519230769231 0.09615384615384616 0.12139423076923077
26 0.171875 0.34615384615384615 0.1045673076923077 0.11778846153846154
26 0.7992788461538461 0.35336538461538464 0.09254807692307693 0.1310096153846154
26 0.6346153846153846 0.35697115384615385 0.10576923076923077 0.13701923076923078
26 0.6382211538461539 0.5685096153846154 0.09254807692307693 0.0985576923076923
26 0.7824519230769231 0.5757211538461539 0.0985576923076923 0.1141826923076923
26 0.4951923076923077 0.5865384615384616 0.08653846153846154 0.11778846153846154
26 0.3629807692307692 0.5889423076923077 0.07692307692307693 0.10697115384615384
26 0.21033653846153846 0.6009615384615384 0.11538461538461539 0.12259615384615384
26 0.7584134615384616 0.8100961538461539 0.0673076923076923 0.09495192307692307
26 0.6538461538461539 0.8173076923076923 0.08052884615384616 0.10096153846153846
26 0.5276442307692307 0.8245192307692307 0.08653846153846154 0.09014423076923077
26 0.40024038461538464 0.8389423076923077 0.09254807692307693 0.10096153846153846
26 0.24639423076923078 0.8461538461538461 0.08653846153846154 0.09014423076923077