0 0.8028846153846154 0.23918269230769232 0.10096153846153846 0.15144230769230768
0 0.8112980769230769 0.47716346153846156 0.09134615384615384 0.13942307692307693
0 0.6778846153846154 0.49038461538461536 0.10817307692307693 0.14182692307692307
0 0.4098557692307692 0.5048076923076923 0.12379807692307693 0.1658653846153846
0 0.5504807692307693 0.5060096153846154 0.10697115384615384 0.1502403846153846
0 0.23076923076923078 0.5216346153846154 0.15144230769230768 0.1971153846153846
0 0.8365384615384616 0.6850961538461539 0.07091346153846154 0.1346153846153846
0 0.7115384615384616 0.7139423076923077 0.10576923076923077 0.16346153846153846
0 0.5661057692307693 0.7427884615384616 0.0985576923076923 0.15144230769230768
0 0.43990384615384615 0.7668269230769231 0.109375 0.15625
0 0.2548076923076923 0.8257211538461539 0.16706730769230768 0.1778846153846154
0 0.6862980769230769 0.22596153846153846 0.09495192307692307 0.15625
0 0.5384615384615384 0.23076923076923078 0.11658653846153846 0.15625
0 0.39302884615384615 0.23197115384615385 0.12860576923076922 0.16947115384615385
0 0.20673076923076922 0.23317307692307693 0.16947115384615385 0.20793269230769232