3 0.35703125 0.26171875 0.07265625 0.1328125
3 0.7578125 0.2703125 0.075 0.10078125
3 0.18359375 0.27109375 0.078125 0.1359375
3 0.63359375 0.27734375 0.075 0.1171875
3 0.50625 0.284375 0.0765625 0.1171875
3 0.75859375 0.4734375 0.09296875 0.1046875
3 0.596875 0.496875 0.07265625 0.11015625
3 0.4765625 0.51015625 0.07265625 0.11484375
3 0.31796875 0.5265625 0.071875 0.12265625
3 0.15078125 0.53671875 0.0828125 0.1296875
3 0.790625 0.75703125 0.096875 0.12109375
3 0.6390625 0.76953125 0.0875 0.128125
3 0.47578125 0.7890625 0.08671875 0.11875
3 0.28828125 0.80859375 0.09296875 0.1390625
3 0.125 0.8234375 0.08203125 0.1515625