7 0.69609375 0.47109375 0.0734375 0.1546875
7 0.1890625 0.47109375 0.1234375 0.21171875
7 0.828125 0.47421875 0.06328125 0.15234375
7 0.3796875 0.47421875 0.09453125 0.17109375
7 0.53046875 0.49140625 0.075 0.15859375
7 0.8421875 0.7296875 0.06875 0.13125
7 0.7015625 0.759375 0.0734375 0.16640625
7 0.54140625 0.78515625 0.08515625 0.175
7 0.37734375 0.80859375 0.1140625 0.1953125
7 0.1828125 0.81796875 0.12109375 0.21796875
7 0.20859375 0.11875 0.1015625 0.1703125
7 0.38203125 0.153125 0.078125 0.1875
7 0.553125 0.165625 0.084375 0.165625
7 0.6828125 0.18125 0.06796875 0.17265625
7 0.83203125 0.20703125 0.06328125 0.1546875