7 0.16947115384615385 0.25600961538461536 0.08413461538461539 0.13942307692307693
7 0.5048076923076923 0.25721153846153844 0.08413461538461539 0.15144230769230768
7 0.34375 0.25961538461538464 0.09254807692307693 0.140625
7 0.6442307692307693 0.2644230769230769 0.09975961538461539 0.13822115384615385
7 0.7992788461538461 0.27163461538461536 0.10336538461538461 0.12740384615384615
7 0.6586538461538461 0.4723557692307692 0.09014423076923077 0.14423076923076922
7 0.515625 0.4807692307692308 0.08413461538461539 0.15504807692307693
7 0.828125 0.48677884615384615 0.09495192307692307 0.171875
7 0.34615384615384615 0.5 0.09735576923076923 0.15264423076923078
7 0.14423076923076922 0.5060096153846154 0.09975961538461539 0.1875
7 0.6706730769230769 0.6995192307692307 0.09975961538461539 0.15865384615384615
7 0.5168269230769231 0.7091346153846154 0.10096153846153846 0.16466346153846154
7 0.8605769230769231 0.7175480769230769 0.10336538461538461 0.15865384615384615
7 0.3317307692307692 0.7307692307692307 0.09735576923076923 0.1814903846153846
7 0.12259615384615384 0.7403846153846154 0.11658653846153846 0.19951923076923078