11 0.46484375 0.23984375 0.071875 0.13515625
11 0.33515625 0.2546875 0.071875 0.14609375
11 0.1875 0.26015625 0.07734375 0.1421875
11 0.60625 0.4328125 0.07734375 0.115625
11 0.73984375 0.4328125 0.0890625 0.125
11 0.47109375 0.4421875 0.0859375 0.12109375
11 0.33828125 0.46484375 0.07421875 0.12734375
11 0.18671875 0.4765625 0.0671875 0.11953125
11 0.72265625 0.61953125 0.08125 0.12734375
11 0.59453125 0.64140625 0.0984375 0.12578125
11 0.45 0.64921875 0.0765625 0.12890625
11 0.33515625 0.65859375 0.07421875 0.1296875
11 0.1984375 0.67578125 0.078125 0.15859375
11 0.72109375 0.22578125 0.08046875 0.13203125
11 0.57890625 0.23046875 0.07265625 0.1390625