21 0.81796875 0.25078125 0.0625 0.109375
21 0.696875 0.446875 0.08203125 0.13515625
21 0.82109375 0.446875 0.06640625 0.13515625
21 0.54921875 0.45078125 0.09453125 0.13828125
21 0.3765625 0.47734375 0.1015625 0.15390625
21 0.17109375 0.49140625 0.121875 0.2046875
21 0.82578125 0.615625 0.046875 0.1
21 0.71328125 0.63828125 0.065625 0.11796875
21 0.56171875 0.67109375 0.08671875 0.1171875
21 0.4015625 0.728125 0.12421875 0.1421875
21 0.19453125 0.78828125 0.12578125 0.1953125
21 0.17578125 0.14296875 0.13828125 0.19609375
21 0.38203125 0.16328125 0.0984375 0.15625
21 0.53515625 0.184375 0.06953125 0.128125
21 0.68515625 0.20546875 0.090625 0.128125