24 0.7921875 0.3296875 0.1203125 0.1359375
24 0.5875 0.34375 0.1171875 0.13046875
24 0.42578125 0.35546875 0.1125 0.121875
24 0.24609375 0.378125 0.12734375 0.15703125
24 0.06328125 0.3875 0.10703125 0.1671875
24 0.61015625 0.53671875 0.1140625 0.10703125
24 0.78359375 0.53984375 0.12109375 0.10859375
24 0.4578125 0.5671875 0.13359375 0.10234375
24 0.3046875 0.5890625 0.12421875 0.1078125
24 0.13046875 0.61640625 0.1296875 0.125
24 0.7859375 0.6796875 0.115625 0.0921875
24 0.62890625 0.696875 0.13046875 0.0984375
24 0.46484375 0.721875 0.12578125 0.09140625
24 0.3390625 0.73515625 0.12265625 0.10859375
24 0.19140625 0.759375 0.12109375 0.0953125