11 0.12890625 0.2421875 0.125 0.1453125
11 0.90078125 0.24296875 0.08359375 0.15546875
11 0.73671875 0.24375 0.08828125 0.146875
11 0.31640625 0.24609375 0.10859375 0.140625
11 0.7390625 0.4984375 0.08984375 0.18671875
11 0.54296875 0.51328125 0.11328125 0.1640625
11 0.89453125 0.515625 0.08515625 0.16796875
11 0.33125 0.5203125 0.0953125 0.1546875
11 0.15234375 0.528125 0.10234375 0.17578125
11 0.51640625 0.74609375 0.078125 0.14453125
11 0.34140625 0.7484375 0.0953125 0.15390625
11 0.18984375 0.7578125 0.09921875 0.15390625
11 0.6859375 0.7578125 0.0859375 0.15
11 0.85859375 0.76640625 0.08046875 0.1484375
11 0.53515625 0.23203125 0.10859375 0.16171875