3 0.5973557692307693 0.4579326923076923 0.07451923076923077 0.1658653846153846
3 0.7536057692307693 0.46274038461538464 0.051682692307692304 0.13341346153846154
3 0.8822115384615384 0.46274038461538464 0.06850961538461539 0.15264423076923078
3 0.4411057692307692 0.4807692307692308 0.05889423076923077 0.15865384615384615
3 0.19471153846153846 0.49278846153846156 0.08173076923076923 0.1935096153846154
3 0.8641826923076923 0.6971153846153846 0.05048076923076923 0.13581730769230768
3 0.7560096153846154 0.7091346153846154 0.04807692307692308 0.14182692307692307
3 0.6213942307692307 0.7415865384615384 0.06610576923076923 0.13701923076923078
3 0.4651442307692308 0.7692307692307693 0.057692307692307696 0.14903846153846154
3 0.22115384615384615 0.8425480769230769 0.07451923076923077 0.17307692307692307
3 0.4026442307692308 0.18509615384615385 0.06850961538461539 0.14903846153846154
3 0.1778846153846154 0.18629807692307693 0.06850961538461539 0.15504807692307693
3 0.5757211538461539 0.1971153846153846 0.06129807692307692 0.16706730769230768
3 0.7295673076923077 0.20793269230769232 0.06370192307692307 0.15264423076923078
3 0.8509615384615384 0.2247596153846154 0.05048076923076923 0.16105769230769232