25 0.440625 0.446875 0.1203125 0.1359375
25 0.63046875 0.446875 0.140625 0.121875
25 0.2703125 0.453125 0.1328125 0.153125
25 0.80546875 0.45703125 0.1140625 0.13125
25 0.10625 0.47265625 0.1453125 0.1734375
25 0.8109375 0.703125 0.125 0.1203125
25 0.63359375 0.70703125 0.121875 0.11875
25 0.47265625 0.7171875 0.1296875 0.11875
25 0.29921875 0.740625 0.1234375 0.121875
25 0.15546875 0.77421875 0.125 0.140625
25 0.61328125 0.1625 0.140625 0.146875
25 0.4140625 0.17890625 0.121875 0.1625
25 0.8046875 0.18125 0.1546875 0.1578125
25 0.2484375 0.1875 0.121875 0.159375
25 0.08046875 0.19375 0.096875 0.159375