115 0.8203125 0.45859375 0.12578125 0.14921875
115 0.63359375 0.46171875 0.10859375 0.14609375
115 0.46953125 0.46484375 0.1015625 0.14140625
115 0.29921875 0.48125 0.09921875 0.13359375
115 0.1328125 0.496875 0.1046875 0.13359375
115 0.7875 0.70390625 0.13359375 0.1265625
115 0.47421875 0.7046875 0.103125 0.13671875
115 0.60625 0.70859375 0.09296875 0.1328125
115 0.31171875 0.71796875 0.0953125 0.13125
115 0.1453125 0.74765625 0.09765625 0.1375
115 0.65546875 0.184375 0.1328125 0.14453125
115 0.46484375 0.1859375 0.121875 0.15546875
115 0.27890625 0.18828125 0.10703125 0.14453125
115 0.84609375 0.190625 0.1421875 0.1421875
115 0.1078125 0.2015625 0.1046875 0.1578125