15 0.4651442307692308 0.2403846153846154 0.09254807692307693 0.12259615384615384
15 0.3245192307692308 0.2512019230769231 0.09975961538461539 0.1346153846153846
15 0.16466346153846154 0.2548076923076923 0.12740384615384615 0.1466346153846154
15 0.6442307692307693 0.45552884615384615 0.09975961538461539 0.14783653846153846
15 0.7896634615384616 0.46634615384615385 0.09134615384615384 0.15384615384615385
15 0.49759615384615385 0.46875 0.10096153846153846 0.14903846153846154
15 0.17067307692307693 0.4807692307692308 0.09375 0.140625
15 0.3425480769230769 0.4831730769230769 0.1045673076923077 0.14543269230769232
15 0.6778846153846154 0.7211538461538461 0.11177884615384616 0.16466346153846154
15 0.5072115384615384 0.7259615384615384 0.10576923076923077 0.15504807692307693
15 0.3269230769230769 0.7367788461538461 0.1045673076923077 0.14903846153846154
15 0.17067307692307693 0.7367788461538461 0.0829326923076923 0.15504807692307693
15 0.8401442307692307 0.7536057692307693 0.09375 0.13221153846153846
15 0.7536057692307693 0.22355769230769232 0.1045673076923077 0.12980769230769232
15 0.5997596153846154 0.22956730769230768 0.09615384615384616 0.13701923076923078