0 0.5456730769230769 0.4266826923076923 0.1045673076923077 0.11298076923076923
0 0.40384615384615385 0.4338942307692308 0.109375 0.11899038461538461
0 0.7163461538461539 0.4387019230769231 0.11899038461538461 0.12860576923076922
0 0.26802884615384615 0.44471153846153844 0.09615384615384616 0.125
0 0.1346153846153846 0.45552884615384615 0.09735576923076923 0.12860576923076922
0 0.7536057692307693 0.6802884615384616 0.1141826923076923 0.1310096153846154
0 0.5805288461538461 0.6838942307692307 0.1045673076923077 0.14783653846153846
0 0.40625 0.6911057692307693 0.12139423076923077 0.14182692307692307
0 0.10096153846153846 0.6995192307692307 0.11298076923076923 0.13581730769230768
0 0.2644230769230769 0.7079326923076923 0.1201923076923077 0.13942307692307693
0 0.7223557692307693 0.20552884615384615 0.09735576923076923 0.1045673076923077
0 0.5877403846153846 0.20793269230769232 0.1045673076923077 0.10817307692307693
0 0.30408653846153844 0.21153846153846154 0.10697115384615384 0.10576923076923077
0 0.1778846153846154 0.21514423076923078 0.08173076923076923 0.11298076923076923
0 0.45552884615384615 0.21514423076923078 0.10096153846153846 0.11298076923076923