14 0.1515625 0.2390625 0.0828125 0.12890625
14 0.70078125 0.35859375 0.1109375 0.19453125
14 0.55078125 0.38203125 0.09140625 0.1703125
14 0.39453125 0.40625 0.07890625 0.15703125
14 0.26015625 0.41171875 0.09140625 0.134375
14 0.10859375 0.41953125 0.084375 0.13671875
14 0.38203125 0.60625 0.08125 0.16640625
14 0.55078125 0.609375 0.09453125 0.18671875
14 0.07109375 0.61953125 0.07421875 0.13203125
14 0.21796875 0.62109375 0.07421875 0.171875
14 0.7140625 0.6359375 0.0921875 0.22109375
14 0.6703125 0.1375 0.08671875 0.128125
14 0.53515625 0.1609375 0.07265625 0.1375
14 0.40234375 0.1953125 0.07265625 0.14453125
14 0.27578125 0.2234375 0.06953125 0.14453125