115 0.79296875 0.25390625 0.1015625 0.12109375
115 0.6390625 0.25703125 0.10390625 0.12734375
115 0.47890625 0.25859375 0.10859375 0.13515625
115 0.328125 0.26328125 0.10078125 0.14453125
115 0.17265625 0.2765625 0.1046875 0.1375
115 0.765625 0.45078125 0.09921875 0.1046875
115 0.61328125 0.45703125 0.08125 0.09921875
115 0.48125 0.4734375 0.078125 0.09375
115 0.36015625 0.48515625 0.090625 0.1078125
115 0.2203125 0.48984375 0.090625 0.11328125
115 0.7328125 0.60625 0.08828125 0.08671875
115 0.60078125 0.60703125 0.0703125 0.0828125
115 0.4890625 0.6125 0.0734375 0.0796875
115 0.37734375 0.62109375 0.07578125 0.08359375
115 0.25234375 0.6453125 0.08046875 0.084375