14 0.59921875 0.4765625 0.0859375 0.13671875
14 0.784375 0.48515625 0.09453125 0.15703125
14 0.44609375 0.48984375 0.0828125 0.1546875
14 0.27109375 0.5109375 0.08984375 0.15859375
14 0.1078125 0.5125 0.09453125 0.15859375
14 0.778125 0.74296875 0.07734375 0.15390625
14 0.63125 0.75 0.07421875 0.128125
14 0.45546875 0.7640625 0.08671875 0.153125
14 0.278125 0.7734375 0.075 0.14921875
14 0.13359375 0.79140625 0.09609375 0.1515625
14 0.69140625 0.18359375 0.121875 0.16796875
14 0.49609375 0.190625 0.1109375 0.16953125
14 0.8484375 0.19453125 0.109375 0.15390625
14 0.2921875 0.20703125 0.1203125 0.1703125
14 0.10390625 0.21953125 0.11015625 0.16796875