25 0.746875 0.3421875 0.11875 0.140625
25 0.74375 0.1734375 0.140625 0.11875
25 0.74375 0.52109375 0.115625 0.11875
25 0.74140625 0.67421875 0.1203125 0.109375
25 0.7359375 0.80390625 0.1015625 0.103125
25 0.5 0.321875 0.15625 0.115625
25 0.5 0.12109375 0.19375 0.13125
25 0.49921875 0.50078125 0.153125 0.1
25 0.4984375 0.68984375 0.140625 0.146875
25 0.4875 0.85234375 0.14375 0.11875
25 0.19921875 0.11640625 0.15625 0.1578125
25 0.19609375 0.31171875 0.1484375 0.121875
25 0.1953125 0.50546875 0.159375 0.140625
25 0.18515625 0.71171875 0.159375 0.1484375
25 0.1828125 0.89609375 0.159375 0.103125