0 0.5796875 0.7828125 0.1234375 0.05
0 0.57890625 0.68125 0.134375 0.0578125
0 0.5625 0.55546875 0.14375 0.0625
0 0.53671875 0.4109375 0.165625 0.06875
0 0.5109375 0.25859375 0.190625 0.09375
0 0.37109375 0.76640625 0.1265625 0.0453125
0 0.35078125 0.66640625 0.1375 0.0515625
0 0.32421875 0.55 0.140625 0.0609375
0 0.2734375 0.41328125 0.153125 0.0609375
0 0.22109375 0.27578125 0.1875 0.096875
0 0.83203125 0.2390625 0.203125 0.0953125
0 0.83125 0.409375 0.1765625 0.08125
0 0.82265625 0.55390625 0.165625 0.065625
0 0.8109375 0.684375 0.1453125 0.053125
0 0.78984375 0.7875 0.14375 0.046875