5 0.6370192307692307 0.43990384615384615 0.09014423076923077 0.14182692307692307
5 0.1778846153846154 0.43990384615384615 0.07091346153846154 0.14423076923076922
5 0.35697115384615385 0.44591346153846156 0.06850961538461539 0.14182692307692307
5 0.49038461538461536 0.44711538461538464 0.08173076923076923 0.1310096153846154
5 0.7728365384615384 0.45552884615384615 0.07572115384615384 0.1346153846153846
5 0.13942307692307693 0.7427884615384616 0.06370192307692307 0.16466346153846154
5 0.3173076923076923 0.765625 0.07692307692307693 0.16346153846153846
5 0.4795673076923077 0.7728365384615384 0.08533653846153846 0.15504807692307693
5 0.6358173076923077 0.7776442307692307 0.07572115384615384 0.14903846153846154
5 0.765625 0.7836538461538461 0.08653846153846154 0.14903846153846154
5 0.22355769230769232 0.15144230769230768 0.06490384615384616 0.12620192307692307
5 0.6430288461538461 0.15504807692307693 0.0673076923076923 0.12139423076923077
5 0.5348557692307693 0.15865384615384615 0.08173076923076923 0.12740384615384615
5 0.7668269230769231 0.15985576923076922 0.08173076923076923 0.11538461538461539
5 0.3942307692307692 0.1658653846153846 0.07451923076923077 0.13341346153846154