26 0.19471153846153846 0.33413461538461536 0.109375 0.12379807692307693
26 0.34975961538461536 0.33653846153846156 0.09615384615384616 0.12259615384615384
26 0.49759615384615385 0.33774038461538464 0.10817307692307693 0.125
26 0.6646634615384616 0.35336538461538464 0.109375 0.14182692307692307
26 0.8317307692307693 0.3545673076923077 0.09495192307692307 0.1346153846153846
26 0.6646634615384616 0.5697115384615384 0.09495192307692307 0.09975961538461539
26 0.8125 0.5817307692307693 0.09975961538461539 0.1201923076923077
26 0.5192307692307693 0.5841346153846154 0.0889423076923077 0.11778846153846154
26 0.38341346153846156 0.5877403846153846 0.07932692307692307 0.11177884615384616
26 0.2283653846153846 0.5985576923076923 0.11899038461538461 0.12980769230769232
26 0.7860576923076923 0.8233173076923077 0.0673076923076923 0.09495192307692307
26 0.6778846153846154 0.8257211538461539 0.08173076923076923 0.0985576923076923
26 0.5480769230769231 0.8329326923076923 0.09014423076923077 0.09134615384615384
26 0.4182692307692308 0.8497596153846154 0.09375 0.10216346153846154
26 0.2608173076923077 0.8509615384615384 0.09014423076923077 0.09254807692307693