13 0.25390625 0.259375 0.121875 0.1265625
13 0.775 0.26640625 0.11875 0.121875
13 0.6015625 0.26875 0.121875 0.11875
13 0.41796875 0.275 0.1 0.1109375
13 0.09453125 0.28046875 0.1140625 0.13125
13 0.60546875 0.42890625 0.109375 0.1
13 0.4328125 0.4328125 0.1125 0.096875
13 0.76484375 0.4359375 0.1125 0.103125
13 0.27578125 0.4421875 0.11875 0.103125
13 0.134375 0.465625 0.121875 0.115625
13 0.76796875 0.61875 0.115625 0.09375
13 0.60625 0.6234375 0.115625 0.103125
13 0.4515625 0.63984375 0.103125 0.0921875
13 0.31171875 0.64765625 0.0921875 0.103125
13 0.178125 0.659375 0.1125 0.103125