1 0.8317307692307693 0.3076923076923077 0.09375 0.09134615384615384
1 0.6646634615384616 0.3137019230769231 0.09975961538461539 0.07451923076923077
1 0.49399038461538464 0.3293269230769231 0.08173076923076923 0.07932692307692307
1 0.3137019230769231 0.3545673076923077 0.11057692307692307 0.08653846153846154
1 0.14423076923076922 0.38461538461538464 0.0889423076923077 0.09495192307692307
1 0.8221153846153846 0.5180288461538461 0.0889423076923077 0.06971153846153846
1 0.6550480769230769 0.53125 0.08653846153846154 0.078125
1 0.4951923076923077 0.5432692307692307 0.08413461538461539 0.07451923076923077
1 0.32091346153846156 0.5576923076923077 0.08413461538461539 0.06850961538461539
1 0.15865384615384615 0.5673076923076923 0.05889423076923077 0.07091346153846154
1 0.8028846153846154 0.7055288461538461 0.07572115384615384 0.06971153846153846
1 0.6574519230769231 0.7163461538461539 0.08413461538461539 0.07572115384615384
1 0.5 0.7295673076923077 0.0733173076923077 0.06971153846153846
1 0.33533653846153844 0.75 0.07572115384615384 0.07211538461538461
1 0.18509615384615385 0.7644230769230769 0.0673076923076923 0.06850961538461539