28 0.8569711538461539 0.25721153846153844 0.1141826923076923 0.1310096153846154
28 0.6574519230769231 0.2608173076923077 0.11899038461538461 0.16466346153846154
28 0.46634615384615385 0.27884615384615385 0.1141826923076923 0.18509615384615385
28 0.27524038461538464 0.28125 0.1141826923076923 0.1622596153846154
28 0.0985576923076923 0.29086538461538464 0.09735576923076923 0.17908653846153846
28 0.8197115384615384 0.5504807692307693 0.0985576923076923 0.1466346153846154
28 0.65625 0.5540865384615384 0.0985576923076923 0.15504807692307693
28 0.49278846153846156 0.5685096153846154 0.09495192307692307 0.15144230769230768
28 0.30528846153846156 0.5769230769230769 0.0829326923076923 0.14903846153846154
28 0.13221153846153846 0.5877403846153846 0.08653846153846154 0.17668269230769232
28 0.7908653846153846 0.7920673076923077 0.07451923076923077 0.1201923076923077
28 0.6394230769230769 0.8016826923076923 0.08653846153846154 0.12259615384615384
28 0.4891826923076923 0.8112980769230769 0.0733173076923077 0.12620192307692307
28 0.3317307692307692 0.8401442307692307 0.08533653846153846 0.12980769230769232
28 0.1971153846153846 0.8581730769230769 0.07932692307692307 0.13341346153846154