11 0.1359375 0.24296875 0.0546875 0.15078125
11 0.31953125 0.52734375 0.0578125 0.14453125
11 0.23046875 0.5296875 0.06015625 0.15859375
11 0.55234375 0.5296875 0.0859375 0.15859375
11 0.41953125 0.53515625 0.0609375 0.15546875
11 0.14140625 0.53515625 0.06328125 0.15546875
11 0.14921875 0.7640625 0.0640625 0.13828125
11 0.24375 0.771875 0.05625 0.13046875
11 0.33046875 0.7796875 0.05859375 0.15546875
11 0.42265625 0.79375 0.06640625 0.1546875
11 0.55703125 0.81796875 0.08515625 0.1703125
11 0.590625 0.171875 0.07734375 0.1734375
11 0.42265625 0.1984375 0.06796875 0.14609375
11 0.31015625 0.2046875 0.06484375 0.14453125
11 0.221875 0.22578125 0.0578125 0.1484375