20 0.4807692307692308 0.23798076923076922 0.08413461538461539 0.14182692307692307
20 0.12740384615384615 0.23918269230769232 0.09254807692307693 0.13341346153846154
20 0.6574519230769231 0.2439903846153846 0.09014423076923077 0.1346153846153846
20 0.8269230769230769 0.2536057692307692 0.08413461538461539 0.140625
20 0.13822115384615385 0.47115384615384615 0.09975961538461539 0.12139423076923077
20 0.32091346153846156 0.47836538461538464 0.10697115384615384 0.12139423076923077
20 0.515625 0.4795673076923077 0.09134615384615384 0.10697115384615384
20 0.6983173076923077 0.4795673076923077 0.0889423076923077 0.10697115384615384
20 0.8605769230769231 0.5060096153846154 0.08413461538461539 0.1201923076923077
20 0.7103365384615384 0.6911057692307693 0.08413461538461539 0.13942307692307693
20 0.8581730769230769 0.7007211538461539 0.07692307692307693 0.1141826923076923
20 0.5300480769230769 0.7103365384615384 0.08413461538461539 0.1141826923076923
20 0.33653846153846156 0.7223557692307693 0.08774038461538461 0.11177884615384616
20 0.16466346153846154 0.7235576923076923 0.08774038461538461 0.12860576923076922
20 0.30288461538461536 0.23317307692307693 0.08173076923076923 0.140625