1 0.8413461538461539 0.3161057692307692 0.09014423076923077 0.0733173076923077
1 0.6935096153846154 0.3161057692307692 0.09254807692307693 0.07211538461538461
1 0.5408653846153846 0.3293269230769231 0.09134615384615384 0.06850961538461539
1 0.37259615384615385 0.33413461538461536 0.07211538461538461 0.06370192307692307
1 0.16466346153846154 0.34375 0.08052884615384616 0.0625
1 0.8629807692307693 0.53125 0.0889423076923077 0.08653846153846154
1 0.7211538461538461 0.5348557692307693 0.09254807692307693 0.08052884615384616
1 0.5540865384615384 0.5576923076923077 0.08533653846153846 0.07572115384615384
1 0.3713942307692308 0.5757211538461539 0.09254807692307693 0.07692307692307693
1 0.140625 0.578125 0.09254807692307693 0.08052884615384616
1 0.18389423076923078 0.1201923076923077 0.08774038461538461 0.0829326923076923
1 0.3786057692307692 0.12259615384615384 0.10576923076923077 0.07091346153846154
1 0.5444711538461539 0.12379807692307693 0.109375 0.07692307692307693
1 0.8100961538461539 0.12620192307692307 0.07211538461538461 0.07211538461538461
1 0.6802884615384616 0.12740384615384615 0.09134615384615384 0.07091346153846154