6 0.3453125 0.2546875 0.0875 0.1125
6 0.5 0.2578125 0.090625 0.1171875
6 0.65859375 0.26015625 0.10703125 0.128125
6 0.1765625 0.265625 0.08828125 0.12109375
6 0.79375 0.27421875 0.1078125 0.13046875
6 0.15234375 0.47890625 0.0859375 0.13125
6 0.62890625 0.4859375 0.09921875 0.1484375
6 0.475 0.48984375 0.09296875 0.13984375
6 0.3234375 0.48984375 0.09453125 0.1546875
6 0.7875 0.5046875 0.10625 0.13203125
6 0.32109375 0.7 0.0984375 0.134375
6 0.1359375 0.7046875 0.08984375 0.13984375
6 0.45703125 0.7109375 0.0890625 0.14609375
6 0.61875 0.72734375 0.11640625 0.140625
6 0.78203125 0.7390625 0.1 0.13515625