4 0.75234375 0.1734375 0.1375 0.08125
4 0.54765625 0.7984375 0.125 0.0734375
4 0.52734375 0.64765625 0.134375 0.08125
4 0.5265625 0.51328125 0.128125 0.075
4 0.5109375 0.36484375 0.140625 0.0828125
4 0.4953125 0.19140625 0.165625 0.090625
4 0.29453125 0.79296875 0.1078125 0.0671875
4 0.2859375 0.67734375 0.11875 0.0671875
4 0.26640625 0.53046875 0.125 0.075
4 0.2515625 0.38203125 0.121875 0.078125
4 0.2390625 0.20859375 0.1515625 0.08125
4 0.79375 0.78984375 0.134375 0.0859375
4 0.79296875 0.478125 0.125 0.0875
4 0.790625 0.63203125 0.13125 0.08125
4 0.76484375 0.34140625 0.125 0.078125