0 0.26640625 0.33359375 0.1421875 0.071875
0 0.26953125 0.51015625 0.153125 0.075
0 0.27109375 0.18046875 0.146875 0.06875
0 0.28125 0.68203125 0.146875 0.096875
0 0.29609375 0.84609375 0.159375 0.090625
0 0.478125 0.2078125 0.103125 0.071875
0 0.478125 0.35078125 0.109375 0.071875
0 0.48984375 0.5015625 0.109375 0.0734375
0 0.51015625 0.65546875 0.115625 0.071875
0 0.52265625 0.79609375 0.125 0.096875
0 0.6453125 0.25078125 0.0921875 0.0625
0 0.6515625 0.37578125 0.09375 0.0609375
0 0.6578125 0.50546875 0.0921875 0.0625
0 0.678125 0.6390625 0.0921875 0.05625
0 0.69765625 0.75 0.1140625 0.08125