31 0.253125 0.5125 0.06328125 0.125
31 0.4390625 0.5140625 0.075 0.12890625
31 0.13515625 0.521875 0.05625 0.1203125
31 0.58671875 0.5234375 0.08515625 0.12890625
31 0.72734375 0.5234375 0.0859375 0.1359375
31 0.146875 0.74609375 0.06640625 0.12578125
31 0.2609375 0.76171875 0.06484375 0.115625
31 0.39765625 0.7828125 0.0734375 0.13359375
31 0.546875 0.8125 0.07421875 0.13515625
31 0.69375 0.840625 0.0859375 0.1359375
31 0.7046875 0.18515625 0.08828125 0.1390625
31 0.55 0.19609375 0.08203125 0.13671875
31 0.40546875 0.2015625 0.078125 0.14765625
31 0.25703125 0.20390625 0.06875 0.12421875
31 0.12421875 0.2203125 0.0640625 0.12578125