13 0.6622596153846154 0.41225961538461536 0.07572115384615384 0.12980769230769232
13 0.7980769230769231 0.42788461538461536 0.08052884615384616 0.15384615384615385
13 0.5084134615384616 0.42908653846153844 0.08052884615384616 0.14783653846153846
13 0.37740384615384615 0.44350961538461536 0.078125 0.13822115384615385
13 0.23076923076923078 0.45913461538461536 0.09735576923076923 0.14903846153846154
13 0.6646634615384616 0.609375 0.078125 0.12620192307692307
13 0.7992788461538461 0.6129807692307693 0.06850961538461539 0.14182692307692307
13 0.5168269230769231 0.6322115384615384 0.07692307692307693 0.12980769230769232
13 0.39783653846153844 0.6526442307692307 0.08653846153846154 0.12740384615384615
13 0.25961538461538464 0.6634615384615384 0.07932692307692307 0.1310096153846154
13 0.7872596153846154 0.7872596153846154 0.06490384615384616 0.109375
13 0.6466346153846154 0.8040865384615384 0.05889423076923077 0.09975961538461539
13 0.5072115384615384 0.8173076923076923 0.06610576923076923 0.10697115384615384
13 0.39302884615384615 0.8341346153846154 0.08052884615384616 0.11899038461538461
13 0.265625 0.8533653846153846 0.056490384615384616 0.1141826923076923