10 0.61953125 0.24296875 0.07578125 0.13203125
10 0.75078125 0.24609375 0.084375 0.1375
10 0.50390625 0.2515625 0.07421875 0.12578125
10 0.3921875 0.2546875 0.06953125 0.1359375
10 0.2609375 0.26015625 0.0640625 0.1203125
10 0.5171875 0.475 0.0734375 0.1390625
10 0.21875 0.47890625 0.06875 0.14375
10 0.37578125 0.48125 0.071875 0.15703125
10 0.64609375 0.484375 0.08359375 0.15859375
10 0.77265625 0.484375 0.08515625 0.13515625
10 0.1921875 0.69140625 0.0796875 0.18125
10 0.5015625 0.70390625 0.0765625 0.14921875
10 0.353125 0.71015625 0.0828125 0.1625
10 0.6546875 0.715625 0.07890625 0.159375
10 0.7734375 0.73203125 0.09453125 0.16796875