35 0.1875 0.2359375 0.07265625 0.13203125
35 0.2984375 0.459375 0.06796875 0.13671875
35 0.41875 0.459375 0.0953125 0.14375
35 0.7078125 0.465625 0.1171875 0.19296875
35 0.175 0.465625 0.0703125 0.15078125
35 0.53984375 0.465625 0.0828125 0.18046875
35 0.17734375 0.7046875 0.0703125 0.140625
35 0.29765625 0.71171875 0.0859375 0.1671875
35 0.44375 0.725 0.08828125 0.17421875
35 0.57890625 0.753125 0.10390625 0.178125
35 0.76640625 0.79609375 0.140625 0.225
35 0.690625 0.14609375 0.10625 0.16015625
35 0.53671875 0.1609375 0.0828125 0.1265625
35 0.4125 0.1859375 0.08046875 0.11875
35 0.3 0.20546875 0.0796875 0.13984375