22 0.8569711538461539 0.4723557692307692 0.0985576923076923 0.1778846153846154
22 0.6382211538461539 0.49158653846153844 0.10697115384615384 0.15264423076923078
22 0.4483173076923077 0.5048076923076923 0.1045673076923077 0.1658653846153846
22 0.2704326923076923 0.5144230769230769 0.109375 0.17427884615384615
22 0.09014423076923077 0.5552884615384616 0.10697115384615384 0.16826923076923078
22 0.8641826923076923 0.7139423076923077 0.10576923076923077 0.17067307692307693
22 0.6550480769230769 0.734375 0.11778846153846154 0.15264423076923078
22 0.45913461538461536 0.75 0.11177884615384616 0.15745192307692307
22 0.2956730769230769 0.7680288461538461 0.09615384615384616 0.13341346153846154
22 0.1310096153846154 0.8052884615384616 0.10817307692307693 0.15865384615384615
22 0.42908653846153844 0.20072115384615385 0.1045673076923077 0.19831730769230768
22 0.6262019230769231 0.203125 0.12980769230769232 0.17427884615384615
22 0.8617788461538461 0.2127403846153846 0.12259615384615384 0.1971153846153846
22 0.25600961538461536 0.22355769230769232 0.11298076923076923 0.19230769230769232
22 0.08052884615384616 0.2247596153846154 0.09495192307692307 0.17548076923076922