22 0.8296875 0.2984375 0.1234375 0.14921875
22 0.65859375 0.30546875 0.12109375 0.12890625
22 0.5046875 0.32578125 0.14140625 0.14375
22 0.309375 0.33984375 0.13359375 0.153125
22 0.09921875 0.35234375 0.12578125 0.14765625
22 0.82265625 0.5328125 0.1234375 0.1109375
22 0.6515625 0.54375 0.125 0.12265625
22 0.4953125 0.55703125 0.13125 0.13046875
22 0.30859375 0.57421875 0.13203125 0.15234375
22 0.159375 0.58203125 0.10625 0.1546875
22 0.34609375 0.77890625 0.10546875 0.13125
22 0.4828125 0.78046875 0.10625 0.11640625
22 0.64609375 0.78359375 0.1125 0.09609375
22 0.790625 0.78515625 0.13515625 0.12890625
22 0.20625 0.79609375 0.11171875 0.1265625