4 0.16826923076923078 0.25961538461538464 0.056490384615384616 0.13221153846153846
4 0.6911057692307693 0.44591346153846156 0.109375 0.12259615384615384
4 0.5228365384615384 0.4675480769230769 0.06610576923076923 0.11538461538461539
4 0.4098557692307692 0.4855769230769231 0.06009615384615385 0.10817307692307693
4 0.2848557692307692 0.5024038461538461 0.06009615384615385 0.11057692307692307
4 0.17908653846153846 0.5060096153846154 0.052884615384615384 0.11177884615384616
4 0.18990384615384615 0.7259615384615384 0.056490384615384616 0.10096153846153846
4 0.4170673076923077 0.7379807692307693 0.0733173076923077 0.1045673076923077
4 0.28966346153846156 0.7379807692307693 0.07211538461538461 0.11899038461538461
4 0.5564903846153846 0.7427884615384616 0.0733173076923077 0.11538461538461539
4 0.7103365384615384 0.7536057692307693 0.09615384615384616 0.12620192307692307
4 0.7091346153846154 0.17668269230769232 0.07572115384615384 0.12980769230769232
4 0.5552884615384616 0.20552884615384615 0.07451923076923077 0.12379807692307693
4 0.29447115384615385 0.22235576923076922 0.05889423076923077 0.12379807692307693
4 0.4254807692307692 0.2283653846153846 0.07211538461538461 0.125