18 0.475 0.24140625 0.0828125 0.14375
18 0.328125 0.2421875 0.09609375 0.134375
18 0.19453125 0.24609375 0.08671875 0.13046875
18 0.775 0.45078125 0.11171875 0.16171875
18 0.62890625 0.45234375 0.09921875 0.13984375
18 0.471875 0.46171875 0.0859375 0.15078125
18 0.31171875 0.48046875 0.0890625 0.1390625
18 0.15703125 0.48828125 0.071875 0.1578125
18 0.7703125 0.72421875 0.10234375 0.19921875
18 0.578125 0.73671875 0.090625 0.215625
18 0.2640625 0.74765625 0.0890625 0.1671875
18 0.4109375 0.7515625 0.09453125 0.19296875
18 0.12109375 0.7625 0.07578125 0.171875
18 0.59609375 0.23203125 0.09921875 0.15078125
18 0.72265625 0.234375 0.090625 0.153125