3 0.5612980769230769 0.23557692307692307 0.0733173076923077 0.15504807692307693
3 0.41346153846153844 0.2512019230769231 0.07572115384615384 0.171875
3 0.15264423076923078 0.27403846153846156 0.07091346153846154 0.16466346153846154
3 0.8221153846153846 0.4723557692307692 0.06129807692307692 0.14182692307692307
3 0.6911057692307693 0.48677884615384615 0.057692307692307696 0.14543269230769232
3 0.5456730769230769 0.515625 0.06490384615384616 0.1310096153846154
3 0.40024038461538464 0.5300480769230769 0.06490384615384616 0.12139423076923077
3 0.2247596153846154 0.5757211538461539 0.07692307692307693 0.14423076923076922
3 0.8209134615384616 0.7463942307692307 0.05889423076923077 0.125
3 0.6850961538461539 0.7475961538461539 0.0673076923076923 0.11899038461538461
3 0.5625 0.7644230769230769 0.057692307692307696 0.140625
3 0.421875 0.7896634615384616 0.06129807692307692 0.1201923076923077
3 0.2548076923076923 0.8509615384615384 0.06610576923076923 0.11057692307692307
3 0.8449519230769231 0.19591346153846154 0.06490384615384616 0.15144230769230768
3 0.6995192307692307 0.20673076923076922 0.051682692307692304 0.15264423076923078