29 0.68671875 0.50234375 0.07421875 0.14375
29 0.5453125 0.51171875 0.0734375 0.1375
29 0.41015625 0.52734375 0.071875 0.13203125
29 0.15546875 0.5296875 0.06171875 0.12734375
29 0.2890625 0.5359375 0.0703125 0.128125
29 0.16875 0.77734375 0.059375 0.109375
29 0.2828125 0.79140625 0.06015625 0.11640625
29 0.4046875 0.8078125 0.0640625 0.11640625
29 0.5390625 0.8140625 0.0671875 0.1140625
29 0.68828125 0.82109375 0.08515625 0.1375
29 0.66953125 0.16796875 0.06953125 0.1390625
29 0.52109375 0.18515625 0.0703125 0.14609375
29 0.39375 0.196875 0.06875 0.1515625
29 0.27578125 0.2140625 0.06875 0.1390625
29 0.1421875 0.22578125 0.0640625 0.13984375