2 0.66328125 0.3265625 0.16875 0.1625
2 0.6609375 0.1375 0.1921875 0.175
2 0.65703125 0.7171875 0.18125 0.115625
2 0.653125 0.525 0.18125 0.1265625
2 0.63828125 0.86484375 0.18125 0.1046875
2 0.44296875 0.15625 0.153125 0.121875
2 0.4328125 0.6875 0.140625 0.1234375
2 0.43203125 0.3234375 0.140625 0.11875
2 0.42734375 0.8546875 0.146875 0.1046875
2 0.4234375 0.503125 0.14375 0.1328125
2 0.25 0.16640625 0.121875 0.109375
2 0.2484375 0.48125 0.125 0.109375
2 0.24375 0.6703125 0.1125 0.125
2 0.23984375 0.31328125 0.1203125 0.1171875
2 0.234375 0.828125 0.1234375 0.0796875