26 0.76953125 0.48359375 0.07890625 0.17109375
26 0.59921875 0.484375 0.07109375 0.14375
26 0.45234375 0.496875 0.06640625 0.1453125
26 0.30078125 0.50390625 0.0703125 0.15390625
26 0.1671875 0.5078125 0.06796875 0.15703125
26 0.74453125 0.79375 0.065625 0.1609375
26 0.590625 0.79453125 0.07734375 0.1484375
26 0.43828125 0.80703125 0.08046875 0.16796875
26 0.284375 0.81796875 0.06875 0.1703125
26 0.15234375 0.8265625 0.0640625 0.1640625
26 0.18359375 0.178125 0.07265625 0.171875
26 0.76953125 0.18046875 0.07890625 0.1484375
26 0.621875 0.18203125 0.065625 0.16015625
26 0.4671875 0.18359375 0.075 0.1640625
26 0.31328125 0.18671875 0.0671875 0.16953125