116 0.65546875 0.30703125 0.13125 0.1703125
116 0.8234375 0.31171875 0.11953125 0.16875
116 0.471875 0.3234375 0.13359375 0.1671875
116 0.30625 0.325 0.1375 0.1640625
116 0.11796875 0.3359375 0.171875 0.17578125
116 0.79921875 0.57578125 0.12265625 0.1453125
116 0.62109375 0.5875 0.11796875 0.14375
116 0.32890625 0.58828125 0.1234375 0.14296875
116 0.15390625 0.59140625 0.1375 0.14765625
116 0.475 0.59296875 0.11015625 0.1484375
116 0.79765625 0.77734375 0.08671875 0.1265625
116 0.6390625 0.7890625 0.1125 0.13984375
116 0.48125 0.79375 0.09765625 0.13046875
116 0.3546875 0.80390625 0.10546875 0.12890625
116 0.19296875 0.82734375 0.13828125 0.12109375