33 0.8390625 0.415625 0.065625 0.1265625
33 0.725 0.425 0.07890625 0.134375
33 0.55703125 0.4421875 0.09921875 0.14140625
33 0.38984375 0.4765625 0.11171875 0.14765625
33 0.16640625 0.509375 0.13203125 0.1890625
33 0.85390625 0.62578125 0.07109375 0.13984375
33 0.7328125 0.6421875 0.08359375 0.13984375
33 0.578125 0.6890625 0.09453125 0.16953125
33 0.4 0.7421875 0.103125 0.17109375
33 0.19296875 0.8390625 0.12578125 0.18515625
33 0.1734375 0.159375 0.12578125 0.171875
33 0.3890625 0.16953125 0.1125 0.16953125
33 0.5515625 0.190625 0.09921875 0.15390625
33 0.7125 0.2078125 0.08515625 0.13203125
33 0.82421875 0.225 0.065625 0.12734375