2 0.40859375 0.54609375 0.190625 0.11875
2 0.41015625 0.728125 0.1640625 0.1125
2 0.41953125 0.37265625 0.2125 0.121875
2 0.42578125 0.88046875 0.1734375 0.128125
2 0.43046875 0.21171875 0.225 0.134375
2 0.68046875 0.859375 0.178125 0.1125
2 0.690625 0.53203125 0.1796875 0.1109375
2 0.6921875 0.365625 0.171875 0.115625
2 0.696875 0.715625 0.175 0.1078125
2 0.7234375 0.18515625 0.1890625 0.128125
2 0.1359375 0.375 0.190625 0.1015625
2 0.1421875 0.19921875 0.190625 0.109375
2 0.14765625 0.725 0.1765625 0.1296875
2 0.14765625 0.54765625 0.1953125 0.109375
2 0.1609375 0.875 0.175 0.121875