22 0.84140625 0.4515625 0.0984375 0.1484375
22 0.12265625 0.46484375 0.07578125 0.1640625
22 0.69453125 0.465625 0.10078125 0.14296875
22 0.5359375 0.471875 0.08671875 0.134375
22 0.2921875 0.48203125 0.096875 0.1515625
22 0.54296875 0.7265625 0.10390625 0.16015625
22 0.71328125 0.7265625 0.11171875 0.1484375
22 0.84765625 0.7296875 0.09375 0.15078125
22 0.1328125 0.74609375 0.0921875 0.1703125
22 0.29921875 0.75703125 0.10625 0.15546875
22 0.15 0.14765625 0.10234375 0.1390625
22 0.79453125 0.159375 0.09609375 0.14140625
22 0.33046875 0.16328125 0.09453125 0.1484375
22 0.6359375 0.16953125 0.09609375 0.13671875
22 0.48984375 0.18203125 0.0875 0.1265625