0 0.55234375 0.43671875 0.10234375 0.0765625
0 0.80234375 0.4390625 0.06328125 0.075
0 0.69765625 0.44140625 0.08203125 0.07890625
0 0.37421875 0.4609375 0.1046875 0.096875
0 0.1484375 0.496875 0.11875 0.10390625
0 0.81875 0.646875 0.06171875 0.0671875
0 0.7140625 0.65859375 0.075 0.0921875
0 0.565625 0.68828125 0.0953125 0.08984375
0 0.38046875 0.728125 0.09375 0.0890625
0 0.1953125 0.7703125 0.08984375 0.09453125
0 0.12421875 0.17109375 0.11171875 0.0953125
0 0.33984375 0.18125 0.12109375 0.09765625
0 0.5390625 0.18828125 0.0953125 0.07578125
0 0.6828125 0.20078125 0.07578125 0.0703125
0 0.80234375 0.22109375 0.0765625 0.09765625