13 0.5324519230769231 0.2403846153846154 0.07211538461538461 0.1658653846153846
13 0.6538461538461539 0.25841346153846156 0.057692307692307696 0.15985576923076922
13 0.7752403846153846 0.28725961538461536 0.046875 0.12740384615384615
13 0.8641826923076923 0.33413461538461536 0.04927884615384615 0.14423076923076922
13 0.3737980769230769 0.5060096153846154 0.0889423076923077 0.1875
13 0.6514423076923077 0.5084134615384616 0.0625 0.15384615384615385
13 0.7716346153846154 0.5084134615384616 0.052884615384615384 0.14182692307692307
13 0.5324519230769231 0.5096153846153846 0.08173076923076923 0.16466346153846154
13 0.8689903846153846 0.5240384615384616 0.040865384615384616 0.13822115384615385
13 0.8569711538461539 0.7235576923076923 0.046875 0.11778846153846154
13 0.7524038461538461 0.7403846153846154 0.040865384615384616 0.11658653846153846
13 0.6286057692307693 0.7584134615384616 0.054086538461538464 0.13581730769230768
13 0.5072115384615384 0.7800480769230769 0.08052884615384616 0.16466346153846154
13 0.3449519230769231 0.8064903846153846 0.06009615384615385 0.16706730769230768
13 0.3713942307692308 0.20552884615384615 0.10697115384615384 0.1971153846153846