17 0.8233173076923077 0.25961538461538464 0.09254807692307693 0.1971153846153846
17 0.6334134615384616 0.27403846153846156 0.11057692307692307 0.19831730769230768
17 0.43990384615384615 0.2764423076923077 0.11538461538461539 0.20552884615384615
17 0.2704326923076923 0.28365384615384615 0.11899038461538461 0.20432692307692307
17 0.10096153846153846 0.29086538461538464 0.12379807692307693 0.19110576923076922
17 0.13221153846153846 0.5685096153846154 0.09495192307692307 0.14182692307692307
17 0.6225961538461539 0.5697115384615384 0.08533653846153846 0.18269230769230768
17 0.4411057692307692 0.5709134615384616 0.09014423076923077 0.17668269230769232
17 0.7848557692307693 0.5757211538461539 0.07932692307692307 0.18389423076923078
17 0.2800480769230769 0.5793269230769231 0.10336538461538461 0.16466346153846154
17 0.17908653846153846 0.8028846153846154 0.0829326923076923 0.13581730769230768
17 0.3161057692307692 0.8100961538461539 0.08774038461538461 0.14423076923076922
17 0.6153846153846154 0.8125 0.08413461538461539 0.1466346153846154
17 0.4651442307692308 0.8161057692307693 0.08533653846153846 0.12860576923076922
17 0.7584134615384616 0.8185096153846154 0.09615384615384616 0.15384615384615385