21 0.4140625 0.2609375 0.11171875 0.17890625
21 0.25859375 0.3140625 0.096875 0.19375
21 0.14765625 0.334375 0.07578125 0.16484375
21 0.73203125 0.54140625 0.1203125 0.18515625
21 0.59296875 0.54609375 0.1171875 0.17109375
21 0.1640625 0.546875 0.0890625 0.16875
21 0.42265625 0.553125 0.1015625 0.16328125
21 0.2890625 0.56015625 0.1015625 0.14609375
21 0.1828125 0.746875 0.08203125 0.1421875
21 0.2984375 0.76640625 0.08515625 0.14453125
21 0.42734375 0.78203125 0.0984375 0.1515625
21 0.5828125 0.80703125 0.12109375 0.17265625
21 0.73046875 0.8265625 0.10859375 0.175
21 0.73671875 0.2046875 0.1125 0.2015625
21 0.58984375 0.22421875 0.1234375 0.18125