11 0.81875 0.41875 0.0578125 0.1265625
11 0.71484375 0.43671875 0.065625 0.15625
11 0.58828125 0.4515625 0.0625 0.1453125
11 0.4109375 0.49375 0.08203125 0.15625
11 0.22578125 0.53359375 0.090625 0.1796875
11 0.7921875 0.60859375 0.04921875 0.12265625
11 0.69375 0.64765625 0.06328125 0.1515625
11 0.56953125 0.66796875 0.0640625 0.17109375
11 0.41171875 0.728125 0.078125 0.16953125
11 0.2375 0.79609375 0.0859375 0.18359375
11 0.20390625 0.18515625 0.109375 0.196875
11 0.5734375 0.18984375 0.0609375 0.18203125
11 0.40390625 0.19609375 0.0984375 0.22578125
11 0.69296875 0.20078125 0.0625 0.165625
11 0.80625 0.20078125 0.05234375 0.13046875