21 0.30625 0.24296875 0.1171875 0.18125
21 0.096875 0.24453125 0.096875 0.1671875
21 0.8484375 0.47265625 0.103125 0.178125
21 0.68359375 0.47890625 0.1078125 0.165625
21 0.51015625 0.50078125 0.096875 0.178125
21 0.3359375 0.515625 0.109375 0.178125
21 0.14921875 0.53203125 0.1125 0.20625
21 0.83125 0.728125 0.10625 0.165625
21 0.67421875 0.73984375 0.0890625 0.146875
21 0.51484375 0.76484375 0.0984375 0.15625
21 0.35078125 0.784375 0.0953125 0.15
21 0.17890625 0.8 0.109375 0.15625
21 0.8609375 0.20234375 0.1140625 0.165625
21 0.68828125 0.21171875 0.10625 0.184375
21 0.50859375 0.225 0.10625 0.1640625