5 0.6935096153846154 0.5504807692307693 0.07211538461538461 0.14423076923076922
5 0.5456730769230769 0.5540865384615384 0.0829326923076923 0.15144230769230768
5 0.828125 0.5552884615384616 0.07572115384615384 0.15985576923076922
5 0.1778846153846154 0.5612980769230769 0.07451923076923077 0.14423076923076922
5 0.3629807692307692 0.5685096153846154 0.08413461538461539 0.14903846153846154
5 0.36538461538461536 0.8221153846153846 0.0733173076923077 0.13221153846153846
5 0.18990384615384615 0.8245192307692307 0.06971153846153846 0.1466346153846154
5 0.6838942307692307 0.828125 0.0733173076923077 0.14182692307692307
5 0.53125 0.8317307692307693 0.09014423076923077 0.14302884615384615
5 0.8173076923076923 0.8353365384615384 0.07572115384615384 0.14302884615384615
5 0.7127403846153846 0.2091346153846154 0.0733173076923077 0.14423076923076922
5 0.39663461538461536 0.2091346153846154 0.09014423076923077 0.14302884615384615
5 0.546875 0.2091346153846154 0.0985576923076923 0.13581730769230768
5 0.8209134615384616 0.22235576923076922 0.07211538461538461 0.15504807692307693
5 0.1875 0.2283653846153846 0.08774038461538461 0.15144230769230768