112 0.796875 0.3578125 0.04453125 0.09453125
112 0.721875 0.3890625 0.05078125 0.10859375
112 0.61640625 0.42734375 0.053125 0.12265625
112 0.49921875 0.475 0.071875 0.13515625
112 0.33203125 0.53515625 0.096875 0.159375
112 0.79609375 0.5515625 0.04375 0.0921875
112 0.7234375 0.58515625 0.05078125 0.09296875
112 0.63125 0.65 0.06015625 0.11015625
112 0.52265625 0.71953125 0.0625 0.11015625
112 0.3453125 0.82421875 0.0953125 0.13046875
112 0.6171875 0.165625 0.06640625 0.15546875
112 0.73046875 0.165625 0.0484375 0.12109375
112 0.5 0.1671875 0.07421875 0.1296875
112 0.809375 0.16875 0.04609375 0.10625
112 0.3078125 0.17890625 0.096875 0.16328125