14 0.35625 0.28984375 0.103125 0.2015625
14 0.53515625 0.3234375 0.09140625 0.1796875
14 0.659375 0.346875 0.0640625 0.146875
14 0.76328125 0.3609375 0.053125 0.14140625
14 0.8515625 0.37578125 0.04140625 0.134375
14 0.76171875 0.5453125 0.04921875 0.134375
14 0.846875 0.54609375 0.05078125 0.12578125
14 0.65 0.5484375 0.0546875 0.14453125
14 0.50703125 0.5640625 0.06953125 0.153125
14 0.32890625 0.56796875 0.08125 0.1796875
14 0.8421875 0.7234375 0.0515625 0.13671875
14 0.75078125 0.72890625 0.053125 0.14375
14 0.64921875 0.75 0.06171875 0.1625
14 0.5015625 0.778125 0.06953125 0.1625
14 0.334375 0.81953125 0.084375 0.21171875