15 0.29375 0.24609375 0.0828125 0.1609375
15 0.1203125 0.26015625 0.0796875 0.1703125
15 0.80703125 0.44765625 0.065625 0.159375
15 0.63984375 0.459375 0.071875 0.15
15 0.4703125 0.47578125 0.08125 0.140625
15 0.27890625 0.4921875 0.078125 0.153125
15 0.1265625 0.50625 0.071875 0.1453125
15 0.76015625 0.690625 0.084375 0.1375
15 0.61484375 0.70703125 0.06875 0.1421875
15 0.453125 0.72265625 0.0546875 0.140625
15 0.30078125 0.75078125 0.053125 0.146875
15 0.14375 0.7734375 0.05625 0.15
15 0.61953125 0.22578125 0.071875 0.1625
15 0.7921875 0.22890625 0.078125 0.16875
15 0.471875 0.23046875 0.0875 0.153125