118 0.70859375 0.25234375 0.10703125 0.13671875
118 0.54375 0.2625 0.12578125 0.134375
118 0.353125 0.2828125 0.15390625 0.1546875
118 0.1515625 0.31328125 0.16171875 0.16171875
118 0.81328125 0.515625 0.0953125 0.13828125
118 0.671875 0.53125 0.0875 0.1359375
118 0.5140625 0.5578125 0.1234375 0.1359375
118 0.35625 0.584375 0.12421875 0.14609375
118 0.18125 0.6 0.153125 0.15
118 0.80390625 0.78046875 0.1046875 0.12109375
118 0.671875 0.79609375 0.1015625 0.115625
118 0.5328125 0.81640625 0.10859375 0.1421875
118 0.37734375 0.84765625 0.13359375 0.13984375
118 0.21328125 0.8640625 0.13125 0.1265625
118 0.8515625 0.23125 0.09375 0.1265625