3 0.46953125 0.8359375 0.19375 0.06875
3 0.484375 0.6703125 0.171875 0.096875
3 0.48984375 0.5203125 0.140625 0.084375
3 0.503125 0.2453125 0.14375 0.0875
3 0.50390625 0.3859375 0.15 0.078125
3 0.75 0.23515625 0.1328125 0.08125
3 0.75 0.79453125 0.165625 0.096875
3 0.7515625 0.378125 0.140625 0.08125
3 0.759375 0.6578125 0.1328125 0.0859375
3 0.76015625 0.5265625 0.1390625 0.084375
3 0.19140625 0.84765625 0.175 0.084375
3 0.19609375 0.6875 0.16875 0.08125
3 0.21796875 0.5453125 0.190625 0.08125
3 0.22578125 0.25546875 0.196875 0.0875
3 0.2296875 0.39765625 0.184375 0.0796875