95 0.57109375 0.26953125 0.11328125 0.16640625
95 0.715625 0.28203125 0.09453125 0.13828125
95 0.83515625 0.29765625 0.0875 0.140625
95 0.7421875 0.4734375 0.0875 0.1359375
95 0.8546875 0.478125 0.0890625 0.14453125
95 0.5953125 0.48046875 0.10703125 0.13203125
95 0.40625 0.49453125 0.1328125 0.1484375
95 0.184375 0.5015625 0.14140625 0.16640625
95 0.890625 0.67578125 0.07890625 0.13046875
95 0.76484375 0.7 0.109375 0.1421875
95 0.609375 0.71796875 0.121875 0.16640625
95 0.421875 0.75546875 0.1203125 0.15546875
95 0.1796875 0.79375 0.13984375 0.18359375
95 0.171875 0.2171875 0.1578125 0.1875
95 0.37890625 0.2296875 0.1359375 0.1703125