4 0.3 0.2859375 0.109375 0.08125
4 0.3140625 0.4625 0.103125 0.0734375
4 0.315625 0.59765625 0.103125 0.065625
4 0.32890625 0.709375 0.1296875 0.0859375
4 0.33828125 0.8265625 0.1 0.0640625
4 0.50625 0.29296875 0.13125 0.084375
4 0.51171875 0.46015625 0.11875 0.071875
4 0.51796875 0.86640625 0.125 0.071875
4 0.51875 0.76796875 0.11875 0.059375
4 0.51953125 0.61640625 0.115625 0.0625
4 0.72734375 0.46328125 0.14375 0.078125
4 0.73203125 0.928125 0.13125 0.06875
4 0.7328125 0.6484375 0.1515625 0.06875
4 0.7359375 0.275 0.146875 0.1
4 0.740625 0.834375 0.128125 0.0625