18 0.525 0.26015625 0.0703125 0.109375
18 0.321875 0.27890625 0.05546875 0.10546875
18 0.4109375 0.28125 0.06875 0.109375
18 0.2390625 0.2984375 0.05703125 0.09921875
18 0.16484375 0.325 0.05 0.1078125
18 0.52734375 0.4421875 0.07578125 0.115625
18 0.40625 0.44453125 0.05859375 0.09765625
18 0.309375 0.4484375 0.04921875 0.0953125
18 0.23046875 0.4546875 0.0546875 0.09375
18 0.16015625 0.46328125 0.04609375 0.0921875
18 0.16015625 0.61796875 0.04296875 0.10546875
18 0.3640625 0.61953125 0.05859375 0.09921875
18 0.28984375 0.621875 0.05234375 0.0984375
18 0.44296875 0.6265625 0.05546875 0.1078125
18 0.22421875 0.6265625 0.04765625 0.10390625