25 0.53125 0.24879807692307693 0.11177884615384616 0.20432692307692307
25 0.7680288461538461 0.25 0.07572115384615384 0.18269230769230768
25 0.6526442307692307 0.25600961538461536 0.09615384615384616 0.18990384615384615
25 0.39663461538461536 0.27283653846153844 0.1141826923076923 0.21995192307692307
25 0.25721153846153844 0.2764423076923077 0.12379807692307693 0.23557692307692307
25 0.8161057692307693 0.4831730769230769 0.0733173076923077 0.16105769230769232
25 0.7043269230769231 0.49399038461538464 0.06971153846153846 0.1622596153846154
25 0.6009615384615384 0.5192307692307693 0.09134615384615384 0.16105769230769232
25 0.47596153846153844 0.5456730769230769 0.09735576923076923 0.171875
25 0.3401442307692308 0.5733173076923077 0.109375 0.18028846153846154
25 0.8557692307692307 0.6875 0.07211538461538461 0.14903846153846154
25 0.7596153846153846 0.7115384615384616 0.07091346153846154 0.14543269230769232
25 0.6514423076923077 0.7512019230769231 0.0829326923076923 0.17067307692307693
25 0.5276442307692307 0.7932692307692307 0.09495192307692307 0.16947115384615385
25 0.38221153846153844 0.8449519230769231 0.10216346153846154 0.16826923076923078