6 0.29375 0.24296875 0.09296875 0.13671875
6 0.1640625 0.26953125 0.06484375 0.13203125
6 0.7765625 0.503125 0.14453125 0.1921875
6 0.6078125 0.5140625 0.1125 0.16640625
6 0.45390625 0.52265625 0.08671875 0.14609375
6 0.30390625 0.53671875 0.090625 0.15234375
6 0.1703125 0.54921875 0.06171875 0.13828125
6 0.4703125 0.77265625 0.1109375 0.15859375
6 0.3359375 0.7765625 0.08671875 0.1359375
6 0.80859375 0.7890625 0.10625 0.159375
6 0.1671875 0.7890625 0.06953125 0.1515625
6 0.634375 0.78984375 0.10703125 0.15859375
6 0.75234375 0.18671875 0.109375 0.16875
6 0.596875 0.21171875 0.10703125 0.15390625
6 0.45546875 0.22421875 0.0890625 0.128125