4 0.29375 0.55 0.14375 0.084375
4 0.29453125 0.703125 0.184375 0.09375
4 0.29765625 0.86953125 0.14375 0.0734375
4 0.3015625 0.38828125 0.1359375 0.084375
4 0.30859375 0.1984375 0.121875 0.0796875
4 0.54609375 0.36328125 0.1171875 0.075
4 0.54609375 0.20546875 0.1359375 0.084375
4 0.55234375 0.71484375 0.14375 0.0703125
4 0.55234375 0.5296875 0.1203125 0.075
4 0.553125 0.85625 0.15 0.0703125
4 0.740625 0.19140625 0.1203125 0.0765625
4 0.753125 0.34765625 0.13125 0.071875
4 0.76796875 0.521875 0.1265625 0.078125
4 0.79140625 0.725 0.128125 0.075
4 0.796875 0.8421875 0.1328125 0.0703125