21 0.7609375 0.303125 0.18125 0.1171875
21 0.75546875 0.0953125 0.1671875 0.096875
21 0.52734375 0.8484375 0.178125 0.103125
21 0.52109375 0.68359375 0.165625 0.1078125
21 0.49921875 0.51015625 0.178125 0.096875
21 0.484375 0.3359375 0.178125 0.109375
21 0.46796875 0.14921875 0.20625 0.1125
21 0.271875 0.83125 0.165625 0.10625
21 0.26015625 0.67421875 0.146875 0.0890625
21 0.23515625 0.51484375 0.15625 0.0984375
21 0.215625 0.35078125 0.15 0.0953125
21 0.2 0.17890625 0.15625 0.109375
21 0.79609375 0.8609375 0.165625 0.1140625
21 0.7921875 0.68671875 0.184375 0.1078125
21 0.775 0.50625 0.1640625 0.10625