12 0.6201923076923077 0.4855769230769231 0.07932692307692307 0.15745192307692307
12 0.31009615384615385 0.4855769230769231 0.07932692307692307 0.15865384615384615
12 0.16947115384615385 0.49158653846153844 0.08052884615384616 0.16947115384615385
12 0.765625 0.49278846153846156 0.0889423076923077 0.171875
12 0.46634615384615385 0.4963942307692308 0.07692307692307693 0.14903846153846154
12 0.6514423076923077 0.6983173076923077 0.09254807692307693 0.125
12 0.7824519230769231 0.6995192307692307 0.07572115384615384 0.11298076923076923
12 0.49759615384615385 0.7055288461538461 0.06850961538461539 0.125
12 0.34134615384615385 0.7151442307692307 0.07091346153846154 0.12860576923076922
12 0.19230769230769232 0.7271634615384616 0.08653846153846154 0.1310096153846154
12 0.78125 0.1935096153846154 0.07211538461538461 0.1778846153846154
12 0.4651442307692308 0.19831730769230768 0.0733173076923077 0.18990384615384615
12 0.30528846153846156 0.20432692307692307 0.09375 0.15985576923076922
12 0.6117788461538461 0.20552884615384615 0.08533653846153846 0.20192307692307693
12 0.15504807692307693 0.22115384615384615 0.08413461538461539 0.17427884615384615