25 0.25546875 0.3203125 0.1421875 0.1015625
25 0.259375 0.48828125 0.1453125 0.128125
25 0.26171875 0.6796875 0.15 0.134375
25 0.2671875 0.17421875 0.134375 0.115625
25 0.27421875 0.87265625 0.15625 0.140625
25 0.53125 0.33125 0.128125 0.13125
25 0.53203125 0.1609375 0.13125 0.121875
25 0.54765625 0.6984375 0.125 0.121875
25 0.55078125 0.51875 0.1453125 0.121875
25 0.5578125 0.88046875 0.140625 0.13125
25 0.76796875 0.153125 0.1375 0.13125
25 0.77265625 0.3375 0.15 0.125
25 0.78984375 0.51875 0.1375 0.125
25 0.79921875 0.70390625 0.128125 0.128125
25 0.8140625 0.8765625 0.14375 0.115625