17 0.60078125 0.31484375 0.0671875 0.10546875
17 0.27890625 0.3171875 0.0828125 0.096875
17 0.71015625 0.31875 0.06953125 0.09453125
17 0.49453125 0.32578125 0.0734375 0.109375
17 0.38359375 0.32890625 0.0703125 0.09609375
17 0.75625 0.48125 0.0875 0.11953125
17 0.621875 0.48203125 0.09453125 0.11484375
17 0.246875 0.48203125 0.06953125 0.12109375
17 0.3671875 0.484375 0.07578125 0.125
17 0.478125 0.48515625 0.07578125 0.11171875
17 0.634375 0.675 0.09140625 0.1390625
17 0.37421875 0.678125 0.08359375 0.1359375
17 0.49921875 0.67890625 0.07578125 0.128125
17 0.7609375 0.6828125 0.07578125 0.13125
17 0.21875 0.68359375 0.0875 0.14140625