3 0.7163461538461539 0.25961538461538464 0.05889423076923077 0.15144230769230768
3 0.5649038461538461 0.2692307692307692 0.0733173076923077 0.15504807692307693
3 0.40865384615384615 0.27163461538461536 0.07091346153846154 0.14783653846153846
3 0.2704326923076923 0.30288461538461536 0.06370192307692307 0.16466346153846154
3 0.13221153846153846 0.32572115384615385 0.06009615384615385 0.14783653846153846
3 0.7331730769230769 0.5516826923076923 0.06009615384615385 0.13221153846153846
3 0.5913461538461539 0.5552884615384616 0.06490384615384616 0.12980769230769232
3 0.4411057692307692 0.5685096153846154 0.055288461538461536 0.12620192307692307
3 0.3076923076923077 0.5757211538461539 0.057692307692307696 0.12259615384615384
3 0.16826923076923078 0.6057692307692307 0.06129807692307692 0.12980769230769232
3 0.5925480769230769 0.7560096153846154 0.054086538461538464 0.12740384615384615
3 0.7403846153846154 0.7596153846153846 0.056490384615384616 0.125
3 0.4639423076923077 0.7728365384615384 0.06370192307692307 0.12740384615384615
3 0.32572115384615385 0.8004807692307693 0.06610576923076923 0.12139423076923077
3 0.19591346153846154 0.8040865384615384 0.05889423076923077 0.11057692307692307