30 0.584375 0.2546875 0.096875 0.10546875
30 0.45 0.25703125 0.09765625 0.121875
30 0.290625 0.259375 0.125 0.125
30 0.1375 0.2625 0.08671875 0.1234375
30 0.725 0.2625 0.1015625 0.115625
30 0.83828125 0.4484375 0.09140625 0.13203125
30 0.703125 0.45703125 0.10234375 0.12734375
30 0.55546875 0.484375 0.13828125 0.16328125
30 0.2078125 0.4890625 0.121875 0.15703125
30 0.3796875 0.4890625 0.103125 0.171875
30 0.12109375 0.70390625 0.13203125 0.18671875
30 0.85234375 0.71484375 0.11796875 0.1859375
30 0.70859375 0.715625 0.11875 0.16328125
30 0.5328125 0.73046875 0.1328125 0.18359375
30 0.346875 0.73125 0.12265625 0.1765625