14 0.190625 0.43984375 0.08671875 0.1640625
14 0.83125 0.45 0.08359375 0.15078125
14 0.68046875 0.453125 0.08125 0.15703125
14 0.359375 0.4546875 0.07890625 0.1609375
14 0.5234375 0.4578125 0.08828125 0.16171875
14 0.153125 0.8125 0.06796875 0.14609375
14 0.78046875 0.81875 0.07265625 0.153125
14 0.6578125 0.82109375 0.075 0.14453125
14 0.48828125 0.82421875 0.0671875 0.14609375
14 0.31640625 0.825 0.06953125 0.14765625
14 0.82421875 0.11484375 0.08671875 0.14375
14 0.67421875 0.12578125 0.0875 0.1515625
14 0.52734375 0.13984375 0.08984375 0.15703125
14 0.196875 0.15234375 0.07890625 0.14375
14 0.37421875 0.1578125 0.08125 0.14375