20 0.3125 0.24296875 0.0796875 0.13984375
20 0.22265625 0.2484375 0.0640625 0.13671875
20 0.21875 0.465625 0.06640625 0.146875
20 0.56640625 0.47265625 0.10859375 0.2
20 0.30234375 0.475 0.0578125 0.128125
20 0.4390625 0.47578125 0.0984375 0.1796875
20 0.68828125 0.47890625 0.12734375 0.21015625
20 0.21484375 0.709375 0.08203125 0.153125
20 0.31640625 0.72734375 0.09140625 0.18125
20 0.43515625 0.74296875 0.10078125 0.17578125
20 0.571875 0.7578125 0.11171875 0.2140625
20 0.70625 0.76328125 0.1109375 0.2
20 0.68828125 0.1625 0.1140625 0.2078125
20 0.55625 0.178125 0.10625 0.171875
20 0.42578125 0.21953125 0.08828125 0.153125