15 0.7625 0.4375 0.06640625 0.17734375
15 0.61328125 0.4515625 0.07734375 0.171875
15 0.44609375 0.4578125 0.06484375 0.1703125
15 0.28828125 0.47421875 0.07109375 0.1796875
15 0.12421875 0.5171875 0.075 0.209375
15 0.7703125 0.6953125 0.084375 0.1703125
15 0.5953125 0.70859375 0.0625 0.16328125
15 0.46015625 0.73984375 0.071875 0.16484375
15 0.3203125 0.75703125 0.075 0.1625
15 0.15625 0.79765625 0.07109375 0.16796875
15 0.59765625 0.18984375 0.06875 0.1859375
15 0.73828125 0.19296875 0.0734375 0.1828125
15 0.27890625 0.19375 0.0765625 0.18515625
15 0.42421875 0.19453125 0.08046875 0.190625
15 0.10703125 0.20234375 0.07890625 0.16796875