17 0.61875 0.24296875 0.08359375 0.15078125
17 0.4734375 0.2484375 0.0828125 0.1515625
17 0.784375 0.2515625 0.07890625 0.15703125
17 0.31796875 0.2640625 0.08671875 0.16171875
17 0.14140625 0.27578125 0.10546875 0.16015625
17 0.75390625 0.5203125 0.08359375 0.12890625
17 0.61015625 0.52265625 0.078125 0.134375
17 0.46953125 0.528125 0.0765625 0.134375
17 0.1609375 0.5390625 0.0859375 0.13984375
17 0.33125 0.53984375 0.084375 0.13828125
17 0.47890625 0.78828125 0.08046875 0.11640625
17 0.34140625 0.78828125 0.08125 0.11640625
17 0.18125 0.78828125 0.0828125 0.1234375
17 0.6078125 0.79140625 0.08125 0.13203125
17 0.73671875 0.8015625 0.07265625 0.1265625