8 0.28671875 0.25 0.059375 0.12578125
8 0.15625 0.26171875 0.05625 0.121875
8 0.5609375 0.49453125 0.06484375 0.12734375
8 0.27265625 0.5 0.05390625 0.134375
8 0.15 0.50390625 0.06875 0.13125
8 0.74375 0.50390625 0.07265625 0.14140625
8 0.40546875 0.5046875 0.065625 0.1296875
8 0.55390625 0.725 0.07109375 0.1296875
8 0.725 0.72890625 0.0671875 0.12890625
8 0.403125 0.72890625 0.0609375 0.12109375
8 0.2703125 0.73359375 0.05625 0.115625
8 0.1390625 0.73828125 0.0625 0.12890625
8 0.57421875 0.2046875 0.0609375 0.14140625
8 0.7421875 0.209375 0.078125 0.14609375
8 0.425 0.228125 0.05546875 0.13203125