30 0.3078125 0.24296875 0.10703125 0.125
30 0.7640625 0.24765625 0.11015625 0.13125
30 0.1515625 0.24765625 0.1 0.134375
30 0.4609375 0.25078125 0.0953125 0.14375
30 0.61796875 0.2515625 0.10234375 0.14609375
30 0.765625 0.46171875 0.1 0.12421875
30 0.62734375 0.47421875 0.1 0.11796875
30 0.45546875 0.5 0.11640625 0.134375
30 0.30234375 0.5109375 0.09609375 0.1359375
30 0.14296875 0.5125 0.10078125 0.13984375
30 0.7671875 0.70703125 0.1140625 0.15078125
30 0.61015625 0.71328125 0.12109375 0.14375
30 0.3078125 0.72265625 0.103125 0.12421875
30 0.45 0.725 0.09921875 0.1390625
30 0.15546875 0.7265625 0.103125 0.13515625