25 0.86953125 0.484375 0.0984375 0.13515625
25 0.509375 0.48515625 0.11328125 0.1453125
25 0.68671875 0.4875 0.1109375 0.140625
25 0.315625 0.49375 0.10703125 0.1390625
25 0.128125 0.50390625 0.09609375 0.14140625
25 0.49375 0.73828125 0.09296875 0.125
25 0.67265625 0.73984375 0.1015625 0.1265625
25 0.840625 0.74296875 0.09765625 0.11953125
25 0.30703125 0.74453125 0.1046875 0.1359375
25 0.12734375 0.76171875 0.08828125 0.134375
25 0.703125 0.1828125 0.1125 0.14375
25 0.32109375 0.18671875 0.128125 0.15078125
25 0.89453125 0.18984375 0.11328125 0.14375
25 0.1125 0.190625 0.11015625 0.15390625
25 0.5015625 0.19140625 0.11171875 0.14609375