4 0.8209134615384616 0.24519230769230768 0.06850961538461539 0.11658653846153846
4 0.18629807692307693 0.24759615384615385 0.09134615384615384 0.15985576923076922
4 0.6862980769230769 0.2548076923076923 0.07451923076923077 0.13221153846153846
4 0.5456730769230769 0.25600961538461536 0.08052884615384616 0.13341346153846154
4 0.7992788461538461 0.47475961538461536 0.09254807692307693 0.10216346153846154
4 0.6442307692307693 0.49759615384615385 0.06129807692307692 0.11298076923076923
4 0.5120192307692307 0.5168269230769231 0.0733173076923077 0.11538461538461539
4 0.3557692307692308 0.5396634615384616 0.07451923076923077 0.11899038461538461
4 0.19230769230769232 0.5516826923076923 0.08533653846153846 0.13341346153846154
4 0.8088942307692307 0.7415865384615384 0.07932692307692307 0.10336538461538461
4 0.6706730769230769 0.7536057692307693 0.07572115384615384 0.11778846153846154
4 0.5192307692307693 0.7800480769230769 0.07932692307692307 0.109375
4 0.34975961538461536 0.8076923076923077 0.09495192307692307 0.11778846153846154
4 0.19831730769230768 0.8185096153846154 0.078125 0.1201923076923077
4 0.38100961538461536 0.23317307692307693 0.078125 0.13221153846153846