32 0.446875 0.50625 0.084375 0.17421875
32 0.7890625 0.51015625 0.10390625 0.18203125
32 0.6109375 0.51484375 0.08671875 0.17109375
32 0.25546875 0.5453125 0.0859375 0.19921875
32 0.09453125 0.55703125 0.0859375 0.17578125
32 0.7875 0.80234375 0.090625 0.1671875
32 0.6296875 0.8234375 0.08125 0.1625
32 0.4875 0.83828125 0.09296875 0.17265625
32 0.3078125 0.85859375 0.0890625 0.18203125
32 0.1375 0.871875 0.090625 0.175
32 0.62109375 0.1875 0.08984375 0.15703125
32 0.253125 0.1921875 0.09140625 0.18515625
32 0.81015625 0.1921875 0.14296875 0.18515625
32 0.44609375 0.1953125 0.1140625 0.18671875
32 0.08671875 0.19921875 0.096875 0.21953125