24 0.6234375 0.2625 0.11328125 0.13125
24 0.78828125 0.26484375 0.1015625 0.1375
24 0.4375 0.27265625 0.1 0.1375
24 0.271875 0.27734375 0.12109375 0.128125
24 0.10078125 0.284375 0.1109375 0.1328125
24 0.7765625 0.4078125 0.10234375 0.096875
24 0.62421875 0.41796875 0.1078125 0.0984375
24 0.4640625 0.42578125 0.08359375 0.09453125
24 0.3203125 0.43515625 0.10546875 0.103125
24 0.16796875 0.4453125 0.1140625 0.10390625
24 0.7546875 0.53828125 0.1015625 0.0953125
24 0.61484375 0.54453125 0.1015625 0.0875
24 0.478125 0.5578125 0.09765625 0.0859375
24 0.36015625 0.57578125 0.1 0.08515625
24 0.22734375 0.596875 0.10546875 0.08515625