3 0.140625 0.2403846153846154 0.0673076923076923 0.15384615384615385
3 0.5300480769230769 0.4855769230769231 0.0673076923076923 0.15985576923076922
3 0.7103365384615384 0.49158653846153844 0.07692307692307693 0.15264423076923078
3 0.3641826923076923 0.49278846153846156 0.06610576923076923 0.16105769230769232
3 0.8810096153846154 0.4963942307692308 0.08052884615384616 0.171875
3 0.15264423076923078 0.4987980769230769 0.08052884615384616 0.171875
3 0.7079326923076923 0.7584134615384616 0.05889423076923077 0.15625
3 0.5444711538461539 0.7608173076923077 0.0673076923076923 0.1466346153846154
3 0.8533653846153846 0.7644230769230769 0.054086538461538464 0.140625
3 0.3858173076923077 0.7740384615384616 0.06490384615384616 0.140625
3 0.17548076923076922 0.8016826923076923 0.0625 0.16105769230769232
3 0.3293269230769231 0.21634615384615385 0.07091346153846154 0.14903846153846154
3 0.6814903846153846 0.21754807692307693 0.08173076923076923 0.17548076923076922
3 0.5036057692307693 0.21995192307692307 0.0733173076923077 0.16706730769230768
3 0.8521634615384616 0.22355769230769232 0.07091346153846154 0.1778846153846154