3 0.5046875 0.25625 0.0875 0.2
3 0.3453125 0.28828125 0.078125 0.1703125
3 0.1140625 0.2984375 0.0609375 0.134375
3 0.21796875 0.29921875 0.06875 0.1640625
3 0.35546875 0.53828125 0.0734375 0.1625
3 0.225 0.54296875 0.059375 0.171875
3 0.1234375 0.5453125 0.0625 0.16875
3 0.4828125 0.54609375 0.078125 0.18125
3 0.68125 0.56875 0.103125 0.228125
3 0.12890625 0.7609375 0.0515625 0.15
3 0.22890625 0.765625 0.0546875 0.184375
3 0.34375 0.77578125 0.06875 0.190625
3 0.48125 0.79609375 0.078125 0.196875
3 0.6953125 0.8390625 0.1046875 0.23125
3 0.71640625 0.2171875 0.121875 0.20625