6 0.5745192307692307 0.296875 0.07211538461538461 0.16947115384615385
6 0.7151442307692307 0.3076923076923077 0.078125 0.1814903846153846
6 0.8257211538461539 0.3112980769230769 0.07451923076923077 0.16947115384615385
6 0.20072115384615385 0.31850961538461536 0.08774038461538461 0.1971153846153846
6 0.4254807692307692 0.32091346153846156 0.0733173076923077 0.16105769230769232
6 0.6923076923076923 0.5516826923076923 0.07211538461538461 0.16826923076923078
6 0.8064903846153846 0.5600961538461539 0.07091346153846154 0.16466346153846154
6 0.5432692307692307 0.5757211538461539 0.0733173076923077 0.14783653846153846
6 0.4074519230769231 0.5949519230769231 0.07091346153846154 0.1346153846153846
6 0.21995192307692307 0.6213942307692307 0.07692307692307693 0.15264423076923078
6 0.7800480769230769 0.7860576923076923 0.06490384615384616 0.15264423076923078
6 0.6778846153846154 0.7908653846153846 0.07211538461538461 0.14423076923076922
6 0.5324519230769231 0.8173076923076923 0.07211538461538461 0.14903846153846154
6 0.41466346153846156 0.8209134615384616 0.07451923076923077 0.14783653846153846
6 0.24278846153846154 0.8377403846153846 0.07451923076923077 0.15745192307692307