1 0.778125 0.2453125 0.08359375 0.10390625
1 0.64765625 0.259375 0.0828125 0.1046875
1 0.4890625 0.27421875 0.08125 0.1046875
1 0.328125 0.2921875 0.07578125 0.109375
1 0.15 0.30625 0.06875 0.14453125
1 0.76640625 0.5 0.11953125 0.15
1 0.6078125 0.5109375 0.1015625 0.14609375
1 0.44765625 0.52578125 0.08359375 0.14765625
1 0.28203125 0.55234375 0.07578125 0.15703125
1 0.11953125 0.57890625 0.071875 0.1734375
1 0.7578125 0.08671875 0.07734375 0.09453125
1 0.62890625 0.096875 0.08046875 0.0890625
1 0.48203125 0.1 0.08203125 0.10234375
1 0.346875 0.10546875 0.07421875 0.09453125
1 0.1796875 0.13046875 0.0828125 0.103125