1 0.775 0.4796875 0.08125 0.15703125
1 0.63984375 0.48125 0.0703125 0.16171875
1 0.5234375 0.48203125 0.07265625 0.1734375
1 0.22734375 0.4828125 0.06796875 0.16875
1 0.390625 0.4890625 0.0703125 0.19375
1 0.509375 0.82421875 0.06953125 0.16484375
1 0.20703125 0.82890625 0.0671875 0.1703125
1 0.6359375 0.8359375 0.0625 0.1609375
1 0.38125 0.8375 0.07734375 0.16015625
1 0.7609375 0.8421875 0.06875 0.1515625
1 0.2265625 0.15703125 0.07890625 0.18671875
1 0.4015625 0.1578125 0.07890625 0.18125
1 0.534375 0.16328125 0.078125 0.1671875
1 0.671875 0.16484375 0.07265625 0.171875
1 0.7953125 0.17265625 0.0765625 0.16328125