18 0.8125 0.5012019230769231 0.09615384615384616 0.20072115384615385
18 0.6634615384615384 0.5096153846153846 0.11177884615384616 0.19471153846153846
18 0.15625 0.5120192307692307 0.08774038461538461 0.16105769230769232
18 0.49158653846153844 0.5192307692307693 0.0889423076923077 0.19831730769230768
18 0.3269230769230769 0.5228365384615384 0.09495192307692307 0.17427884615384615
18 0.1658653846153846 0.7776442307692307 0.09375 0.19831730769230768
18 0.34375 0.8040865384615384 0.1045673076923077 0.18629807692307693
18 0.8269230769230769 0.8185096153846154 0.1045673076923077 0.21033653846153846
18 0.5072115384615384 0.8293269230769231 0.12740384615384615 0.21153846153846154
18 0.6694711538461539 0.8317307692307693 0.11658653846153846 0.19471153846153846
18 0.7956730769230769 0.19591346153846154 0.0889423076923077 0.203125
18 0.6370192307692307 0.20192307692307693 0.09735576923076923 0.20552884615384615
18 0.48677884615384615 0.21514423076923078 0.10096153846153846 0.19951923076923078
18 0.32211538461538464 0.21995192307692307 0.08413461538461539 0.1814903846153846
18 0.1466346153846154 0.23076923076923078 0.10576923076923077 0.19110576923076922