1 0.8822115384615384 0.2860576923076923 0.0733173076923077 0.0829326923076923
1 0.7379807692307693 0.28966346153846156 0.10576923076923077 0.08413461538461539
1 0.5817307692307693 0.2932692307692308 0.11899038461538461 0.08173076923076923
1 0.4050480769230769 0.3088942307692308 0.1141826923076923 0.07572115384615384
1 0.18870192307692307 0.3173076923076923 0.10336538461538461 0.08173076923076923
1 0.8822115384615384 0.5108173076923077 0.08774038461538461 0.078125
1 0.7391826923076923 0.5204326923076923 0.08653846153846154 0.07932692307692307
1 0.5805288461538461 0.5408653846153846 0.08774038461538461 0.07091346153846154
1 0.41586538461538464 0.5637019230769231 0.07572115384615384 0.07091346153846154
1 0.21394230769230768 0.578125 0.0733173076923077 0.06850961538461539
1 0.8689903846153846 0.7199519230769231 0.078125 0.07932692307692307
1 0.7427884615384616 0.7295673076923077 0.09014423076923077 0.07091346153846154
1 0.5925480769230769 0.7632211538461539 0.07932692307692307 0.07091346153846154
1 0.43028846153846156 0.7908653846153846 0.08653846153846154 0.07932692307692307
1 0.2283653846153846 0.8004807692307693 0.08653846153846154 0.07211538461538461