8 0.146875 0.28984375 0.06953125 0.140625
8 0.49296875 0.29296875 0.0703125 0.1609375
8 0.65078125 0.29609375 0.071875 0.125
8 0.30703125 0.29609375 0.07890625 0.15390625
8 0.79765625 0.3015625 0.071875 0.1359375
8 0.50859375 0.546875 0.0796875 0.1234375
8 0.79921875 0.55625 0.075 0.12734375
8 0.65703125 0.5625 0.08125 0.13046875
8 0.31953125 0.57421875 0.0828125 0.121875
8 0.17578125 0.578125 0.07109375 0.11484375
8 0.640625 0.76171875 0.06484375 0.12421875
8 0.7859375 0.76953125 0.06953125 0.13046875
8 0.49453125 0.778125 0.065625 0.12890625
8 0.34375 0.790625 0.06484375 0.115625
8 0.1984375 0.80390625 0.078125 0.1234375