20 0.73828125 0.24609375 0.13125 0.065625
20 0.7078125 0.125 0.1171875 0.0625
20 0.47421875 0.56796875 0.1375 0.0890625
20 0.46171875 0.703125 0.175 0.0921875
20 0.44921875 0.39453125 0.13125 0.0828125
20 0.44140625 0.25078125 0.11875 0.065625
20 0.4375 0.1375 0.13125 0.059375
20 0.17734375 0.15703125 0.153125 0.071875
20 0.16796875 0.4109375 0.1609375 0.078125
20 0.1609375 0.28359375 0.1375 0.06875
20 0.146875 0.57890625 0.178125 0.09375
20 0.13984375 0.73359375 0.19375 0.1078125
20 0.84453125 0.7453125 0.1453125 0.0984375
20 0.7984375 0.56015625 0.1578125 0.0984375
20 0.76953125 0.396875 0.153125 0.0796875