24 0.29927884615384615 0.24278846153846154 0.11778846153846154 0.16346153846153846
24 0.11177884615384616 0.2608173076923077 0.09495192307692307 0.16826923076923078
24 0.8185096153846154 0.43509615384615385 0.10697115384615384 0.16346153846153846
24 0.6634615384615384 0.45913461538461536 0.10817307692307693 0.16826923076923078
24 0.49399038461538464 0.4723557692307692 0.10817307692307693 0.15865384615384615
24 0.32211538461538464 0.5108173076923077 0.11658653846153846 0.1778846153846154
24 0.12740384615384615 0.5384615384615384 0.10216346153846154 0.17548076923076922
24 0.8269230769230769 0.6586538461538461 0.1201923076923077 0.15264423076923078
24 0.6442307692307693 0.6875 0.09375 0.15504807692307693
24 0.4831730769230769 0.7115384615384616 0.08533653846153846 0.16466346153846154
24 0.33413461538461536 0.7536057692307693 0.09375 0.1778846153846154
24 0.16105769230769232 0.7776442307692307 0.09134615384615384 0.1658653846153846
24 0.7908653846153846 0.17668269230769232 0.10336538461538461 0.16346153846153846
24 0.6346153846153846 0.1971153846153846 0.10697115384615384 0.15264423076923078
24 0.4699519230769231 0.21514423076923078 0.109375 0.15144230769230768