23 0.1671875 0.26953125 0.10859375 0.1296875
23 0.340625 0.27890625 0.0921875 0.14140625
23 0.4921875 0.28984375 0.08828125 0.13046875
23 0.625 0.29140625 0.0859375 0.13984375
23 0.75390625 0.3046875 0.08515625 0.15078125
23 0.33984375 0.51171875 0.1 0.1203125
23 0.7296875 0.5140625 0.08359375 0.1140625
23 0.19453125 0.51484375 0.10390625 0.13203125
23 0.48359375 0.5171875 0.090625 0.11640625
23 0.615625 0.5203125 0.084375 0.09921875
23 0.48125 0.70390625 0.08125 0.10625
23 0.60390625 0.70390625 0.08359375 0.10625
23 0.2203125 0.70703125 0.090625 0.12109375
23 0.71953125 0.7078125 0.08359375 0.10703125
23 0.35625 0.71171875 0.09609375 0.10703125