15 0.828125 0.50546875 0.084375 0.1390625
15 0.715625 0.52109375 0.0890625 0.14140625
15 0.56484375 0.54765625 0.08359375 0.13359375
15 0.43515625 0.5609375 0.0953125 0.13671875
15 0.2 0.59609375 0.0734375 0.1421875
15 0.7890625 0.753125 0.08984375 0.14921875
15 0.659375 0.76484375 0.0859375 0.1484375
15 0.52734375 0.78125 0.08984375 0.14453125
15 0.39375 0.8046875 0.08671875 0.14375
15 0.18828125 0.8234375 0.08203125 0.1484375
15 0.8125 0.15703125 0.0765625 0.1390625
15 0.221875 0.16953125 0.0828125 0.14453125
15 0.40703125 0.17109375 0.07421875 0.13359375
15 0.69609375 0.175 0.0875 0.128125
15 0.56015625 0.196875 0.0703125 0.134375