4 0.53984375 0.26875 0.0875 0.11875
4 0.7140625 0.26953125 0.084375 0.1203125
4 0.878125 0.27109375 0.075 0.1265625
4 0.39296875 0.28984375 0.0859375 0.121875
4 0.19921875 0.3015625 0.103125 0.1359375
4 0.83828125 0.46875 0.075 0.0921875
4 0.68828125 0.4859375 0.06875 0.1
4 0.56328125 0.490625 0.075 0.096875
4 0.41171875 0.50078125 0.078125 0.103125
4 0.24140625 0.51328125 0.090625 0.121875
4 0.78828125 0.63828125 0.053125 0.075
4 0.68828125 0.64453125 0.0546875 0.071875
4 0.559375 0.659375 0.059375 0.075
4 0.4265625 0.67109375 0.06875 0.075
4 0.271875 0.68046875 0.0765625 0.0984375