6 0.31490384615384615 0.2548076923076923 0.06490384615384616 0.15985576923076922
6 0.1875 0.27884615384615385 0.06610576923076923 0.15144230769230768
6 0.7475961538461539 0.46875 0.08653846153846154 0.1814903846153846
6 0.4579326923076923 0.48677884615384615 0.06971153846153846 0.15264423076923078
6 0.6033653846153846 0.49158653846153844 0.06850961538461539 0.15865384615384615
6 0.33052884615384615 0.5060096153846154 0.06850961538461539 0.14543269230769232
6 0.20072115384615385 0.5240384615384616 0.06971153846153846 0.15384615384615385
6 0.7572115384615384 0.7415865384615384 0.07932692307692307 0.17548076923076922
6 0.6141826923076923 0.7451923076923077 0.07451923076923077 0.16826923076923078
6 0.46875 0.7487980769230769 0.0673076923076923 0.15625
6 0.20552884615384615 0.7620192307692307 0.057692307692307696 0.13701923076923078
6 0.3389423076923077 0.765625 0.06850961538461539 0.1658653846153846
6 0.7415865384615384 0.18269230769230768 0.07932692307692307 0.16706730769230768
6 0.609375 0.19831730769230768 0.06971153846153846 0.15865384615384615
6 0.4567307692307692 0.22956730769230768 0.0733173076923077 0.1814903846153846