26 0.48125 0.23671875 0.0671875 0.11875
26 0.59921875 0.24921875 0.065625 0.115625
26 0.70859375 0.25546875 0.0703125 0.1140625
26 0.17109375 0.43828125 0.06328125 0.13359375
26 0.28671875 0.4578125 0.0703125 0.1359375
26 0.484375 0.46171875 0.05859375 0.12890625
26 0.61875 0.46328125 0.07265625 0.13203125
26 0.73828125 0.47109375 0.07265625 0.15078125
26 0.60703125 0.68203125 0.06640625 0.1359375
26 0.73984375 0.68203125 0.06328125 0.1359375
26 0.4578125 0.6890625 0.06796875 0.140625
26 0.26875 0.7046875 0.06796875 0.15546875
26 0.125 0.7203125 0.07578125 0.16484375
26 0.209375 0.21015625 0.0640625 0.14609375
26 0.34453125 0.225 0.0703125 0.13046875