5 0.66640625 0.41640625 0.078125 0.1625
5 0.79140625 0.41796875 0.07265625 0.1671875
5 0.5125 0.43515625 0.075 0.159375
5 0.3671875 0.4546875 0.071875 0.15078125
5 0.1671875 0.48203125 0.0734375 0.1625
5 0.8 0.68125 0.07265625 0.18203125
5 0.67890625 0.6875 0.084375 0.18125
5 0.50546875 0.7109375 0.08203125 0.184375
5 0.36171875 0.71875 0.07890625 0.17578125
5 0.159375 0.7328125 0.08359375 0.2046875
5 0.5359375 0.18359375 0.06171875 0.13515625
5 0.671875 0.1875 0.0796875 0.15625
5 0.7796875 0.19609375 0.0765625 0.14375
5 0.1875 0.203125 0.08046875 0.16640625
5 0.39609375 0.20703125 0.06953125 0.146875