30 0.66640625 0.47421875 0.109375 0.1359375
30 0.325 0.475 0.13203125 0.15234375
30 0.1421875 0.48046875 0.10703125 0.16640625
30 0.50625 0.4828125 0.1109375 0.15859375
30 0.825 0.50546875 0.12109375 0.1765625
30 0.32578125 0.77421875 0.10703125 0.13984375
30 0.15 0.78046875 0.11640625 0.1578125
30 0.49375 0.78984375 0.1 0.1484375
30 0.66640625 0.8 0.10234375 0.13828125
30 0.8265625 0.8234375 0.115625 0.1625
30 0.48984375 0.18984375 0.1140625 0.1484375
30 0.15390625 0.19296875 0.1171875 0.15078125
30 0.64921875 0.19296875 0.11328125 0.14375
30 0.3234375 0.196875 0.12265625 0.1578125
30 0.83515625 0.20390625 0.12421875 0.16015625