31 0.690625 0.45 0.08671875 0.121875
31 0.81640625 0.459375 0.0796875 0.14765625
31 0.50078125 0.46875 0.09765625 0.13125
31 0.30390625 0.47734375 0.084375 0.13359375
31 0.1140625 0.48515625 0.08359375 0.14921875
31 0.8546875 0.74140625 0.10234375 0.17578125
31 0.709375 0.7640625 0.10234375 0.1796875
31 0.509375 0.7703125 0.09609375 0.1703125
31 0.32109375 0.809375 0.090625 0.17265625
31 0.09375 0.821875 0.10546875 0.21484375
31 0.33515625 0.18125 0.08125 0.12265625
31 0.14921875 0.18203125 0.08359375 0.121875
31 0.83046875 0.190625 0.07734375 0.10078125
31 0.51953125 0.19140625 0.08828125 0.12265625
31 0.6796875 0.1921875 0.09375 0.1171875