28 0.72265625 0.28046875 0.109375 0.11796875
28 0.58125 0.29296875 0.084375 0.11484375
28 0.4546875 0.31171875 0.078125 0.11875
28 0.31953125 0.334375 0.0859375 0.1265625
28 0.1703125 0.35 0.07421875 0.125
28 0.78671875 0.4625 0.1140625 0.15703125
28 0.60390625 0.46875 0.0953125 0.13671875
28 0.453125 0.496875 0.0921875 0.140625
28 0.28671875 0.51796875 0.08125 0.12578125
28 0.13125 0.5375 0.0640625 0.1234375
28 0.840625 0.69375 0.12109375 0.184375
28 0.65078125 0.69609375 0.0953125 0.15703125
28 0.45 0.725 0.08984375 0.16328125
28 0.27734375 0.75 0.115625 0.1625
28 0.10703125 0.7703125 0.08984375 0.1890625