24 0.19609375 0.24140625 0.06953125 0.146875
24 0.0921875 0.2546875 0.06640625 0.1546875
24 0.61171875 0.4890625 0.08828125 0.18671875
24 0.4796875 0.50859375 0.07890625 0.16328125
24 0.3359375 0.5203125 0.084375 0.15078125
24 0.21640625 0.5421875 0.075 0.13671875
24 0.10625 0.5546875 0.07734375 0.153125
24 0.59453125 0.77265625 0.0828125 0.15546875
24 0.1265625 0.77890625 0.06484375 0.14921875
24 0.45546875 0.78203125 0.0875 0.140625
24 0.3328125 0.784375 0.0703125 0.1421875
24 0.2328125 0.79375 0.07890625 0.16953125
24 0.59453125 0.21484375 0.0921875 0.16953125
24 0.465625 0.215625 0.08203125 0.1421875
24 0.321875 0.221875 0.084375 0.15546875