1 0.84296875 0.4953125 0.05546875 0.13203125
1 0.73203125 0.5015625 0.05859375 0.14296875
1 0.59921875 0.5046875 0.06171875 0.14375
1 0.47109375 0.53671875 0.0671875 0.16640625
1 0.28984375 0.5546875 0.0703125 0.190625
1 0.8484375 0.72890625 0.0546875 0.1328125
1 0.746875 0.73984375 0.0578125 0.13046875
1 0.62109375 0.7546875 0.0578125 0.13828125
1 0.48359375 0.8015625 0.0671875 0.146875
1 0.2875 0.85546875 0.07578125 0.15546875
1 0.27734375 0.196875 0.08125 0.18046875
1 0.59765625 0.20859375 0.0703125 0.134375
1 0.4546875 0.2125 0.07421875 0.16015625
1 0.7296875 0.215625 0.06328125 0.15
1 0.83515625 0.225 0.05078125 0.153125