101 0.146875 0.4484375 0.0890625 0.1515625
101 0.5765625 0.45703125 0.0859375 0.17265625
101 0.2890625 0.45859375 0.0875 0.16484375
101 0.43828125 0.46171875 0.09140625 0.1625
101 0.7390625 0.4734375 0.1015625 0.17734375
101 0.109375 0.7265625 0.08515625 0.19765625
101 0.63359375 0.73359375 0.0984375 0.20625
101 0.2859375 0.734375 0.09296875 0.20546875
101 0.4609375 0.7453125 0.09921875 0.225
101 0.809375 0.75234375 0.13125 0.21484375
101 0.40390625 0.2140625 0.096875 0.15625
101 0.15078125 0.21796875 0.07578125 0.159375
101 0.26953125 0.22578125 0.07578125 0.15625
101 0.53828125 0.22890625 0.1 0.1640625
101 0.68125 0.234375 0.09296875 0.16796875