72 0.2984375 0.23671875 0.065625 0.12890625
72 0.22265625 0.2484375 0.05625 0.125
72 0.21875 0.440625 0.05078125 0.140625
72 0.55078125 0.44375 0.08984375 0.15703125
72 0.3125 0.44609375 0.06875 0.1375
72 0.71171875 0.44609375 0.10859375 0.17109375
72 0.42421875 0.44765625 0.08046875 0.1453125
72 0.22578125 0.61796875 0.05546875 0.12890625
72 0.321875 0.65234375 0.07734375 0.13984375
72 0.4421875 0.6796875 0.08203125 0.171875
72 0.57421875 0.69765625 0.0984375 0.18046875
72 0.7375 0.72734375 0.1 0.196875
72 0.65078125 0.16484375 0.11015625 0.16015625
72 0.503125 0.19921875 0.096875 0.13359375
72 0.39453125 0.23125 0.07109375 0.13671875