4 0.7548076923076923 0.3918269230769231 0.078125 0.12139423076923077
4 0.5985576923076923 0.40024038461538464 0.08052884615384616 0.10817307692307693
4 0.43990384615384615 0.4206730769230769 0.08774038461538461 0.12860576923076922
4 0.2824519230769231 0.43990384615384615 0.08413461538461539 0.12139423076923077
4 0.11057692307692307 0.4579326923076923 0.07572115384615384 0.13221153846153846
4 0.7824519230769231 0.6766826923076923 0.09735576923076923 0.11778846153846154
4 0.44350961538461536 0.6778846153846154 0.09375 0.12980769230769232
4 0.6069711538461539 0.6778846153846154 0.0889423076923077 0.12620192307692307
4 0.28725961538461536 0.7079326923076923 0.08173076923076923 0.11899038461538461
4 0.11177884615384616 0.7235576923076923 0.08533653846153846 0.13221153846153846
4 0.625 0.15264423076923078 0.08173076923076923 0.11177884615384616
4 0.7439903846153846 0.15384615384615385 0.07091346153846154 0.11899038461538461
4 0.4891826923076923 0.16947115384615385 0.07932692307692307 0.11057692307692307
4 0.34375 0.17548076923076922 0.09254807692307693 0.109375
4 0.14903846153846154 0.18990384615384615 0.08533653846153846 0.10576923076923077