29 0.58046875 0.2421875 0.1109375 0.22421875
29 0.7328125 0.24296875 0.09765625 0.2265625
29 0.14453125 0.24609375 0.1109375 0.23203125
29 0.2828125 0.25078125 0.11328125 0.2265625
29 0.62734375 0.521875 0.08046875 0.18125
29 0.77421875 0.52890625 0.08203125 0.1859375
29 0.496875 0.53125 0.0984375 0.17734375
29 0.35390625 0.53984375 0.09609375 0.175
29 0.21015625 0.54375 0.10390625 0.16796875
29 0.80859375 0.77109375 0.09375 0.165625
29 0.6765625 0.771875 0.08046875 0.16796875
29 0.5375 0.7875 0.0921875 0.18515625
29 0.3921875 0.79765625 0.1015625 0.17265625
29 0.240625 0.809375 0.09453125 0.16328125
29 0.43359375 0.2296875 0.125 0.22734375