28 0.34765625 0.3296875 0.0828125 0.1734375
28 0.16640625 0.33203125 0.08984375 0.19609375
28 0.63125 0.3390625 0.08359375 0.15078125
28 0.5046875 0.34140625 0.07578125 0.16484375
28 0.78671875 0.35 0.07265625 0.14453125
28 0.69140625 0.59921875 0.07109375 0.1203125
28 0.33984375 0.6 0.0765625 0.1265625
28 0.1890625 0.6046875 0.0921875 0.1484375
28 0.47109375 0.60546875 0.0765625 0.134375
28 0.58046875 0.6078125 0.06875 0.134375
28 0.69921875 0.78125 0.07109375 0.1078125
28 0.5859375 0.78828125 0.0734375 0.10390625
28 0.478125 0.79609375 0.0703125 0.11875
28 0.3390625 0.80234375 0.07109375 0.11796875
28 0.21484375 0.8046875 0.08359375 0.12109375