17 0.4651442307692308 0.46634615384615385 0.09615384615384616 0.20192307692307693
17 0.625 0.4675480769230769 0.1045673076923077 0.20432692307692307
17 0.30649038461538464 0.4807692307692308 0.1045673076923077 0.203125
17 0.7776442307692307 0.48677884615384615 0.10576923076923077 0.2247596153846154
17 0.1346153846153846 0.49278846153846156 0.09254807692307693 0.2091346153846154
17 0.8016826923076923 0.7475961538461539 0.11177884615384616 0.2127403846153846
17 0.31009615384615385 0.7560096153846154 0.12379807692307693 0.17908653846153846
17 0.6201923076923077 0.7596153846153846 0.09254807692307693 0.20432692307692307
17 0.4675480769230769 0.7608173076923077 0.08533653846153846 0.203125
17 0.140625 0.7644230769230769 0.0829326923076923 0.171875
17 0.6129807692307693 0.15745192307692307 0.10576923076923077 0.2247596153846154
17 0.4519230769230769 0.15865384615384615 0.09375 0.21754807692307693
17 0.7752403846153846 0.16826923076923078 0.0985576923076923 0.24759615384615385
17 0.28846153846153844 0.17307692307692307 0.10336538461538461 0.22716346153846154
17 0.11658653846153846 0.18389423076923078 0.09615384615384616 0.22355769230769232