11 0.6078125 0.2375 0.0765625 0.1015625
11 0.44140625 0.24140625 0.07578125 0.090625
11 0.2921875 0.24609375 0.07421875 0.09609375
11 0.7859375 0.24765625 0.07734375 0.09375
11 0.12890625 0.25703125 0.06875 0.1125
11 0.29375 0.48046875 0.08515625 0.13203125
11 0.6484375 0.48125 0.0953125 0.13359375
11 0.47734375 0.4859375 0.08515625 0.12890625
11 0.834375 0.48828125 0.1 0.128125
11 0.1296875 0.50859375 0.075 0.1359375
11 0.85625 0.7265625 0.1015625 0.13828125
11 0.6890625 0.73828125 0.08515625 0.11484375
11 0.5046875 0.7484375 0.09609375 0.13515625
11 0.275 0.76171875 0.06875 0.14296875
11 0.11015625 0.775 0.07109375 0.12734375