2 0.0889423076923077 0.2439903846153846 0.0889423076923077 0.18269230769230768
2 0.6129807692307693 0.5120192307692307 0.0673076923076923 0.14423076923076922
2 0.7872596153846154 0.5144230769230769 0.06610576923076923 0.14783653846153846
2 0.42908653846153844 0.5192307692307693 0.07211538461538461 0.16105769230769232
2 0.28125 0.5336538461538461 0.08052884615384616 0.1658653846153846
2 0.140625 0.5528846153846154 0.0829326923076923 0.16826923076923078
2 0.7632211538461539 0.7560096153846154 0.06971153846153846 0.14182692307692307
2 0.5997596153846154 0.7680288461538461 0.06850961538461539 0.14543269230769232
2 0.4423076923076923 0.7860576923076923 0.06370192307692307 0.14423076923076922
2 0.3137019230769231 0.7980769230769231 0.06370192307692307 0.1310096153846154
2 0.18870192307692307 0.7992788461538461 0.06610576923076923 0.13221153846153846
2 0.8064903846153846 0.18028846153846154 0.0733173076923077 0.18629807692307693
2 0.6213942307692307 0.18509615384615385 0.0829326923076923 0.1658653846153846
2 0.4266826923076923 0.1875 0.08173076923076923 0.171875
2 0.2536057692307692 0.21634615384615385 0.0829326923076923 0.17307692307692307