9 0.16328125 0.415625 0.07578125 0.153125
9 0.29921875 0.41796875 0.07734375 0.1375
9 0.590625 0.43125 0.0734375 0.13984375
9 0.44609375 0.43359375 0.071875 0.13984375
9 0.77265625 0.446875 0.0734375 0.15
9 0.57890625 0.70078125 0.08046875 0.15625
9 0.4265625 0.703125 0.07421875 0.16640625
9 0.77578125 0.7046875 0.08125 0.16328125
9 0.10703125 0.7078125 0.08046875 0.15625
9 0.265625 0.71484375 0.06875 0.153125
9 0.2109375 0.165625 0.0734375 0.121875
9 0.35625 0.16640625 0.0796875 0.134375
9 0.5015625 0.17421875 0.07109375 0.12265625
9 0.653125 0.1890625 0.078125 0.13046875
9 0.78671875 0.20078125 0.07890625 0.1296875