20 0.2764423076923077 0.3233173076923077 0.0985576923076923 0.12259615384615384
20 0.4519230769230769 0.3233173076923077 0.09375 0.1141826923076923
20 0.6526442307692307 0.32572115384615385 0.07932692307692307 0.12379807692307693
20 0.09134615384615384 0.3317307692307692 0.09735576923076923 0.125
20 0.8701923076923077 0.33774038461538464 0.0733173076923077 0.11899038461538461
20 0.3173076923076923 0.5637019230769231 0.09615384615384616 0.0985576923076923
20 0.4963942307692308 0.5721153846153846 0.08774038461538461 0.11177884615384616
20 0.16466346153846154 0.5733173076923077 0.0889423076923077 0.11298076923076923
20 0.6646634615384616 0.5757211538461539 0.07572115384615384 0.109375
20 0.8461538461538461 0.5841346153846154 0.06971153846153846 0.109375
20 0.3293269230769231 0.7487980769230769 0.07091346153846154 0.09375
20 0.6706730769230769 0.75 0.057692307692307696 0.07692307692307693
20 0.5132211538461539 0.75 0.07451923076923077 0.08653846153846154
20 0.8064903846153846 0.75 0.05889423076923077 0.0829326923076923
20 0.20552884615384615 0.7512019230769231 0.07211538461538461 0.07572115384615384