4 0.72578125 0.48984375 0.134375 0.0921875
4 0.71953125 0.8375 0.13125 0.0984375
4 0.71953125 0.6625 0.15 0.084375
4 0.71640625 0.31015625 0.1609375 0.078125
4 0.71171875 0.15078125 0.1515625 0.0875
4 0.51171875 0.82890625 0.13125 0.078125
4 0.496875 0.6890625 0.125 0.084375
4 0.4921875 0.51171875 0.11875 0.0734375
4 0.48671875 0.3203125 0.1265625 0.078125
4 0.48125 0.1453125 0.146875 0.0875
4 0.278125 0.8546875 0.1140625 0.0890625
4 0.2734375 0.6921875 0.115625 0.09375
4 0.2546875 0.503125 0.134375 0.0828125
4 0.24609375 0.321875 0.15625 0.0875
4 0.2375 0.1484375 0.190625 0.09375