9 0.303125 0.2359375 0.07265625 0.1390625
9 0.1765625 0.2578125 0.065625 0.1546875
9 0.16640625 0.4875 0.0578125 0.14375
9 0.28359375 0.4921875 0.0640625 0.15078125
9 0.39375 0.49765625 0.071875 0.15078125
9 0.54375 0.5015625 0.084375 0.15078125
9 0.7171875 0.5296875 0.09140625 0.1546875
9 0.15859375 0.73046875 0.05390625 0.1375
9 0.25 0.75 0.05625 0.1359375
9 0.378125 0.759375 0.07421875 0.15859375
9 0.515625 0.81015625 0.08046875 0.12890625
9 0.66484375 0.8203125 0.08828125 0.153125
9 0.58125 0.2078125 0.07890625 0.15390625
9 0.76796875 0.20859375 0.0953125 0.153125
9 0.4265625 0.21484375 0.07421875 0.15546875