11 0.3546875 0.853125 0.125 0.08125
11 0.3609375 0.71640625 0.11875 0.0640625
11 0.375 0.58125 0.1125 0.078125
11 0.38515625 0.45390625 0.11875 0.06875
11 0.396875 0.328125 0.1109375 0.078125
11 0.55859375 0.87890625 0.1375 0.078125
11 0.5640625 0.71875 0.1234375 0.0796875
11 0.56875 0.56953125 0.125 0.075
11 0.5765625 0.434375 0.125 0.078125
11 0.584375 0.30078125 0.1171875 0.0703125
11 0.78359375 0.71640625 0.14375 0.075
11 0.78671875 0.56796875 0.146875 0.071875
11 0.7953125 0.90859375 0.153125 0.09375
11 0.79609375 0.4140625 0.1265625 0.0828125
11 0.796875 0.278125 0.1140625 0.0625