12 0.821875 0.5171875 0.09140625 0.12265625
12 0.6921875 0.5234375 0.09375 0.12890625
12 0.53203125 0.55234375 0.084375 0.125
12 0.3734375 0.58046875 0.0828125 0.121875
12 0.2375 0.58203125 0.075 0.14765625
12 0.85078125 0.79609375 0.07890625 0.134375
12 0.71796875 0.81484375 0.065625 0.1265625
12 0.56328125 0.84609375 0.08125 0.12890625
12 0.39296875 0.85234375 0.0765625 0.13046875
12 0.23671875 0.87109375 0.06015625 0.14296875
12 0.79453125 0.1703125 0.08671875 0.1375
12 0.6703125 0.1828125 0.08203125 0.14375
12 0.5234375 0.19296875 0.078125 0.1453125
12 0.38203125 0.20234375 0.08125 0.15390625
12 0.23359375 0.20234375 0.08046875 0.14921875