2 0.2125 0.24609375 0.0625 0.15546875
2 0.81875 0.4546875 0.07109375 0.146875
2 0.6953125 0.459375 0.05859375 0.1515625
2 0.4125 0.48203125 0.06796875 0.1296875
2 0.5578125 0.4859375 0.0578125 0.1296875
2 0.24765625 0.52734375 0.065625 0.13984375
2 0.69609375 0.7390625 0.06640625 0.14296875
2 0.834375 0.74140625 0.0609375 0.13046875
2 0.571875 0.75 0.06328125 0.15546875
2 0.428125 0.7703125 0.059375 0.13671875
2 0.2515625 0.82109375 0.0671875 0.12890625
2 0.828125 0.20390625 0.0625 0.13203125
2 0.69609375 0.20703125 0.05546875 0.13984375
2 0.5703125 0.2203125 0.06640625 0.1484375
2 0.44296875 0.23515625 0.06953125 0.15234375