4 0.57734375 0.49375 0.0828125 0.14296875
4 0.16953125 0.50703125 0.04921875 0.13515625
4 0.4328125 0.509375 0.08125 0.1390625
4 0.31328125 0.5109375 0.06015625 0.134375
4 0.71640625 0.51171875 0.08203125 0.1453125
4 0.16640625 0.77421875 0.04921875 0.14296875
4 0.30078125 0.80234375 0.06328125 0.14375
4 0.4328125 0.815625 0.07578125 0.13671875
4 0.57265625 0.82734375 0.075 0.13984375
4 0.6953125 0.8390625 0.08203125 0.1421875
4 0.7203125 0.15546875 0.09140625 0.14609375
4 0.58359375 0.1609375 0.07421875 0.14140625
4 0.46640625 0.1859375 0.08671875 0.1453125
4 0.3296875 0.20625 0.0734375 0.14140625
4 0.17890625 0.2109375 0.0609375 0.13203125