21 0.44711538461538464 0.30649038461538464 0.12620192307692307 0.1310096153846154
21 0.5997596153846154 0.3076923076923077 0.12620192307692307 0.12379807692307693
21 0.7956730769230769 0.31850961538461536 0.14302884615384615 0.140625
21 0.27524038461538464 0.33052884615384615 0.14783653846153846 0.1502403846153846
21 0.12860576923076922 0.3329326923076923 0.11778846153846154 0.16466346153846154
21 0.6298076923076923 0.49278846153846156 0.14903846153846154 0.11298076923076923
21 0.8064903846153846 0.4987980769230769 0.11658653846153846 0.10697115384615384
21 0.46634615384615385 0.5012019230769231 0.12740384615384615 0.10216346153846154
21 0.30528846153846156 0.5204326923076923 0.13942307692307693 0.12259615384615384
21 0.15264423076923078 0.546875 0.1310096153846154 0.15504807692307693
21 0.7800480769230769 0.7103365384615384 0.11899038461538461 0.1201923076923077
21 0.4831730769230769 0.7115384615384616 0.13942307692307693 0.10817307692307693
21 0.6322115384615384 0.7151442307692307 0.13221153846153846 0.11538461538461539
21 0.32211538461538464 0.7319711538461539 0.13581730769230768 0.11177884615384616
21 0.1778846153846154 0.75 0.12259615384615384 0.12860576923076922