10 0.315625 0.275 0.10703125 0.15859375
10 0.4859375 0.2765625 0.09140625 0.15234375
10 0.1421875 0.284375 0.0890625 0.1625
10 0.64453125 0.2859375 0.0953125 0.16640625
10 0.796875 0.303125 0.08125 0.1671875
10 0.14609375 0.56484375 0.08203125 0.14921875
10 0.31171875 0.56875 0.071875 0.14765625
10 0.45390625 0.56875 0.0734375 0.14375
10 0.59609375 0.5734375 0.08828125 0.13828125
10 0.76484375 0.58828125 0.0953125 0.13984375
10 0.16875 0.803125 0.078125 0.13125
10 0.46796875 0.815625 0.0703125 0.12890625
10 0.57890625 0.8171875 0.0765625 0.1078125
10 0.33671875 0.81875 0.07265625 0.11953125
10 0.73984375 0.82734375 0.08046875 0.1140625