23 0.8353365384615384 0.3425480769230769 0.0673076923076923 0.16105769230769232
23 0.6838942307692307 0.3473557692307692 0.06610576923076923 0.16105769230769232
23 0.49759615384615385 0.3557692307692308 0.07932692307692307 0.15985576923076922
23 0.34615384615384615 0.3629807692307692 0.0829326923076923 0.15625
23 0.16346153846153846 0.3762019230769231 0.08173076923076923 0.14423076923076922
23 0.8197115384615384 0.5300480769230769 0.0625 0.12259615384615384
23 0.6778846153846154 0.5432692307692307 0.0733173076923077 0.1310096153846154
23 0.5192307692307693 0.5516826923076923 0.05889423076923077 0.11057692307692307
23 0.375 0.5649038461538461 0.06610576923076923 0.11778846153846154
23 0.22716346153846154 0.5985576923076923 0.07211538461538461 0.13341346153846154
23 0.7908653846153846 0.6826923076923077 0.07211538461538461 0.10336538461538461
23 0.6430288461538461 0.6947115384615384 0.052884615384615384 0.09495192307692307
23 0.5288461538461539 0.7139423076923077 0.056490384615384616 0.08653846153846154
23 0.41586538461538464 0.7271634615384616 0.06009615384615385 0.08774038461538461
23 0.28365384615384615 0.7524038461538461 0.06610576923076923 0.09014423076923077