8 0.44609375 0.428125 0.06875 0.13515625
8 0.17421875 0.44296875 0.05703125 0.11328125
8 0.28125 0.4484375 0.059375 0.12890625
8 0.59296875 0.453125 0.090625 0.1609375
8 0.75703125 0.459375 0.09375 0.15546875
8 0.17578125 0.66875 0.0671875 0.12578125
8 0.28984375 0.67578125 0.059375 0.13046875
8 0.4296875 0.6875 0.0671875 0.1546875
8 0.575 0.69453125 0.07421875 0.14921875
8 0.75 0.7328125 0.090625 0.17421875
8 0.74453125 0.16328125 0.08515625 0.14140625
8 0.58125 0.16953125 0.06953125 0.13203125
8 0.4390625 0.18203125 0.065625 0.14609375
8 0.28671875 0.19609375 0.06328125 0.13203125
8 0.175 0.1984375 0.05234375 0.13203125