22 0.84921875 0.36171875 0.121875 0.1203125
22 0.6453125 0.3640625 0.09921875 0.128125
22 0.28671875 0.3734375 0.1 0.109375
22 0.46796875 0.37421875 0.1015625 0.11171875
22 0.125 0.37421875 0.11796875 0.12578125
22 0.85625 0.5921875 0.0765625 0.11953125
22 0.16171875 0.59375 0.09921875 0.146875
22 0.6765625 0.596875 0.0734375 0.12890625
22 0.5078125 0.59765625 0.09609375 0.125
22 0.3265625 0.60234375 0.090625 0.12578125
22 0.70859375 0.7671875 0.08828125 0.0875
22 0.86953125 0.7671875 0.0671875 0.0875
22 0.53515625 0.775 0.06640625 0.09375
22 0.3828125 0.78046875 0.0828125 0.10546875
22 0.2265625 0.78828125 0.0984375 0.09296875