4 0.5328125 0.29296875 0.0875 0.11875
4 0.70390625 0.29609375 0.084375 0.1203125
4 0.8671875 0.29921875 0.078125 0.1265625
4 0.38125 0.3125 0.0859375 0.121875
4 0.19375 0.32421875 0.103125 0.1359375
4 0.828125 0.49296875 0.078125 0.1
4 0.68125 0.51015625 0.06875 0.1
4 0.553125 0.51171875 0.075 0.096875
4 0.40078125 0.52265625 0.08125 0.115625
4 0.2328125 0.53828125 0.09375 0.121875
4 0.78125 0.65859375 0.05625 0.08125
4 0.68125 0.66484375 0.0578125 0.0765625
4 0.5515625 0.6828125 0.0625 0.084375
4 0.41875 0.6953125 0.071875 0.0828125
4 0.2609375 0.70703125 0.0765625 0.0984375