15 0.7609375 0.4359375 0.0671875 0.12734375
15 0.834375 0.43671875 0.06640625 0.13359375
15 0.65546875 0.45234375 0.07734375 0.12109375
15 0.27109375 0.48125 0.1140625 0.14609375
15 0.53046875 0.4921875 0.0890625 0.1359375
15 0.83515625 0.6453125 0.07109375 0.1296875
15 0.7453125 0.66328125 0.07265625 0.125
15 0.64609375 0.69296875 0.07890625 0.13359375
15 0.52421875 0.73046875 0.07734375 0.14765625
15 0.26875 0.803125 0.10234375 0.1625
15 0.25390625 0.16953125 0.10078125 0.1546875
15 0.72109375 0.18046875 0.06640625 0.11796875
15 0.45 0.1890625 0.08984375 0.14609375
15 0.6109375 0.18984375 0.0796875 0.13359375
15 0.8015625 0.190625 0.0625 0.1234375