11 0.66484375 0.42265625 0.0875 0.13828125
11 0.8171875 0.4234375 0.09453125 0.13984375
11 0.5046875 0.4375 0.10078125 0.14375
11 0.3484375 0.4640625 0.090625 0.15
11 0.1703125 0.47890625 0.08203125 0.14609375
11 0.78671875 0.63125 0.08828125 0.1359375
11 0.6453125 0.659375 0.1109375 0.13515625
11 0.4828125 0.66796875 0.0875 0.13828125
11 0.35390625 0.68046875 0.08828125 0.140625
11 0.20390625 0.6984375 0.084375 0.16171875
11 0.81328125 0.171875 0.0953125 0.1703125
11 0.63671875 0.1734375 0.08828125 0.178125
11 0.496875 0.1828125 0.0875 0.1796875
11 0.3328125 0.2078125 0.0984375 0.19765625
11 0.15078125 0.21328125 0.1015625 0.190625