69 0.53984375 0.26875 0.08828125 0.11875
69 0.7140625 0.26953125 0.084375 0.1203125
69 0.878125 0.27109375 0.075 0.1265625
69 0.39296875 0.28984375 0.0859375 0.12265625
69 0.19921875 0.3015625 0.103125 0.1359375
69 0.83828125 0.46875 0.07578125 0.0921875
69 0.68828125 0.4859375 0.06796875 0.09921875
69 0.56328125 0.490625 0.07578125 0.096875
69 0.41171875 0.50078125 0.078125 0.10234375
69 0.24140625 0.51328125 0.09140625 0.12265625
69 0.78828125 0.63828125 0.05390625 0.07578125
69 0.68828125 0.64453125 0.0546875 0.07265625
69 0.559375 0.659375 0.06015625 0.07578125
69 0.4265625 0.67109375 0.06875 0.07578125
69 0.271875 0.68046875 0.0765625 0.0984375