3 0.74609375 0.75390625 0.1703125 0.09375
3 0.73203125 0.60078125 0.18125 0.084375
3 0.71015625 0.4453125 0.1859375 0.084375
3 0.69375 0.11484375 0.171875 0.1078125
3 0.690625 0.27890625 0.2 0.0953125
3 0.4625 0.7828125 0.2015625 0.1
3 0.45390625 0.628125 0.184375 0.090625
3 0.44765625 0.11953125 0.16875 0.084375
3 0.4421875 0.309375 0.159375 0.0921875
3 0.43828125 0.4625 0.175 0.08125
3 0.2234375 0.46875 0.1625 0.084375
3 0.21796875 0.125 0.134375 0.08125
3 0.21640625 0.63671875 0.175 0.084375
3 0.21328125 0.29765625 0.1703125 0.06875
3 0.18984375 0.7859375 0.178125 0.075