19 0.8375 0.43984375 0.08828125 0.13046875
19 0.70546875 0.44765625 0.07890625 0.13125
19 0.18359375 0.44921875 0.06953125 0.13046875
19 0.56328125 0.453125 0.07578125 0.1234375
19 0.4328125 0.46640625 0.0703125 0.11171875
19 0.40390625 0.68125 0.06875 0.12265625
19 0.55625 0.690625 0.07578125 0.1421875
19 0.1859375 0.69296875 0.0703125 0.12890625
19 0.69921875 0.6984375 0.0734375 0.13828125
19 0.83359375 0.70390625 0.0734375 0.140625
19 0.80078125 0.1703125 0.071875 0.1234375
19 0.67421875 0.17734375 0.0765625 0.1234375
19 0.19140625 0.184375 0.07421875 0.128125
19 0.55390625 0.18515625 0.071875 0.11953125
19 0.37265625 0.1890625 0.07265625 0.11171875