28 0.6790865384615384 0.2860576923076923 0.11177884615384616 0.12860576923076922
28 0.8497596153846154 0.2920673076923077 0.109375 0.11298076923076923
28 0.5204326923076923 0.2980769230769231 0.09615384615384616 0.13822115384615385
28 0.3473557692307692 0.3233173076923077 0.10817307692307693 0.15144230769230768
28 0.125 0.33653846153846156 0.09975961538461539 0.14903846153846154
28 0.6730769230769231 0.5144230769230769 0.07692307692307693 0.11778846153846154
28 0.8377403846153846 0.5144230769230769 0.10576923076923077 0.1141826923076923
28 0.5216346153846154 0.5420673076923077 0.09615384615384616 0.14543269230769232
28 0.36778846153846156 0.5637019230769231 0.09375 0.13701923076923078
28 0.1778846153846154 0.6105769230769231 0.0829326923076923 0.13221153846153846
28 0.8004807692307693 0.71875 0.10216346153846154 0.09615384615384616
28 0.6550480769230769 0.7439903846153846 0.07692307692307693 0.10697115384615384
28 0.5144230769230769 0.7620192307692307 0.08052884615384616 0.11177884615384616
28 0.3798076923076923 0.7872596153846154 0.07692307692307693 0.109375
28 0.2247596153846154 0.8173076923076923 0.08173076923076923 0.1141826923076923