5 0.48125 0.41484375 0.07421875 0.1140625
5 0.62890625 0.41796875 0.0765625 0.109375
5 0.7828125 0.42734375 0.07578125 0.1203125
5 0.33125 0.434375 0.078125 0.1328125
5 0.19296875 0.44765625 0.06796875 0.12421875
5 0.6234375 0.6640625 0.0640625 0.11171875
5 0.4953125 0.6671875 0.06953125 0.1125
5 0.34453125 0.66796875 0.07265625 0.10625
5 0.75859375 0.67890625 0.06953125 0.1078125
5 0.2109375 0.68203125 0.0640625 0.1140625
5 0.1640625 0.1734375 0.07890625 0.12578125
5 0.328125 0.175 0.075 0.13515625
5 0.49375 0.175 0.084375 0.1265625
5 0.659375 0.18515625 0.06875 0.13046875
5 0.8265625 0.19296875 0.075 0.1390625