19 0.625 0.24759615384615385 0.140625 0.16947115384615385
19 0.42908653846153844 0.27884615384615385 0.11538461538461539 0.13822115384615385
19 0.2932692307692308 0.2932692307692308 0.09134615384615384 0.13822115384615385
19 0.17307692307692307 0.31490384615384615 0.08052884615384616 0.11057692307692307
19 0.07211538461538461 0.3317307692307692 0.06850961538461539 0.12980769230769232
19 0.6911057692307693 0.5108173076923077 0.12740384615384615 0.15865384615384615
19 0.5084134615384616 0.515625 0.11778846153846154 0.14903846153846154
19 0.3425480769230769 0.5324519230769231 0.09615384615384616 0.14543269230769232
19 0.0889423076923077 0.5336538461538461 0.07451923076923077 0.1346153846153846
19 0.19591346153846154 0.5348557692307693 0.07572115384615384 0.11778846153846154
19 0.10336538461538461 0.7103365384615384 0.06370192307692307 0.125
19 0.21394230769230768 0.7247596153846154 0.07451923076923077 0.12980769230769232
19 0.35336538461538464 0.7427884615384616 0.10216346153846154 0.1346153846153846
19 0.5192307692307693 0.7620192307692307 0.11538461538461539 0.15264423076923078
19 0.6850961538461539 0.7884615384615384 0.10817307692307693 0.16826923076923078