19 0.76171875 0.24140625 0.10546875 0.13125
19 0.309375 0.24296875 0.10234375 0.12421875
19 0.6171875 0.24609375 0.10234375 0.14609375
19 0.4609375 0.246875 0.0875 0.14375
19 0.15234375 0.24765625 0.09765625 0.13359375
19 0.765625 0.46171875 0.1 0.12421875
19 0.62734375 0.47109375 0.1 0.11015625
19 0.4546875 0.49921875 0.11640625 0.13203125
19 0.303125 0.50859375 0.09609375 0.1359375
19 0.13984375 0.5125 0.09453125 0.13984375
19 0.7671875 0.70703125 0.1140625 0.15078125
19 0.609375 0.70859375 0.12109375 0.13515625
19 0.44921875 0.7203125 0.09921875 0.1390625
19 0.3078125 0.7203125 0.103125 0.1234375
19 0.15546875 0.72578125 0.103125 0.1328125