5 0.7953125 0.2375 0.05078125 0.15078125
5 0.79296875 0.45625 0.05859375 0.15078125
5 0.70078125 0.4578125 0.05625 0.1546875
5 0.58359375 0.47421875 0.06015625 0.16328125
5 0.4421875 0.484375 0.0578125 0.14765625
5 0.26875 0.4890625 0.0734375 0.16875
5 0.8125 0.66953125 0.06171875 0.16484375
5 0.70078125 0.68046875 0.059375 0.1546875
5 0.5875 0.6921875 0.0625 0.146875
5 0.42890625 0.728125 0.05546875 0.15703125
5 0.25703125 0.74453125 0.065625 0.165625
5 0.2859375 0.1984375 0.084375 0.17265625
5 0.4609375 0.21484375 0.0765625 0.16953125
5 0.603125 0.22265625 0.065625 0.1625
5 0.715625 0.2265625 0.06953125 0.15390625