24 0.79921875 0.440625 0.1109375 0.15625
24 0.63671875 0.44296875 0.103125 0.1546875
24 0.48515625 0.4453125 0.0875 0.146875
24 0.31015625 0.45078125 0.10625 0.146875
24 0.09765625 0.465625 0.1 0.178125
24 0.5015625 0.771875 0.115625 0.225
24 0.31171875 0.7734375 0.128125 0.2125
24 0.67890625 0.7734375 0.109375 0.2125
24 0.87578125 0.7734375 0.1125 0.2125
24 0.08359375 0.77890625 0.1125 0.234375
24 0.33125 0.17734375 0.10625 0.15
24 0.80703125 0.178125 0.0984375 0.134375
24 0.4984375 0.18046875 0.103125 0.14375
24 0.65625 0.18125 0.115625 0.146875
24 0.16328125 0.1984375 0.096875 0.184375