31 0.3234375 0.44140625 0.08125 0.1140625
31 0.4796875 0.45 0.07890625 0.11640625
31 0.66484375 0.453125 0.08046875 0.1265625
31 0.125 0.453125 0.07578125 0.1453125
31 0.846875 0.46015625 0.09296875 0.12734375
31 0.4953125 0.73984375 0.0890625 0.153125
31 0.69921875 0.74453125 0.09375 0.1359375
31 0.91171875 0.7625 0.0953125 0.1609375
31 0.3234375 0.76796875 0.08671875 0.1453125
31 0.096875 0.77890625 0.08671875 0.16953125
31 0.18359375 0.14765625 0.0796875 0.1234375
31 0.34296875 0.1484375 0.078125 0.121875
31 0.484375 0.15 0.084375 0.11015625
31 0.67734375 0.1625 0.0796875 0.12109375
31 0.8484375 0.17109375 0.1046875 0.11875