20 0.78359375 0.4640625 0.09453125 0.1578125
20 0.659375 0.4796875 0.07890625 0.14921875
20 0.5515625 0.48671875 0.08125 0.15703125
20 0.234375 0.4921875 0.0890625 0.15390625
20 0.35078125 0.49921875 0.0859375 0.1546875
20 0.80234375 0.690625 0.10546875 0.18671875
20 0.6828125 0.703125 0.09609375 0.16484375
20 0.55625 0.71484375 0.09765625 0.153125
20 0.35703125 0.7203125 0.0984375 0.165625
20 0.20859375 0.7296875 0.0921875 0.15703125
20 0.76796875 0.2 0.084375 0.14375
20 0.66171875 0.20390625 0.084375 0.13828125
20 0.534375 0.21875 0.08828125 0.1359375
20 0.4109375 0.22734375 0.08125 0.1265625
20 0.278125 0.22890625 0.08984375 0.12734375