4 0.7259615384615384 0.23798076923076922 0.0829326923076923 0.11177884615384616
4 0.5661057692307693 0.24158653846153846 0.10697115384615384 0.10576923076923077
4 0.37259615384615385 0.24759615384615385 0.10817307692307693 0.12259615384615384
4 0.8521634615384616 0.25 0.07572115384615384 0.11177884615384616
4 0.14302884615384615 0.2608173076923077 0.12259615384615384 0.1346153846153846
4 0.7920673076923077 0.5024038461538461 0.08653846153846154 0.12620192307692307
4 0.6298076923076923 0.5072115384615384 0.1045673076923077 0.0985576923076923
4 0.4963942307692308 0.515625 0.07932692307692307 0.1141826923076923
4 0.3473557692307692 0.5288461538461539 0.09254807692307693 0.11538461538461539
4 0.14182692307692307 0.5384615384615384 0.09735576923076923 0.1310096153846154
4 0.6610576923076923 0.7536057692307693 0.09134615384615384 0.09615384615384616
4 0.7932692307692307 0.7560096153846154 0.09134615384615384 0.12139423076923077
4 0.5216346153846154 0.7644230769230769 0.09014423076923077 0.109375
4 0.1658653846153846 0.7776442307692307 0.09014423076923077 0.0985576923076923
4 0.3557692307692308 0.78125 0.09134615384615384 0.10096153846153846