23 0.803125 0.2390625 0.1015625 0.1515625
23 0.8109375 0.4765625 0.09140625 0.1390625
23 0.678125 0.490625 0.10859375 0.14140625
23 0.41015625 0.5046875 0.12421875 0.16640625
23 0.55 0.50546875 0.10703125 0.15
23 0.23125 0.521875 0.15234375 0.196875
23 0.83671875 0.68515625 0.07109375 0.134375
23 0.71171875 0.71328125 0.10546875 0.16328125
23 0.565625 0.7421875 0.0984375 0.1515625
23 0.440625 0.76640625 0.109375 0.15625
23 0.2546875 0.825 0.1671875 0.17734375
23 0.6859375 0.22578125 0.0953125 0.15625
23 0.53828125 0.23125 0.11640625 0.15625
23 0.3921875 0.23203125 0.12890625 0.16953125
23 0.20703125 0.23359375 0.16953125 0.20859375