5 0.6538461538461539 0.49158653846153844 0.08052884615384616 0.14783653846153846
5 0.7956730769230769 0.4951923076923077 0.08653846153846154 0.12620192307692307
5 0.49038461538461536 0.5084134615384616 0.07451923076923077 0.1502403846153846
5 0.15625 0.5132211538461539 0.0733173076923077 0.15865384615384615
5 0.32091346153846156 0.5192307692307693 0.09014423076923077 0.13822115384615385
5 0.6213942307692307 0.7908653846153846 0.07572115384615384 0.15264423076923078
5 0.7608173076923077 0.7920673076923077 0.07572115384615384 0.13341346153846154
5 0.32091346153846156 0.7932692307692307 0.07572115384615384 0.125
5 0.4735576923076923 0.7944711538461539 0.078125 0.125
5 0.15625 0.8052884615384616 0.0733173076923077 0.15384615384615385
5 0.7932692307692307 0.18269230769230768 0.078125 0.14302884615384615
5 0.6478365384615384 0.19471153846153846 0.07572115384615384 0.13822115384615385
5 0.4951923076923077 0.19471153846153846 0.0829326923076923 0.14903846153846154
5 0.3401442307692308 0.19831730769230768 0.0889423076923077 0.15504807692307693
5 0.15985576923076922 0.20793269230769232 0.07692307692307693 0.1502403846153846