18 0.31490384615384615 0.23677884615384615 0.057692307692307696 0.13822115384615385
18 0.24278846153846154 0.25600961538461536 0.04326923076923077 0.11778846153846154
18 0.4423076923076923 0.45072115384615385 0.06370192307692307 0.18509615384615385
18 0.24278846153846154 0.4543269230769231 0.046875 0.12139423076923077
18 0.3329326923076923 0.4651442307692308 0.052884615384615384 0.1622596153846154
18 0.7319711538461539 0.4651442307692308 0.07451923076923077 0.23798076923076922
18 0.5685096153846154 0.4675480769230769 0.08052884615384616 0.21033653846153846
18 0.23798076923076922 0.6911057692307693 0.04447115384615385 0.13822115384615385
18 0.32091346153846156 0.7091346153846154 0.04807692307692308 0.1502403846153846
18 0.4411057692307692 0.7295673076923077 0.057692307692307696 0.16826923076923078
18 0.5709134615384616 0.7620192307692307 0.07932692307692307 0.20552884615384615
18 0.7103365384615384 0.8016826923076923 0.08533653846153846 0.24278846153846154
18 0.7259615384615384 0.13942307692307693 0.1045673076923077 0.22235576923076922
18 0.5540865384615384 0.17307692307692307 0.0733173076923077 0.1814903846153846
18 0.42788461538461536 0.20673076923076922 0.05889423076923077 0.15264423076923078