114 0.68984375 0.2546875 0.08125 0.13203125
114 0.81015625 0.25546875 0.08125 0.134375
114 0.43046875 0.259375 0.0828125 0.14140625
114 0.5625 0.2609375 0.084375 0.12734375
114 0.2640625 0.26640625 0.08515625 0.15703125
114 0.80390625 0.4703125 0.06875 0.1265625
114 0.67421875 0.48828125 0.07265625 0.12421875
114 0.5546875 0.49453125 0.07734375 0.13828125
114 0.43046875 0.509375 0.07734375 0.13828125
114 0.26875 0.53359375 0.0984375 0.1578125
114 0.784375 0.63984375 0.08671875 0.1265625
114 0.66953125 0.66015625 0.07734375 0.11953125
114 0.55703125 0.69453125 0.07265625 0.134375
114 0.43515625 0.721875 0.07890625 0.14375
114 0.2828125 0.75546875 0.0953125 0.15859375