12 0.66015625 0.52421875 0.0734375 0.115625
12 0.52890625 0.53125 0.06484375 0.11484375
12 0.39609375 0.54453125 0.0671875 0.11328125
12 0.1609375 0.55 0.04921875 0.11015625
12 0.2734375 0.5546875 0.05546875 0.10078125
12 0.415625 0.75234375 0.06328125 0.12421875
12 0.16328125 0.75859375 0.05625 0.1078125
12 0.54921875 0.76015625 0.06953125 0.1265625
12 0.29765625 0.7609375 0.05625 0.11328125
12 0.67109375 0.76171875 0.06953125 0.12421875
12 0.640625 0.1734375 0.07578125 0.12421875
12 0.49765625 0.19140625 0.071875 0.12734375
12 0.26875 0.21015625 0.06640625 0.11875
12 0.3875 0.2140625 0.06484375 0.11171875
12 0.1515625 0.2203125 0.0578125 0.14375