21 0.3078125 0.2359375 0.1140625 0.1734375
21 0.096875 0.23671875 0.09765625 0.1671875
21 0.85234375 0.4671875 0.10390625 0.178125
21 0.68671875 0.4734375 0.1078125 0.16484375
21 0.51171875 0.49921875 0.09609375 0.178125
21 0.3359375 0.51328125 0.10859375 0.17890625
21 0.14921875 0.534375 0.1125 0.20546875
21 0.83359375 0.728125 0.1046875 0.16484375
21 0.6765625 0.7375 0.08828125 0.1421875
21 0.515625 0.76328125 0.0984375 0.15546875
21 0.35078125 0.784375 0.0953125 0.15078125
21 0.18046875 0.796875 0.10546875 0.15625
21 0.86796875 0.20078125 0.1140625 0.16484375
21 0.6890625 0.2078125 0.10859375 0.1796875
21 0.51171875 0.22109375 0.10703125 0.1640625