9 0.4879807692307692 0.40384615384615385 0.07211538461538461 0.11177884615384616
9 0.15745192307692307 0.4074519230769231 0.06370192307692307 0.11298076923076923
9 0.2980769230769231 0.41586538461538464 0.06610576923076923 0.11057692307692307
9 0.6370192307692307 0.42427884615384615 0.07932692307692307 0.13581730769230768
9 0.78125 0.4326923076923077 0.08774038461538461 0.1346153846153846
9 0.6334134615384616 0.6502403846153846 0.0733173076923077 0.13581730769230768
9 0.12860576923076922 0.65625 0.06850961538461539 0.16346153846153846
9 0.46634615384615385 0.6574519230769231 0.06971153846153846 0.14423076923076922
9 0.2956730769230769 0.6622596153846154 0.0625 0.14543269230769232
9 0.8052884615384616 0.671875 0.08774038461538461 0.16466346153846154
9 0.1814903846153846 0.17067307692307693 0.05889423076923077 0.11658653846153846
9 0.3173076923076923 0.18269230769230768 0.0673076923076923 0.11778846153846154
9 0.48197115384615385 0.18509615384615385 0.06490384615384616 0.1201923076923077
9 0.6129807692307693 0.19951923076923078 0.07692307692307693 0.11057692307692307
9 0.7487980769230769 0.20793269230769232 0.07932692307692307 0.11658653846153846