23 0.79375 0.24609375 0.1046875 0.17421875
23 0.78359375 0.47578125 0.08984375 0.13671875
23 0.3359375 0.48046875 0.11875 0.15625
23 0.159375 0.4828125 0.1140625 0.1609375
23 0.6515625 0.4890625 0.09765625 0.13046875
23 0.5015625 0.49140625 0.10390625 0.1375
23 0.78125 0.72890625 0.0875 0.13671875
23 0.64609375 0.73125 0.0984375 0.13515625
23 0.49609375 0.7375 0.09921875 0.13984375
23 0.16171875 0.74296875 0.10078125 0.175
23 0.3390625 0.74921875 0.115625 0.15625
23 0.16015625 0.18359375 0.11484375 0.16015625
23 0.35078125 0.20234375 0.10390625 0.16015625
23 0.5125 0.215625 0.10234375 0.1671875
23 0.6609375 0.225 0.1015625 0.1625