19 0.66484375 0.4546875 0.10625 0.13125
19 0.3203125 0.4578125 0.1265625 0.1515625
19 0.13828125 0.46484375 0.103125 0.16015625
19 0.503125 0.465625 0.1078125 0.1578125
19 0.82578125 0.48671875 0.12109375 0.1765625
19 0.325 0.7578125 0.10546875 0.13984375
19 0.1515625 0.7609375 0.1140625 0.16015625
19 0.49140625 0.76953125 0.0984375 0.14921875
19 0.665625 0.7828125 0.09921875 0.13828125
19 0.8296875 0.8046875 0.115625 0.1625
19 0.64921875 0.16796875 0.10703125 0.1421875
19 0.48828125 0.16875 0.1140625 0.1484375
19 0.1484375 0.1734375 0.10859375 0.14375
19 0.3171875 0.1765625 0.12109375 0.15546875
19 0.8359375 0.18203125 0.1203125 0.16015625