19 0.1640625 0.28046875 0.0828125 0.13203125
19 0.36171875 0.29921875 0.075 0.121875
19 0.55625 0.31484375 0.07578125 0.125
19 0.6890625 0.31640625 0.06640625 0.128125
19 0.81328125 0.31640625 0.06875 0.128125
19 0.1796875 0.54921875 0.075 0.11875
19 0.553125 0.57109375 0.0703125 0.11015625
19 0.4265625 0.57421875 0.071875 0.10234375
19 0.69140625 0.5765625 0.0671875 0.12109375
19 0.8109375 0.578125 0.06875 0.11484375
19 0.20546875 0.74765625 0.06328125 0.10625
19 0.40234375 0.7515625 0.05859375 0.09921875
19 0.53984375 0.76015625 0.065625 0.1078125
19 0.6625 0.77578125 0.06328125 0.11015625
19 0.775 0.7875 0.06953125 0.11015625