20 0.7875 0.465625 0.09453125 0.1578125
20 0.68203125 0.48984375 0.07734375 0.1625
20 0.58046875 0.5078125 0.08828125 0.1609375
20 0.37109375 0.53359375 0.09609375 0.17734375
20 0.2328125 0.5390625 0.103125 0.18046875
20 0.7984375 0.68359375 0.08046875 0.1640625
20 0.70078125 0.709375 0.08515625 0.15390625
20 0.59609375 0.74296875 0.09765625 0.153125
20 0.4 0.7890625 0.10546875 0.16796875
20 0.2375 0.828125 0.10234375 0.171875
20 0.2515625 0.1703125 0.09765625 0.16484375
20 0.78046875 0.17265625 0.07265625 0.134375
20 0.68125 0.17421875 0.08828125 0.14921875
20 0.42109375 0.17890625 0.09375 0.1546875
20 0.559375 0.18359375 0.10078125 0.16015625