12 0.52890625 0.46875 0.1171875 0.128125
12 0.525 0.784375 0.1203125 0.121875
12 0.52421875 0.30703125 0.1265625 0.1296875
12 0.52421875 0.121875 0.1453125 0.140625
12 0.5171875 0.62265625 0.13125 0.103125
12 0.36953125 0.50078125 0.1109375 0.134375
12 0.3640625 0.65 0.1125 0.121875
12 0.36328125 0.34296875 0.096875 0.14375
12 0.3625 0.80703125 0.1015625 0.1046875
12 0.35390625 0.1609375 0.1 0.1625
12 0.23671875 0.61875 0.0796875 0.109375
12 0.2359375 0.775 0.1046875 0.1140625
12 0.23125 0.4828125 0.0765625 0.1125
12 0.2265625 0.35078125 0.078125 0.1171875
12 0.21953125 0.18671875 0.08125 0.1359375