2 0.8365384615384616 0.4879807692307692 0.055288461538461536 0.13221153846153846
2 0.7283653846153846 0.49759615384615385 0.056490384615384616 0.14302884615384615
2 0.5961538461538461 0.5036057692307693 0.06129807692307692 0.14423076923076922
2 0.4675480769230769 0.5408653846153846 0.0673076923076923 0.16706730769230768
2 0.28846153846153844 0.5552884615384616 0.0673076923076923 0.19110576923076922
2 0.8461538461538461 0.7211538461538461 0.055288461538461536 0.13341346153846154
2 0.7427884615384616 0.734375 0.057692307692307696 0.12980769230769232
2 0.6213942307692307 0.7548076923076923 0.057692307692307696 0.13822115384615385
2 0.4795673076923077 0.8016826923076923 0.0673076923076923 0.1466346153846154
2 0.28725961538461536 0.8545673076923077 0.07572115384615384 0.15504807692307693
2 0.27283653846153844 0.19591346153846154 0.07451923076923077 0.18028846153846154
2 0.5925480769230769 0.20673076923076922 0.07091346153846154 0.1346153846153846
2 0.7223557692307693 0.2091346153846154 0.05889423076923077 0.14783653846153846
2 0.4495192307692308 0.2127403846153846 0.07451923076923077 0.15985576923076922
2 0.8305288461538461 0.21634615384615385 0.05048076923076923 0.15264423076923078