9 0.44591346153846156 0.42788461538461536 0.06850961538461539 0.1346153846153846
9 0.17427884615384615 0.44350961538461536 0.056490384615384616 0.11298076923076923
9 0.28125 0.4483173076923077 0.06009615384615385 0.12860576923076922
9 0.59375 0.453125 0.09134615384615384 0.16105769230769232
9 0.7572115384615384 0.45913461538461536 0.09375 0.15504807692307693
9 0.17548076923076922 0.6682692307692307 0.0673076923076923 0.12620192307692307
9 0.28966346153846156 0.6754807692307693 0.05889423076923077 0.1310096153846154
9 0.43028846153846156 0.6875 0.0673076923076923 0.15504807692307693
9 0.5745192307692307 0.6947115384615384 0.07451923076923077 0.14903846153846154
9 0.75 0.7331730769230769 0.09014423076923077 0.17427884615384615
9 0.7439903846153846 0.16346153846153846 0.08533653846153846 0.14182692307692307
9 0.5817307692307693 0.16947115384615385 0.06971153846153846 0.13221153846153846
9 0.43990384615384615 0.1814903846153846 0.06490384615384616 0.14543269230769232
9 0.2860576923076923 0.19591346153846154 0.06370192307692307 0.13221153846153846
9 0.17548076923076922 0.19831730769230768 0.051682692307692304 0.13221153846153846