25 0.74765625 0.70859375 0.1375 0.10625
25 0.7375 0.54375 0.134375 0.125
25 0.7171875 0.353125 0.1546875 0.153125
25 0.68671875 0.1515625 0.1625 0.1625
25 0.484375 0.81328125 0.1375 0.0953125
25 0.46875 0.671875 0.1359375 0.0875
25 0.4421875 0.5140625 0.1359375 0.1234375
25 0.415625 0.35625 0.146875 0.125
25 0.4 0.18125 0.15 0.153125
25 0.21953125 0.80390625 0.121875 0.1046875
25 0.20390625 0.671875 0.115625 0.1015625
25 0.18359375 0.5328125 0.1421875 0.109375
25 0.15234375 0.37734375 0.140625 0.134375
25 0.1359375 0.21328125 0.1265625 0.13125
25 0.76875 0.8515625 0.1265625 0.09375