32 0.228125 0.31015625 0.08203125 0.16015625
32 0.365625 0.32578125 0.0734375 0.14765625
32 0.490625 0.33046875 0.06796875 0.14140625
32 0.61953125 0.33984375 0.08046875 0.14140625
32 0.75234375 0.34296875 0.0875 0.1390625
32 0.265625 0.575 0.071875 0.1171875
32 0.37265625 0.5875 0.06875 0.121875
32 0.49453125 0.59140625 0.06640625 0.10625
32 0.6140625 0.60546875 0.06640625 0.115625
32 0.73203125 0.61015625 0.06796875 0.121875
32 0.2703125 0.7703125 0.05625 0.1171875
32 0.73125 0.77421875 0.075 0.121875
32 0.37578125 0.77734375 0.06328125 0.1078125
32 0.6171875 0.78203125 0.07421875 0.1171875
32 0.4921875 0.7828125 0.059375 0.1109375