13 0.79921875 0.4171875 0.1140625 0.1390625
13 0.634375 0.4265625 0.11875 0.1375
13 0.4625 0.42890625 0.090625 0.121875
13 0.3046875 0.43984375 0.10625 0.15
13 0.13671875 0.44296875 0.109375 0.146875
13 0.6265625 0.6171875 0.121875 0.134375
13 0.7890625 0.61796875 0.1109375 0.14375
13 0.46640625 0.6375 0.1078125 0.13125
13 0.3234375 0.6671875 0.1109375 0.1390625
13 0.1578125 0.6875 0.1203125 0.1296875
13 0.10703125 0.21484375 0.0859375 0.1625
13 0.2796875 0.21484375 0.10625 0.159375
13 0.63515625 0.215625 0.1125 0.1453125
13 0.44609375 0.21875 0.0890625 0.1625
13 0.78828125 0.22890625 0.0953125 0.1609375