17 0.27884615384615385 0.24879807692307693 0.07692307692307693 0.125
17 0.4170673076923077 0.2512019230769231 0.08774038461538461 0.1201923076923077
17 0.14903846153846154 0.2548076923076923 0.07091346153846154 0.13822115384615385
17 0.5552884615384616 0.25600961538461536 0.09375 0.13942307692307693
17 0.7043269230769231 0.2668269230769231 0.10697115384615384 0.16466346153846154
17 0.4375 0.46634615384615385 0.06610576923076923 0.14543269230769232
17 0.5865384615384616 0.46875 0.09615384615384616 0.15504807692307693
17 0.13822115384615385 0.47716346153846156 0.08413461538461539 0.14783653846153846
17 0.2860576923076923 0.4795673076923077 0.09014423076923077 0.16706730769230768
17 0.7475961538461539 0.4807692307692308 0.09495192307692307 0.1658653846153846
17 0.1045673076923077 0.7403846153846154 0.09014423076923077 0.17067307692307693
17 0.27283653846153844 0.7512019230769231 0.08533653846153846 0.16826923076923078
17 0.44591346153846156 0.7512019230769231 0.0829326923076923 0.20793269230769232
17 0.7872596153846154 0.7572115384615384 0.11057692307692307 0.2127403846153846
17 0.6069711538461539 0.7620192307692307 0.10336538461538461 0.2091346153846154