13 0.74375 0.82734375 0.159375 0.103125
13 0.73515625 0.44765625 0.1609375 0.1171875
13 0.73203125 0.27421875 0.1625 0.109375
13 0.72578125 0.63359375 0.19375 0.125
13 0.71015625 0.09609375 0.15625 0.13125
13 0.52421875 0.80546875 0.121875 0.090625
13 0.51328125 0.6296875 0.1390625 0.096875
13 0.48671875 0.290625 0.146875 0.1140625
13 0.48359375 0.453125 0.146875 0.103125
13 0.45546875 0.11875 0.15 0.109375
13 0.28515625 0.7921875 0.125 0.0828125
13 0.27734375 0.6359375 0.121875 0.103125
13 0.2515625 0.46015625 0.115625 0.096875
13 0.23515625 0.303125 0.159375 0.09375
13 0.203125 0.1421875 0.128125 0.096875