71 0.178125 0.24375 0.0609375 0.13828125
71 0.40625 0.24375 0.09375 0.209375
71 0.27265625 0.2546875 0.0671875 0.184375
71 0.56015625 0.25625 0.0984375 0.253125
71 0.0953125 0.2625 0.0453125 0.14296875
71 0.196875 0.4625 0.05078125 0.13828125
71 0.1109375 0.46484375 0.04765625 0.16015625
71 0.29765625 0.47890625 0.0578125 0.15078125
71 0.44609375 0.5125 0.08125 0.18125
71 0.61171875 0.53984375 0.103125 0.19375
71 0.13046875 0.646875 0.034375 0.1203125
71 0.2109375 0.6703125 0.04921875 0.14453125
71 0.3078125 0.69765625 0.06328125 0.165625
71 0.43515625 0.7265625 0.06328125 0.171875
71 0.5921875 0.78671875 0.08203125 0.1875