29 0.8016826923076923 0.3713942307692308 0.10096153846153846 0.1502403846153846
29 0.6153846153846154 0.3786057692307692 0.08774038461538461 0.13581730769230768
29 0.46274038461538464 0.3894230769230769 0.09134615384615384 0.14783653846153846
29 0.31009615384615385 0.4230769230769231 0.09014423076923077 0.14423076923076922
29 0.13822115384615385 0.4387019230769231 0.09975961538461539 0.1658653846153846
29 0.8161057692307693 0.6153846153846154 0.09495192307692307 0.16105769230769232
29 0.6370192307692307 0.6286057692307693 0.09014423076923077 0.140625
29 0.4951923076923077 0.6334134615384616 0.07572115384615384 0.125
29 0.3233173076923077 0.6598557692307693 0.09014423076923077 0.13822115384615385
29 0.140625 0.6814903846153846 0.09254807692307693 0.14783653846153846
29 0.5985576923076923 0.15504807692307693 0.1045673076923077 0.14302884615384615
29 0.7752403846153846 0.15504807692307693 0.11658653846153846 0.16466346153846154
29 0.4543269230769231 0.16826923076923078 0.1045673076923077 0.15264423076923078
29 0.28846153846153844 0.1875 0.09735576923076923 0.13822115384615385
29 0.12980769230769232 0.21995192307692307 0.09495192307692307 0.14182692307692307