19 0.66953125 0.240625 0.07734375 0.153125
19 0.4078125 0.26171875 0.06796875 0.1359375
19 0.525 0.26171875 0.0734375 0.15078125
19 0.2921875 0.27109375 0.06640625 0.12578125
19 0.1734375 0.29296875 0.06171875 0.13828125
19 0.66953125 0.53359375 0.07734375 0.14765625
19 0.52734375 0.540625 0.07578125 0.14375
19 0.40390625 0.54375 0.0703125 0.1265625
19 0.29140625 0.5546875 0.06328125 0.134375
19 0.175 0.5546875 0.05859375 0.134375
19 0.18203125 0.7671875 0.06015625 0.109375
19 0.30625 0.7890625 0.06953125 0.125
19 0.41953125 0.80390625 0.06640625 0.13046875
19 0.52890625 0.81796875 0.07109375 0.12890625
19 0.65859375 0.8328125 0.084375 0.15859375