5 0.8109375 0.3921875 0.059375 0.14375
5 0.715625 0.39609375 0.046875 0.1390625
5 0.58515625 0.4375 0.059375 0.14375
5 0.4421875 0.49765625 0.075 0.1890625
5 0.25546875 0.54921875 0.1 0.2125
5 0.81171875 0.59296875 0.059375 0.14375
5 0.71484375 0.628125 0.0515625 0.1390625
5 0.58671875 0.68359375 0.0671875 0.1515625
5 0.44609375 0.76328125 0.071875 0.184375
5 0.2921875 0.834375 0.0984375 0.19375
5 0.71015625 0.16875 0.059375 0.14375
5 0.8078125 0.1765625 0.0578125 0.15
5 0.58046875 0.178125 0.0828125 0.175
5 0.42265625 0.196875 0.090625 0.2046875
5 0.23359375 0.215625 0.134375 0.228125