16 0.6984375 0.31328125 0.08203125 0.13125
16 0.53515625 0.321875 0.08046875 0.11484375
16 0.38515625 0.35 0.0625 0.1296875
16 0.24921875 0.371875 0.0796875 0.13046875
16 0.11328125 0.39296875 0.06640625 0.134375
16 0.56484375 0.50625 0.07578125 0.14921875
16 0.74453125 0.51171875 0.1140625 0.175
16 0.41796875 0.53515625 0.071875 0.15546875
16 0.1015625 0.56328125 0.0859375 0.146875
16 0.2484375 0.56328125 0.071875 0.184375
16 0.753125 0.7234375 0.09296875 0.184375
16 0.58671875 0.72578125 0.084375 0.165625
16 0.41484375 0.74296875 0.07578125 0.16171875
16 0.07890625 0.7640625 0.0640625 0.15703125
16 0.228125 0.76640625 0.0671875 0.15625