5 0.6358173076923077 0.48197115384615385 0.0889423076923077 0.140625
5 0.8028846153846154 0.49158653846153844 0.0985576923076923 0.14903846153846154
5 0.4735576923076923 0.5 0.07692307692307693 0.15745192307692307
5 0.18629807692307693 0.5036057692307693 0.056490384615384616 0.13942307692307693
5 0.31850961538461536 0.5096153846153846 0.06971153846153846 0.1346153846153846
5 0.18269230769230768 0.7704326923076923 0.06129807692307692 0.14423076923076922
5 0.32091346153846156 0.7728365384615384 0.06370192307692307 0.13581730769230768
5 0.4567307692307692 0.7896634615384616 0.07091346153846154 0.13221153846153846
5 0.6045673076923077 0.7980769230769231 0.08533653846153846 0.16466346153846154
5 0.7596153846153846 0.8233173076923077 0.07932692307692307 0.15144230769230768
5 0.7896634615384616 0.14182692307692307 0.09615384615384616 0.14182692307692307
5 0.6298076923076923 0.16706730769230768 0.08052884615384616 0.13822115384615385
5 0.47836538461538464 0.1875 0.07451923076923077 0.1466346153846154
5 0.33653846153846156 0.20432692307692307 0.07692307692307693 0.14543269230769232
5 0.1875 0.22235576923076922 0.06370192307692307 0.13581730769230768