30 0.7859375 0.24609375 0.07109375 0.10625
30 0.521875 0.45234375 0.0765625 0.115625
30 0.36640625 0.4546875 0.10078125 0.13984375
30 0.659375 0.459375 0.0765625 0.10625
30 0.17265625 0.46796875 0.1203125 0.14921875
30 0.78203125 0.46875 0.06484375 0.1015625
30 0.7546875 0.70234375 0.07578125 0.109375
30 0.6265625 0.7203125 0.071875 0.12265625
30 0.5078125 0.73359375 0.0796875 0.12265625
30 0.36484375 0.75390625 0.08828125 0.11640625
30 0.175 0.7859375 0.10703125 0.1484375
30 0.18671875 0.14921875 0.1296875 0.14453125
30 0.38046875 0.17578125 0.109375 0.13046875
30 0.53125 0.1921875 0.08515625 0.1234375
30 0.6734375 0.23046875 0.0765625 0.1328125