0 0.428125 0.18046875 0.140625 0.09375
0 0.4296875 0.334375 0.134375 0.090625
0 0.44296875 0.4953125 0.14375 0.1
0 0.471875 0.65625 0.15 0.090625
0 0.484375 0.83671875 0.146875 0.08125
0 0.63984375 0.2125 0.1359375 0.0875
0 0.665625 0.35703125 0.134375 0.109375
0 0.678125 0.51875 0.1375 0.0890625
0 0.68828125 0.64921875 0.1390625 0.0890625
0 0.7109375 0.8 0.1625 0.084375
0 0.171875 0.18671875 0.1703125 0.0953125
0 0.1734375 0.36328125 0.178125 0.0875
0 0.1859375 0.50546875 0.1796875 0.0875
0 0.20703125 0.67109375 0.1875 0.0953125
0 0.215625 0.85546875 0.184375 0.096875