12 0.3046875 0.384375 0.140625 0.1390625
12 0.3140625 0.203125 0.159375 0.11875
12 0.315625 0.5671875 0.15 0.1296875
12 0.315625 0.8890625 0.1640625 0.121875
12 0.31875 0.72734375 0.15 0.1125
12 0.496875 0.36875 0.140625 0.13125
12 0.5 0.1859375 0.11875 0.11875
12 0.52421875 0.5359375 0.1390625 0.121875
12 0.54453125 0.690625 0.15 0.134375
12 0.55859375 0.87421875 0.1375 0.15
12 0.71328125 0.19140625 0.1265625 0.121875
12 0.71640625 0.34921875 0.128125 0.125
12 0.72890625 0.53203125 0.125 0.1296875
12 0.7546875 0.68984375 0.1234375 0.125
12 0.76015625 0.8609375 0.134375 0.134375