19 0.1609375 0.50625 0.05859375 0.1109375
19 0.48828125 0.53046875 0.0734375 0.13125
19 0.38046875 0.53125 0.0671875 0.11484375
19 0.61796875 0.53671875 0.07578125 0.1359375
19 0.7234375 0.5453125 0.08359375 0.146875
19 0.16015625 0.7203125 0.059375 0.1125
19 0.28046875 0.74140625 0.07578125 0.11953125
19 0.39765625 0.75625 0.07890625 0.134375
19 0.525 0.76875 0.08359375 0.1359375
19 0.65546875 0.79609375 0.071875 0.14140625
19 0.6875 0.196875 0.0671875 0.134375
19 0.54296875 0.21484375 0.06796875 0.1171875
19 0.4390625 0.2203125 0.0671875 0.125
19 0.3 0.2265625 0.059375 0.10859375
19 0.16328125 0.2328125 0.05625 0.11875