19 0.5240384615384616 0.24158653846153846 0.1045673076923077 0.15144230769230768
19 0.35697115384615385 0.2644230769230769 0.11538461538461539 0.15625
19 0.2127403846153846 0.2932692307692308 0.0889423076923077 0.14182692307692307
19 0.08533653846153846 0.3112980769230769 0.07692307692307693 0.13581730769230768
19 0.7163461538461539 0.48677884615384615 0.15264423076923078 0.18028846153846154
19 0.5204326923076923 0.49278846153846156 0.10817307692307693 0.15625
19 0.34975961538461536 0.5024038461538461 0.1045673076923077 0.13341346153846154
19 0.21394230769230768 0.5144230769230769 0.07692307692307693 0.1201923076923077
19 0.0985576923076923 0.5192307692307693 0.06850961538461539 0.13341346153846154
19 0.11298076923076923 0.6995192307692307 0.06850961538461539 0.13942307692307693
19 0.23557692307692307 0.7043269230769231 0.0889423076923077 0.13221153846153846
19 0.3762019230769231 0.7163461538461539 0.10817307692307693 0.13581730769230768
19 0.5540865384615384 0.7271634615384616 0.12379807692307693 0.1502403846153846
19 0.7367788461538461 0.7463942307692307 0.1310096153846154 0.16947115384615385
19 0.7319711538461539 0.21394230769230768 0.14182692307692307 0.1778846153846154