20 0.4699519230769231 0.3629807692307692 0.07572115384615384 0.09975961538461539
20 0.1622596153846154 0.3641826923076923 0.0829326923076923 0.0985576923076923
20 0.3088942307692308 0.36538461538461536 0.07932692307692307 0.09495192307692307
20 0.7211538461538461 0.3701923076923077 0.07451923076923077 0.09495192307692307
20 0.609375 0.3713942307692308 0.06971153846153846 0.10216346153846154
20 0.6298076923076923 0.5480769230769231 0.0829326923076923 0.13942307692307693
20 0.47836538461538464 0.5588942307692307 0.09375 0.12259615384615384
20 0.7536057692307693 0.5588942307692307 0.08653846153846154 0.12259615384615384
20 0.30288461538461536 0.5673076923076923 0.0673076923076923 0.12740384615384615
20 0.14302884615384615 0.578125 0.0733173076923077 0.14423076923076922
20 0.45913461538461536 0.7668269230769231 0.0733173076923077 0.14423076923076922
20 0.6117788461538461 0.7704326923076923 0.08533653846153846 0.14543269230769232
20 0.7608173076923077 0.7764423076923077 0.09134615384615384 0.13942307692307693
20 0.29447115384615385 0.78125 0.07572115384615384 0.15264423076923078
20 0.140625 0.7956730769230769 0.078125 0.16466346153846154