14 0.8734375 0.45 0.0671875 0.14375
14 0.58671875 0.453125 0.07421875 0.134375
14 0.7484375 0.45390625 0.07421875 0.1546875
14 0.36484375 0.45859375 0.06484375 0.134375
14 0.175 0.46484375 0.06328125 0.13828125
14 0.76484375 0.68671875 0.08125 0.153125
14 0.59453125 0.68984375 0.07578125 0.1546875
14 0.9046875 0.69296875 0.078125 0.14765625
14 0.34921875 0.7046875 0.06875 0.14765625
14 0.14375 0.7078125 0.08203125 0.15234375
14 0.859375 0.171875 0.0734375 0.109375
14 0.23359375 0.171875 0.06640625 0.11953125
14 0.74296875 0.175 0.06875 0.109375
14 0.3890625 0.18359375 0.059375 0.1125
14 0.58984375 0.18359375 0.06640625 0.1078125