3 0.7609375 0.55703125 0.209375 0.06875
3 0.71875 0.690625 0.1859375 0.0578125
3 0.6828125 0.80625 0.1703125 0.05
3 0.51015625 0.24375 0.18125 0.096875
3 0.4890625 0.56953125 0.1765625 0.071875
3 0.48828125 0.6984375 0.153125 0.046875
3 0.48359375 0.8015625 0.13125 0.0515625
3 0.47890625 0.43671875 0.20625 0.078125
3 0.26015625 0.77265625 0.1140625 0.046875
3 0.2359375 0.66640625 0.1390625 0.053125
3 0.2203125 0.55625 0.15 0.0625
3 0.19296875 0.4171875 0.165625 0.06875
3 0.1546875 0.240625 0.159375 0.0703125
3 0.825 0.23203125 0.203125 0.0921875
3 0.803125 0.40234375 0.2234375 0.0875