34 0.54296875 0.4359375 0.1046875 0.1125
34 0.39921875 0.4453125 0.11015625 0.11875
34 0.7109375 0.45 0.11875 0.12890625
34 0.26484375 0.45234375 0.09609375 0.125
34 0.1328125 0.46171875 0.09765625 0.12890625
34 0.5765625 0.6875 0.1046875 0.14765625
34 0.74921875 0.68984375 0.11328125 0.13125
34 0.4 0.69453125 0.121875 0.1421875
34 0.10234375 0.703125 0.1125 0.1359375
34 0.2609375 0.7125 0.1203125 0.13984375
34 0.71796875 0.2171875 0.096875 0.1046875
34 0.3 0.21875 0.1078125 0.10546875
34 0.58671875 0.21875 0.1046875 0.10859375
34 0.17734375 0.2203125 0.08203125 0.11328125
34 0.453125 0.228125 0.1015625 0.11328125