23 0.68125 0.46171875 0.1140625 0.0984375
23 0.440625 0.46796875 0.1 0.09296875
23 0.5609375 0.471875 0.0890625 0.1046875
23 0.3125 0.478125 0.096875 0.10703125
23 0.15546875 0.49140625 0.10078125 0.12109375
23 0.7359375 0.5984375 0.1109375 0.1
23 0.60390625 0.60390625 0.11875 0.1046875
23 0.47421875 0.609375 0.12109375 0.1078125
23 0.328125 0.6203125 0.128125 0.09765625
23 0.1546875 0.6484375 0.13203125 0.11328125
23 0.74453125 0.7375 0.1390625 0.11875
23 0.59296875 0.75078125 0.12265625 0.09296875
23 0.45703125 0.76953125 0.11796875 0.09609375
23 0.321875 0.78984375 0.1171875 0.10546875
23 0.146875 0.81171875 0.1265625 0.1109375