21 0.19453125 0.2921875 0.0984375 0.13984375
21 0.3421875 0.29453125 0.096875 0.14609375
21 0.61796875 0.2984375 0.08515625 0.1421875
21 0.48125 0.2984375 0.090625 0.16015625
21 0.7609375 0.3171875 0.0859375 0.16015625
21 0.34375 0.50859375 0.09609375 0.140625
21 0.2109375 0.51328125 0.090625 0.1421875
21 0.47734375 0.5140625 0.0921875 0.13671875
21 0.59921875 0.52109375 0.0859375 0.13359375
21 0.72109375 0.54296875 0.08203125 0.125
21 0.22109375 0.71953125 0.0875 0.14375
21 0.4609375 0.71953125 0.08515625 0.12109375
21 0.33671875 0.7203125 0.07109375 0.13125
21 0.69375 0.72578125 0.078125 0.1125
21 0.56875 0.72578125 0.07578125 0.11640625