3 0.2390625 0.8484375 0.128125 0.0828125
3 0.359375 0.29921875 0.19375 0.1109375
3 0.38203125 0.44921875 0.1703125 0.090625
3 0.40625 0.6046875 0.15625 0.078125
3 0.41171875 0.73984375 0.134375 0.090625
3 0.41953125 0.89140625 0.1375 0.084375
3 0.60625 0.61796875 0.165625 0.08125
3 0.609375 0.44921875 0.1875 0.09375
3 0.61953125 0.92890625 0.13125 0.075
3 0.62109375 0.78203125 0.171875 0.075
3 0.6359375 0.2859375 0.221875 0.0921875
3 0.1375 0.3296875 0.128125 0.0875
3 0.1609375 0.46484375 0.1375 0.071875
3 0.1953125 0.59765625 0.14375 0.0734375
3 0.2234375 0.72421875 0.14375 0.06875