18 0.6346153846153846 0.25240384615384615 0.06610576923076923 0.18389423076923078
18 0.7367788461538461 0.28725961538461536 0.06971153846153846 0.17908653846153846
18 0.17427884615384615 0.47836538461538464 0.1466346153846154 0.24519230769230768
18 0.359375 0.49759615384615385 0.10336538461538461 0.21754807692307693
18 0.5072115384615384 0.5 0.08774038461538461 0.19471153846153846
18 0.6358173076923077 0.5072115384615384 0.06971153846153846 0.19110576923076922
18 0.7391826923076923 0.5228365384615384 0.06370192307692307 0.18269230769230768
18 0.7331730769230769 0.7644230769230769 0.07692307692307693 0.171875
18 0.6334134615384616 0.7644230769230769 0.06490384615384616 0.18629807692307693
18 0.515625 0.7644230769230769 0.08653846153846154 0.1778846153846154
18 0.33653846153846156 0.8016826923076923 0.09975961538461539 0.19471153846153846
18 0.1622596153846154 0.8161057692307693 0.13581730769230768 0.22956730769230768
18 0.19471153846153846 0.11778846153846154 0.11899038461538461 0.21634615384615385
18 0.3701923076923077 0.1658653846153846 0.0889423076923077 0.18028846153846154
18 0.5132211538461539 0.21153846153846154 0.09014423076923077 0.18269230769230768