4 0.7776442307692307 0.4579326923076923 0.05889423076923077 0.10576923076923077
4 0.6586538461538461 0.4675480769230769 0.06850961538461539 0.109375
4 0.5180288461538461 0.4855769230769231 0.06850961538461539 0.12259615384615384
4 0.3629807692307692 0.5192307692307693 0.09134615384615384 0.12980769230769232
4 0.15985576923076922 0.5516826923076923 0.09134615384615384 0.16466346153846154
4 0.7716346153846154 0.6887019230769231 0.0733173076923077 0.10096153846153846
4 0.6502403846153846 0.7055288461538461 0.06971153846153846 0.10697115384615384
4 0.5168269230769231 0.734375 0.08774038461538461 0.11177884615384616
4 0.38100961538461536 0.7764423076923077 0.0829326923076923 0.10576923076923077
4 0.20072115384615385 0.8209134615384616 0.0985576923076923 0.11899038461538461
4 0.17548076923076922 0.20192307692307693 0.10697115384615384 0.13942307692307693
4 0.6995192307692307 0.20192307692307693 0.0673076923076923 0.1310096153846154
4 0.41947115384615385 0.203125 0.10576923076923077 0.140625
4 0.5697115384615384 0.20673076923076922 0.0829326923076923 0.1346153846153846
4 0.796875 0.21634615384615385 0.06370192307692307 0.11658653846153846