21 0.1502403846153846 0.40024038461538464 0.09375 0.12620192307692307
21 0.2920673076923077 0.41225961538461536 0.078125 0.12139423076923077
21 0.4266826923076923 0.41346153846153844 0.09735576923076923 0.11057692307692307
21 0.5757211538461539 0.4206730769230769 0.11899038461538461 0.11177884615384616
21 0.7259615384615384 0.43028846153846156 0.11538461538461539 0.12379807692307693
21 0.5961538461538461 0.5721153846153846 0.1201923076923077 0.1346153846153846
21 0.7560096153846154 0.5817307692307693 0.11177884615384616 0.11298076923076923
21 0.44350961538461536 0.5829326923076923 0.10576923076923077 0.12860576923076922
21 0.29927884615384615 0.5925480769230769 0.11298076923076923 0.1346153846153846
21 0.12139423076923077 0.5973557692307693 0.12860576923076922 0.12860576923076922
21 0.6225961538461539 0.7836538461538461 0.12740384615384615 0.13341346153846154
21 0.7800480769230769 0.7860576923076923 0.12860576923076922 0.14543269230769232
21 0.4362980769230769 0.7884615384615384 0.12259615384615384 0.14903846153846154
21 0.09254807692307693 0.796875 0.12259615384615384 0.14783653846153846
21 0.27283653846153844 0.8064903846153846 0.12379807692307693 0.14302884615384615