7 0.14765625 0.240625 0.0578125 0.1265625
7 0.43828125 0.446875 0.0703125 0.1390625
7 0.59296875 0.4515625 0.0859375 0.153125
7 0.7703125 0.45234375 0.0875 0.15078125
7 0.2984375 0.45703125 0.059375 0.1265625
7 0.15 0.4625 0.06484375 0.11875
7 0.1546875 0.7078125 0.05625 0.12578125
7 0.29453125 0.72265625 0.06171875 0.13046875
7 0.4265625 0.734375 0.06796875 0.140625
7 0.57578125 0.75546875 0.07265625 0.1359375
7 0.753125 0.77421875 0.08828125 0.13984375
7 0.759375 0.1859375 0.09453125 0.12265625
7 0.5875 0.196875 0.075 0.134375
7 0.44140625 0.21640625 0.06640625 0.12578125
7 0.30859375 0.2265625 0.06484375 0.1125