9 0.49375 0.28671875 0.08984375 0.14609375
9 0.6375 0.28984375 0.0734375 0.1484375
9 0.171875 0.29375 0.0984375 0.1734375
9 0.3328125 0.296875 0.08359375 0.1484375
9 0.7828125 0.3046875 0.084375 0.140625
9 0.61328125 0.56640625 0.0703125 0.13359375
9 0.74765625 0.571875 0.0703125 0.1265625
9 0.17421875 0.5765625 0.07578125 0.159375
9 0.28984375 0.57734375 0.07109375 0.115625
9 0.46484375 0.58671875 0.07421875 0.14296875
9 0.7265625 0.775 0.0703125 0.115625
9 0.57890625 0.778125 0.07734375 0.12890625
9 0.46015625 0.78125 0.06875 0.13046875
9 0.3265625 0.78671875 0.0703125 0.13359375
9 0.17109375 0.796875 0.0765625 0.1328125