112 0.44609375 0.25078125 0.0640625 0.125
112 0.5921875 0.2515625 0.090625 0.14921875
112 0.22890625 0.25390625 0.05390625 0.11015625
112 0.328125 0.2578125 0.05859375 0.1296875
112 0.15 0.28046875 0.05078125 0.1109375
112 0.178125 0.471875 0.05703125 0.11171875
112 0.34921875 0.475 0.0625 0.11640625
112 0.26015625 0.47734375 0.05703125 0.1078125
112 0.459375 0.49140625 0.0734375 0.11796875
112 0.5859375 0.52109375 0.0796875 0.14609375
112 0.2046875 0.6515625 0.0578125 0.10703125
112 0.28515625 0.67421875 0.05546875 0.10703125
112 0.36484375 0.6984375 0.0640625 0.11171875
112 0.4796875 0.73515625 0.071875 0.13515625
112 0.584375 0.75703125 0.07109375 0.12890625