14 0.65546875 0.47578125 0.0578125 0.13046875
14 0.76015625 0.4765625 0.06171875 0.125
14 0.5328125 0.48125 0.06640625 0.1265625
14 0.38359375 0.49609375 0.06484375 0.1421875
14 0.20625 0.50703125 0.07109375 0.15
14 0.75078125 0.7453125 0.05703125 0.1234375
14 0.63515625 0.7671875 0.06484375 0.1203125
14 0.5171875 0.7859375 0.06640625 0.1328125
14 0.35703125 0.8046875 0.07578125 0.1390625
14 0.20390625 0.83359375 0.07578125 0.13359375
14 0.21640625 0.2046875 0.09375 0.15703125
14 0.66171875 0.2046875 0.06171875 0.14453125
14 0.76796875 0.20546875 0.05859375 0.13515625
14 0.53828125 0.21171875 0.06640625 0.15390625
14 0.396875 0.21171875 0.06640625 0.1421875