3 0.38046875 0.24140625 0.078125 0.146875
3 0.86953125 0.25078125 0.078125 0.12421875
3 0.71875 0.25234375 0.0765625 0.13203125
3 0.56328125 0.265625 0.07734375 0.14375
3 0.16953125 0.26796875 0.1015625 0.1625
3 0.83046875 0.48671875 0.08828125 0.096875
3 0.6625 0.509375 0.065625 0.1046875
3 0.52890625 0.528125 0.0671875 0.10859375
3 0.36640625 0.54765625 0.075 0.11953125
3 0.20390625 0.56171875 0.08828125 0.1203125
3 0.8203125 0.73828125 0.0828125 0.09140625
3 0.68203125 0.74453125 0.07734375 0.0984375
3 0.5328125 0.76796875 0.07890625 0.09921875
3 0.37109375 0.7828125 0.08671875 0.1046875
3 0.22890625 0.7921875 0.07421875 0.10078125