24 0.675 0.24609375 0.07421875 0.13359375
24 0.684375 0.465625 0.07109375 0.14375
24 0.56953125 0.48125 0.06796875 0.13828125
24 0.4328125 0.49453125 0.0765625 0.14140625
24 0.30390625 0.51328125 0.08046875 0.13515625
24 0.1765625 0.52578125 0.07734375 0.14296875
24 0.66796875 0.7015625 0.06640625 0.1265625
24 0.53984375 0.71953125 0.075 0.12890625
24 0.41875 0.73515625 0.0703125 0.1359375
24 0.1875 0.75234375 0.0703125 0.146875
24 0.31171875 0.7546875 0.078125 0.171875
24 0.42734375 0.22890625 0.084375 0.12734375
24 0.1796875 0.22890625 0.075 0.14140625
24 0.296875 0.22890625 0.07421875 0.14140625
24 0.565625 0.23203125 0.0734375 0.109375