21 0.81484375 0.3484375 0.09375 0.1296875
21 0.66796875 0.3578125 0.09375 0.125
21 0.52109375 0.37265625 0.0859375 0.121875
21 0.38203125 0.38515625 0.0890625 0.1203125
21 0.2265625 0.3984375 0.08125 0.140625
21 0.7859375 0.5484375 0.075 0.109375
21 0.6421875 0.55546875 0.075 0.10625
21 0.51875 0.5640625 0.078125 0.115625
21 0.39453125 0.5796875 0.0734375 0.1109375
21 0.25859375 0.58984375 0.0875 0.1171875
21 0.75390625 0.6703125 0.0859375 0.103125
21 0.63359375 0.6859375 0.078125 0.09375
21 0.51875 0.70546875 0.071875 0.090625
21 0.4125 0.7234375 0.078125 0.1
21 0.28671875 0.73125 0.0796875 0.109375