26 0.13984375 0.44453125 0.06640625 0.15859375
26 0.29453125 0.45390625 0.06796875 0.1484375
26 0.6203125 0.46015625 0.06640625 0.13828125
26 0.4546875 0.46484375 0.071875 0.1609375
26 0.7828125 0.47421875 0.07734375 0.17109375
26 0.28359375 0.75 0.075 0.16640625
26 0.44453125 0.75390625 0.07890625 0.165625
26 0.61328125 0.7578125 0.06640625 0.16875
26 0.7734375 0.759375 0.07265625 0.16640625
26 0.13671875 0.76875 0.075 0.1625
26 0.15546875 0.12421875 0.06328125 0.1625
26 0.3171875 0.1328125 0.06484375 0.15625
26 0.490625 0.1359375 0.0765625 0.14375
26 0.64609375 0.1453125 0.0796875 0.15390625
26 0.81015625 0.15234375 0.07578125 0.14375