0 0.7265625 0.2421875 0.103125 0.09296875
0 0.5734375 0.24296875 0.1140625 0.09453125
0 0.178125 0.24375 0.1015625 0.09609375
0 0.86015625 0.24609375 0.0734375 0.08125
0 0.39765625 0.246875 0.1125 0.08359375
0 0.88046875 0.4703125 0.08203125 0.07734375
0 0.73125 0.47421875 0.0859375 0.08515625
0 0.57109375 0.49140625 0.0953125 0.07734375
0 0.39921875 0.503125 0.07734375 0.06796875
0 0.18125 0.51953125 0.07578125 0.0875
0 0.884375 0.696875 0.0875 0.0796875
0 0.7484375 0.70390625 0.09375 0.084375
0 0.58359375 0.73515625 0.08515625 0.07109375
0 0.40703125 0.76484375 0.09296875 0.08359375
0 0.178125 0.77578125 0.0875 0.07265625