69 0.20390625 0.25390625 0.06328125 0.1484375
69 0.09296875 0.28359375 0.053125 0.15234375
69 0.5078125 0.47890625 0.08203125 0.15703125
69 0.353125 0.48515625 0.08046875 0.1453125
69 0.71015625 0.4875 0.10625 0.1859375
69 0.203125 0.5140625 0.06640625 0.14765625
69 0.0921875 0.51875 0.0546875 0.1265625
69 0.10234375 0.75703125 0.0625 0.125
69 0.2109375 0.76328125 0.06328125 0.15078125
69 0.52890625 0.76484375 0.08515625 0.18203125
69 0.35 0.76640625 0.0734375 0.1484375
69 0.696875 0.79765625 0.10390625 0.1875
69 0.7125 0.1890625 0.13046875 0.19453125
69 0.5015625 0.1921875 0.08046875 0.1625
69 0.33671875 0.23203125 0.07421875 0.16640625