32 0.8390625 0.41015625 0.109375 0.1265625
32 0.675 0.42109375 0.10546875 0.13046875
32 0.51015625 0.4328125 0.096875 0.11875
32 0.32578125 0.440625 0.1 0.13203125
32 0.14140625 0.44765625 0.096875 0.13125
32 0.80859375 0.5953125 0.09765625 0.12109375
32 0.6671875 0.59765625 0.08984375 0.1125
32 0.5140625 0.60859375 0.08359375 0.12421875
32 0.365625 0.62109375 0.09140625 0.115625
32 0.21484375 0.6359375 0.11015625 0.13125
32 0.778125 0.7453125 0.09375 0.09921875
32 0.65 0.75078125 0.0765625 0.09296875
32 0.52109375 0.759375 0.084375 0.1015625
32 0.3921875 0.7765625 0.07734375 0.090625
32 0.25625 0.78125 0.0953125 0.10703125