24 0.81484375 0.25234375 0.096875 0.121875
24 0.50078125 0.265625 0.10390625 0.1296875
24 0.35234375 0.265625 0.09296875 0.13515625
24 0.659375 0.2703125 0.1140625 0.14921875
24 0.18515625 0.2890625 0.11171875 0.13046875
24 0.828125 0.4375 0.090625 0.125
24 0.66953125 0.4546875 0.09140625 0.1359375
24 0.51015625 0.4859375 0.1 0.1515625
24 0.35234375 0.49296875 0.10703125 0.15234375
24 0.17265625 0.525 0.10546875 0.1640625
24 0.8515625 0.68671875 0.09453125 0.14921875
24 0.70078125 0.70859375 0.1109375 0.15
24 0.5203125 0.74453125 0.10390625 0.146875
24 0.3453125 0.778125 0.10234375 0.20859375
24 0.153125 0.8375 0.10390625 0.171875