3 0.5600961538461539 0.23677884615384615 0.057692307692307696 0.12379807692307693
3 0.43990384615384615 0.25 0.055288461538461536 0.13221153846153846
3 0.33052884615384615 0.2536057692307692 0.04567307692307692 0.125
3 0.2403846153846154 0.2824519230769231 0.04567307692307692 0.11658653846153846
3 0.15985576923076922 0.29927884615384615 0.03485576923076923 0.12980769230769232
3 0.4579326923076923 0.5048076923076923 0.04927884615384615 0.12860576923076922
3 0.24639423076923078 0.5072115384615384 0.04326923076923077 0.1201923076923077
3 0.3389423076923077 0.5072115384615384 0.04567307692307692 0.1201923076923077
3 0.5793269230769231 0.515625 0.055288461538461536 0.13701923076923078
3 0.15504807692307693 0.5228365384615384 0.04447115384615385 0.10817307692307693
3 0.16105769230769232 0.703125 0.038461538461538464 0.11177884615384616
3 0.3473557692307692 0.7127403846153846 0.05889423076923077 0.14302884615384615
3 0.24278846153846154 0.7139423076923077 0.04927884615384615 0.12259615384615384
3 0.4543269230769231 0.7139423076923077 0.052884615384615384 0.15144230769230768
3 0.5901442307692307 0.7415865384615384 0.06370192307692307 0.13701923076923078