23 0.06953125 0.28203125 0.10234375 0.171875
23 0.22265625 0.3 0.11875 0.165625
23 0.42109375 0.303125 0.1421875 0.13984375
23 0.5921875 0.3046875 0.13046875 0.1375
23 0.7828125 0.325 0.15234375 0.16015625
23 0.59140625 0.5296875 0.11796875 0.13984375
23 0.4140625 0.54296875 0.128125 0.1390625
23 0.76796875 0.546875 0.11796875 0.165625
23 0.09375 0.55703125 0.13984375 0.17578125
23 0.24765625 0.5578125 0.12265625 0.13984375
23 0.7703125 0.7359375 0.109375 0.13828125
23 0.60078125 0.74375 0.13046875 0.12578125
23 0.43984375 0.7625 0.1265625 0.121875
23 0.1171875 0.775 0.1265625 0.1421875
23 0.275 0.7765625 0.11484375 0.125