26 0.76796875 0.30703125 0.07578125 0.14765625
26 0.6140625 0.32421875 0.08359375 0.15390625
26 0.4484375 0.3421875 0.0734375 0.15625
26 0.33125 0.346875 0.07890625 0.16171875
26 0.16953125 0.35 0.08671875 0.1671875
26 0.7953125 0.55 0.07109375 0.13359375
26 0.6703125 0.559375 0.06484375 0.125
26 0.5328125 0.5765625 0.0703125 0.1359375
26 0.32265625 0.59453125 0.07890625 0.1296875
26 0.1859375 0.5984375 0.0734375 0.14140625
26 0.74921875 0.75703125 0.0671875 0.14375
26 0.62578125 0.771875 0.07421875 0.13046875
26 0.4890625 0.77890625 0.06875 0.1203125
26 0.33125 0.80390625 0.0671875 0.1234375
26 0.19921875 0.82421875 0.075 0.13125