1 0.44375 0.14453125 0.11875 0.075
1 0.44453125 0.27578125 0.1359375 0.06875
1 0.44765625 0.42734375 0.134375 0.0734375
1 0.45078125 0.7828125 0.15 0.078125
1 0.45625 0.61484375 0.159375 0.084375
1 0.68203125 0.27109375 0.125 0.0625
1 0.68984375 0.12578125 0.1265625 0.071875
1 0.69765625 0.4296875 0.15 0.071875
1 0.69765625 0.6359375 0.134375 0.06875
1 0.709375 0.79375 0.1515625 0.071875
1 0.20078125 0.76171875 0.1375 0.09375
1 0.20625 0.58515625 0.165625 0.1125
1 0.20625 0.13125 0.11875 0.0875
1 0.209375 0.40625 0.1421875 0.09375
1 0.209375 0.265625 0.134375 0.065625