18 0.75625 0.75625 0.209375 0.084375
18 0.75 0.5984375 0.19375 0.09375
18 0.74453125 0.44375 0.19375 0.09375
18 0.73984375 0.159375 0.18125 0.08125
18 0.73515625 0.30703125 0.190625 0.096875
18 0.47109375 0.61484375 0.1625 0.09375
18 0.4625 0.7703125 0.1796875 0.090625
18 0.45625 0.4625 0.16875 0.1015625
18 0.45 0.1703125 0.1578125 0.08125
18 0.44296875 0.3171875 0.175 0.08125
18 0.20234375 0.4765625 0.16875 0.090625
18 0.20234375 0.634375 0.16875 0.078125
18 0.20078125 0.78359375 0.178125 0.084375
18 0.1828125 0.32734375 0.1453125 0.084375
18 0.175 0.17734375 0.15625 0.075