30 0.1546875 0.27578125 0.10859375 0.13515625
30 0.3359375 0.2796875 0.09375 0.1375
30 0.50859375 0.28046875 0.08984375 0.12578125
30 0.83515625 0.2953125 0.0859375 0.115625
30 0.66796875 0.29609375 0.10078125 0.13515625
30 0.4828125 0.546875 0.090625 0.109375
30 0.61875 0.54921875 0.084375 0.109375
30 0.77265625 0.55 0.0953125 0.1203125
30 0.153125 0.553125 0.0890625 0.1296875
30 0.31796875 0.5546875 0.09609375 0.1234375
30 0.1625 0.7703125 0.0703125 0.1
30 0.30078125 0.78125 0.0828125 0.09765625
30 0.5703125 0.78203125 0.0765625 0.10703125
30 0.7046875 0.78203125 0.0953125 0.1
30 0.4484375 0.78671875 0.08984375 0.10234375