20 0.3578125 0.203125 0.09375 0.04375
20 0.3890625 0.278125 0.109375 0.05
20 0.42734375 0.38359375 0.121875 0.053125
20 0.475 0.50078125 0.134375 0.071875
20 0.53515625 0.66796875 0.159375 0.096875
20 0.5515625 0.20390625 0.0921875 0.04375
20 0.58515625 0.2765625 0.09375 0.05
20 0.65 0.36875 0.109375 0.059375
20 0.71953125 0.47734375 0.109375 0.0625
20 0.82421875 0.6546875 0.13125 0.0953125
20 0.165625 0.3828125 0.15625 0.065625
20 0.165625 0.26953125 0.121875 0.0484375
20 0.1671875 0.5 0.1296875 0.075
20 0.16875 0.190625 0.10625 0.046875
20 0.17890625 0.6921875 0.1625 0.096875