22 0.7578125 0.09921875 0.184375 0.134375
22 0.75703125 0.334375 0.178125 0.15
22 0.5515625 0.884375 0.1328125 0.121875
22 0.53203125 0.70625 0.14375 0.13125
22 0.50546875 0.5359375 0.1640625 0.1390625
22 0.478125 0.321875 0.18125 0.153125
22 0.46171875 0.13203125 0.209375 0.121875
22 0.2375 0.87578125 0.171875 0.1453125
22 0.2203125 0.71875 0.125 0.128125
22 0.209375 0.525 0.146875 0.121875
22 0.19140625 0.35078125 0.1890625 0.13125
22 0.1546875 0.16796875 0.1796875 0.134375
22 0.80625 0.8625 0.146875 0.115625
22 0.80234375 0.703125 0.1359375 0.1296875
22 0.78515625 0.5453125 0.159375 0.1421875