30 0.7109375 0.23984375 0.1078125 0.13203125
30 0.39765625 0.25390625 0.0828125 0.12265625
30 0.55 0.25625 0.09609375 0.1421875
30 0.26875 0.275 0.08203125 0.11171875
30 0.14921875 0.2921875 0.0765625 0.11796875
30 0.4 0.50546875 0.07109375 0.1140625
30 0.546875 0.5078125 0.09140625 0.11640625
30 0.275 0.5125 0.078125 0.1234375
30 0.70859375 0.5140625 0.0984375 0.11640625
30 0.15625 0.5234375 0.06484375 0.11328125
30 0.17421875 0.74921875 0.06015625 0.10703125
30 0.28671875 0.75390625 0.071875 0.0953125
30 0.40078125 0.76015625 0.075 0.1140625
30 0.5140625 0.771875 0.08515625 0.12109375
30 0.67578125 0.78359375 0.1078125 0.1234375