19 0.7079326923076923 0.25721153846153844 0.15625 0.17067307692307693
19 0.4891826923076923 0.28365384615384615 0.0985576923076923 0.17548076923076922
19 0.3401442307692308 0.2848557692307692 0.08533653846153846 0.1310096153846154
19 0.203125 0.3173076923076923 0.08653846153846154 0.13822115384615385
19 0.08774038461538461 0.33413461538461536 0.05889423076923077 0.1502403846153846
19 0.3701923076923077 0.5084134615384616 0.10336538461538461 0.14423076923076922
19 0.546875 0.5180288461538461 0.11177884615384616 0.16826923076923078
19 0.2247596153846154 0.5228365384615384 0.0829326923076923 0.1346153846153846
19 0.7475961538461539 0.5252403846153846 0.140625 0.1875
19 0.0985576923076923 0.5336538461538461 0.06610576923076923 0.12860576923076922
19 0.12379807692307693 0.7007211538461539 0.06971153846153846 0.1201923076923077
19 0.23918269230769232 0.7067307692307693 0.078125 0.11778846153846154
19 0.38822115384615385 0.7151442307692307 0.0889423076923077 0.140625
19 0.5793269230769231 0.7596153846153846 0.10576923076923077 0.15384615384615385
19 0.7536057692307693 0.7824519230769231 0.1201923076923077 0.19230769230769232