9 0.690625 0.25625 0.0625 0.11640625
9 0.78671875 0.27578125 0.06796875 0.12265625
9 0.67265625 0.49375 0.0625 0.125
9 0.7828125 0.49921875 0.05625 0.1171875
9 0.553125 0.50390625 0.06015625 0.1265625
9 0.4140625 0.5203125 0.06015625 0.13984375
9 0.19453125 0.53671875 0.07734375 0.1546875
9 0.77265625 0.69765625 0.06015625 0.1234375
9 0.67421875 0.7125 0.07578125 0.14296875
9 0.55 0.746875 0.075 0.15
9 0.4203125 0.7640625 0.06328125 0.153125
9 0.20546875 0.7984375 0.075 0.171875
9 0.234375 0.18359375 0.0859375 0.15390625
9 0.46328125 0.22421875 0.07734375 0.13203125
9 0.5796875 0.22890625 0.0640625 0.12265625