20 0.5453125 0.7640625 0.13125 0.065625
20 0.54375 0.6234375 0.1359375 0.0734375
20 0.52265625 0.4625 0.128125 0.096875
20 0.52109375 0.26953125 0.128125 0.0875
20 0.50859375 0.1125 0.1515625 0.0875
20 0.2078125 0.44140625 0.11875 0.084375
20 0.19765625 0.75859375 0.1296875 0.0734375
20 0.19765625 0.63828125 0.125 0.08125
20 0.19609375 0.121875 0.134375 0.0828125
20 0.19609375 0.2734375 0.125 0.078125
20 0.79765625 0.11640625 0.153125 0.075
20 0.7828125 0.7828125 0.128125 0.0765625
20 0.7828125 0.28984375 0.11875 0.071875
20 0.77890625 0.6234375 0.14375 0.0734375
20 0.7765625 0.47890625 0.1625 0.096875