29 0.3473557692307692 0.46875 0.08774038461538461 0.140625
29 0.5024038461538461 0.47475961538461536 0.08413461538461539 0.15264423076923078
29 0.6550480769230769 0.48197115384615385 0.09014423076923077 0.1778846153846154
29 0.84375 0.4831730769230769 0.0985576923076923 0.15264423076923078
29 0.14302884615384615 0.49038461538461536 0.09134615384615384 0.1502403846153846
29 0.6778846153846154 0.7319711538461539 0.10817307692307693 0.15745192307692307
29 0.859375 0.7319711538461539 0.09735576923076923 0.15745192307692307
29 0.5180288461538461 0.734375 0.09975961538461539 0.15504807692307693
29 0.3581730769230769 0.7463942307692307 0.10096153846153846 0.1466346153846154
29 0.16947115384615385 0.7512019230769231 0.10697115384615384 0.15504807692307693
29 0.6466346153846154 0.21153846153846154 0.10096153846153846 0.14543269230769232
29 0.8064903846153846 0.21514423076923078 0.09134615384615384 0.1466346153846154
29 0.48677884615384615 0.21634615384615385 0.09615384615384616 0.16346153846153846
29 0.3329326923076923 0.22355769230769232 0.11177884615384616 0.171875
29 0.140625 0.23076923076923078 0.10216346153846154 0.14903846153846154