12 0.7625 0.45234375 0.140625 0.115625
12 0.75859375 0.7015625 0.128125 0.0921875
12 0.7515625 0.80859375 0.125 0.090625
12 0.7515625 0.25625 0.1625 0.1515625
12 0.59375 0.821875 0.1296875 0.084375
12 0.5890625 0.7140625 0.109375 0.09375
12 0.5625 0.60625 0.1171875 0.103125
12 0.53828125 0.46796875 0.15 0.140625
12 0.4984375 0.27421875 0.1546875 0.165625
12 0.40390625 0.83359375 0.1125 0.0703125
12 0.37265625 0.740625 0.1140625 0.084375
12 0.34140625 0.621875 0.115625 0.1125
12 0.296875 0.471875 0.146875 0.13125
12 0.22890625 0.29609375 0.18125 0.16875
12 0.7671875 0.5828125 0.13125 0.1