15 0.7127403846153846 0.27283653846153844 0.10697115384615384 0.15504807692307693
15 0.5552884615384616 0.27884615384615385 0.11658653846153846 0.13701923076923078
15 0.2692307692307692 0.28725961538461536 0.10216346153846154 0.14543269230769232
15 0.14182692307692307 0.28966346153846156 0.0985576923076923 0.15144230769230768
15 0.41466346153846156 0.29447115384615385 0.09495192307692307 0.14543269230769232
15 0.6081730769230769 0.5204326923076923 0.0985576923076923 0.14182692307692307
15 0.1346153846153846 0.5216346153846154 0.0829326923076923 0.17548076923076922
15 0.7716346153846154 0.5216346153846154 0.0985576923076923 0.14783653846153846
15 0.4567307692307692 0.5252403846153846 0.10336538461538461 0.14543269230769232
15 0.29086538461538464 0.5264423076923077 0.10817307692307693 0.15264423076923078
15 0.1502403846153846 0.7355769230769231 0.0985576923076923 0.15745192307692307
15 0.7956730769230769 0.7596153846153846 0.09014423076923077 0.1658653846153846
15 0.3076923076923077 0.7596153846153846 0.11899038461538461 0.15384615384615385
15 0.6370192307692307 0.7620192307692307 0.1045673076923077 0.171875
15 0.4831730769230769 0.7632211538461539 0.109375 0.17427884615384615