20 0.79296875 0.50390625 0.1046875 0.17265625
20 0.65546875 0.53125 0.09140625 0.1703125
20 0.53203125 0.54296875 0.0953125 0.17265625
20 0.29453125 0.56171875 0.09609375 0.17734375
20 0.15546875 0.56171875 0.10625 0.16875
20 0.790625 0.7578125 0.09296875 0.184375
20 0.66640625 0.775 0.09765625 0.1578125
20 0.53828125 0.7953125 0.103125 0.1625
20 0.31640625 0.81796875 0.10546875 0.1546875
20 0.1578125 0.83671875 0.10078125 0.15546875
20 0.80234375 0.15703125 0.09140625 0.16796875
20 0.66953125 0.16484375 0.10234375 0.17578125
20 0.515625 0.18203125 0.10078125 0.16015625
20 0.35625 0.18828125 0.09375 0.1546875
20 0.18046875 0.1890625 0.09765625 0.16484375