28 0.77109375 0.45859375 0.0828125 0.1390625
28 0.6421875 0.46328125 0.09296875 0.125
28 0.48046875 0.46796875 0.06640625 0.1390625
28 0.171875 0.47421875 0.0703125 0.1609375
28 0.2859375 0.47578125 0.0625 0.1453125
28 0.7984375 0.70546875 0.1 0.13828125
28 0.6515625 0.7125 0.1109375 0.1390625
28 0.47109375 0.71640625 0.07890625 0.1421875
28 0.1484375 0.74453125 0.08046875 0.16953125
28 0.29921875 0.7453125 0.075 0.15703125
28 0.19375 0.20546875 0.065625 0.13203125
28 0.33828125 0.21328125 0.06484375 0.128125
28 0.76171875 0.228125 0.07890625 0.12109375
28 0.65390625 0.234375 0.07421875 0.134375
28 0.51171875 0.23515625 0.06875 0.12578125