1 0.80859375 0.25546875 0.06640625 0.1421875
1 0.634375 0.2578125 0.06796875 0.14375
1 0.45390625 0.26953125 0.07265625 0.15859375
1 0.3234375 0.27421875 0.07421875 0.16015625
1 0.1421875 0.27578125 0.06640625 0.153125
1 0.6296875 0.5015625 0.075 0.1359375
1 0.78203125 0.5078125 0.06640625 0.134375
1 0.3328125 0.51171875 0.07421875 0.14140625
1 0.1640625 0.5140625 0.0671875 0.14375
1 0.45078125 0.51796875 0.06171875 0.12578125
1 0.76875 0.74921875 0.05703125 0.1265625
1 0.6109375 0.75625 0.075 0.1234375
1 0.3390625 0.7625 0.06640625 0.14921875
1 0.19453125 0.76328125 0.06328125 0.12421875
1 0.45703125 0.7703125 0.0609375 0.121875