25 0.1875 0.49399038461538464 0.0889423076923077 0.21514423076923078
25 0.6454326923076923 0.4987980769230769 0.08173076923076923 0.1778846153846154
25 0.34375 0.5 0.10336538461538461 0.19831730769230768
25 0.5096153846153846 0.5012019230769231 0.08413461538461539 0.19591346153846154
25 0.7932692307692307 0.5072115384615384 0.08052884615384616 0.18870192307692307
25 0.21995192307692307 0.7920673076923077 0.07091346153846154 0.1814903846153846
25 0.38461538461538464 0.7920673076923077 0.08774038461538461 0.2091346153846154
25 0.5516826923076923 0.7920673076923077 0.07572115384615384 0.21634615384615385
25 0.8076923076923077 0.796875 0.078125 0.22235576923076922
25 0.6790865384615384 0.8028846153846154 0.07572115384615384 0.21514423076923078
25 0.4651442307692308 0.19110576923076922 0.0985576923076923 0.19831730769230768
25 0.30408653846153844 0.1935096153846154 0.10817307692307693 0.17908653846153846
25 0.6177884615384616 0.20192307692307693 0.07572115384615384 0.1814903846153846
25 0.14302884615384615 0.203125 0.09735576923076923 0.19471153846153846
25 0.7644230769230769 0.21514423076923078 0.07692307692307693 0.19471153846153846