22 0.1578125 0.2765625 0.0921875 0.15234375
22 0.29609375 0.29609375 0.09609375 0.13515625
22 0.746875 0.29765625 0.08984375 0.13671875
22 0.58203125 0.303125 0.103125 0.12109375
22 0.41328125 0.31015625 0.0796875 0.12578125
22 0.7828125 0.5390625 0.08828125 0.12109375
22 0.1359375 0.54921875 0.10078125 0.12265625
22 0.64296875 0.5640625 0.09140625 0.115625
22 0.2765625 0.571875 0.071875 0.11171875
22 0.5109375 0.57421875 0.08125 0.1109375
22 0.72734375 0.76953125 0.0765625 0.11171875
22 0.45703125 0.76953125 0.08984375 0.13046875
22 0.5765625 0.7703125 0.07421875 0.11796875
22 0.14375 0.78828125 0.0859375 0.1125
22 0.2875 0.78984375 0.07890625 0.10546875