2 0.6171875 0.446875 0.07421875 0.16640625
2 0.7734375 0.45 0.06015625 0.1484375
2 0.89921875 0.453125 0.06875 0.15234375
2 0.45625 0.46875 0.06875 0.159375
2 0.2125 0.49296875 0.08203125 0.19375
2 0.8875 0.68984375 0.05078125 0.1359375
2 0.775 0.6984375 0.05859375 0.1421875
2 0.63828125 0.725 0.065625 0.13671875
2 0.48203125 0.76796875 0.06484375 0.14921875
2 0.23984375 0.84296875 0.07421875 0.17265625
2 0.4203125 0.17265625 0.06875 0.14921875
2 0.190625 0.18046875 0.06875 0.15546875
2 0.590625 0.1875 0.06171875 0.1671875
2 0.7484375 0.19375 0.06328125 0.15234375
2 0.87265625 0.21328125 0.0609375 0.16171875