15 0.70546875 0.2828125 0.084375 0.1203125
15 0.5328125 0.28359375 0.08828125 0.11875
15 0.86875 0.2875 0.07734375 0.12578125
15 0.384375 0.3046875 0.0859375 0.12265625
15 0.19375 0.31484375 0.103125 0.13515625
15 0.83203125 0.48515625 0.0765625 0.1
15 0.6828125 0.49921875 0.06796875 0.09921875
15 0.553125 0.50234375 0.07578125 0.096875
15 0.40234375 0.51328125 0.08125 0.115625
15 0.23125 0.52890625 0.09296875 0.12265625
15 0.78125 0.653125 0.05703125 0.08125
15 0.68125 0.65703125 0.0578125 0.0765625
15 0.553125 0.671875 0.06171875 0.08515625
15 0.41875 0.6859375 0.07109375 0.0828125
15 0.26171875 0.69921875 0.0765625 0.0984375