14 0.3765625 0.70078125 0.1625 0.1234375
14 0.38828125 0.89375 0.146875 0.11875
14 0.38984375 0.5015625 0.14375 0.1171875
14 0.38984375 0.3140625 0.1546875 0.1375
14 0.4015625 0.10625 0.15 0.1375
14 0.5921875 0.33984375 0.115625 0.0984375
14 0.59453125 0.496875 0.11875 0.11875
14 0.60390625 0.16953125 0.115625 0.1125
14 0.6046875 0.67421875 0.109375 0.11875
14 0.61171875 0.8375 0.1265625 0.1140625
14 0.7734375 0.67109375 0.09375 0.10625
14 0.775 0.80703125 0.08125 0.0921875
14 0.7796875 0.51015625 0.1078125 0.121875
14 0.7796875 0.3625 0.0953125 0.115625
14 0.78046875 0.2140625 0.10625 0.1125