4 0.81171875 0.23828125 0.0828125 0.16015625
4 0.32265625 0.2421875 0.09296875 0.14921875
4 0.5015625 0.25 0.0828125 0.16015625
4 0.1375 0.253125 0.09296875 0.165625
4 0.64921875 0.25390625 0.0859375 0.18203125
4 0.65625 0.5609375 0.078125 0.13671875
4 0.79765625 0.5625 0.06875 0.1265625
4 0.50703125 0.56796875 0.0765625 0.1421875
4 0.33203125 0.56875 0.0828125 0.125
4 0.17109375 0.57265625 0.0859375 0.128125
4 0.215625 0.8109375 0.07734375 0.11953125
4 0.36015625 0.81796875 0.06875 0.1140625
4 0.77265625 0.81953125 0.07109375 0.1171875
4 0.6296875 0.8234375 0.06875 0.125
4 0.50078125 0.82421875 0.071875 0.1265625