5 0.7800480769230769 0.42788461538461536 0.07451923076923077 0.14543269230769232
5 0.6382211538461539 0.42908653846153844 0.08533653846153846 0.14783653846153846
5 0.14302884615384615 0.4362980769230769 0.0889423076923077 0.14903846153846154
5 0.31009615384615385 0.4375 0.08173076923076923 0.14302884615384615
5 0.4879807692307692 0.4375 0.07932692307692307 0.1502403846153846
5 0.15865384615384615 0.71875 0.08413461538461539 0.15625
5 0.31490384615384615 0.7295673076923077 0.0733173076923077 0.14903846153846154
5 0.7776442307692307 0.7355769230769231 0.08413461538461539 0.15264423076923078
5 0.4735576923076923 0.7379807692307693 0.0733173076923077 0.15745192307692307
5 0.6177884615384616 0.7391826923076923 0.08774038461538461 0.15384615384615385
5 0.3293269230769231 0.12379807692307693 0.07692307692307693 0.125
5 0.7644230769230769 0.12620192307692307 0.08774038461538461 0.1466346153846154
5 0.48677884615384615 0.13221153846153846 0.07692307692307693 0.14302884615384615
5 0.6189903846153846 0.13701923076923078 0.09014423076923077 0.16466346153846154
5 0.16105769230769232 0.13822115384615385 0.078125 0.13822115384615385