14 0.14765625 0.2625 0.07890625 0.165625
14 0.48125 0.26328125 0.0859375 0.16328125
14 0.32109375 0.26796875 0.071875 0.15390625
14 0.75859375 0.2734375 0.0796875 0.1546875
14 0.6265625 0.27890625 0.06953125 0.16171875
14 0.59140625 0.540625 0.06484375 0.125
14 0.15078125 0.5421875 0.078125 0.175
14 0.315625 0.54453125 0.07890625 0.13671875
14 0.4625 0.5453125 0.06875 0.134375
14 0.7375 0.553125 0.06875 0.134375
14 0.58984375 0.73828125 0.06640625 0.125
14 0.45859375 0.74375 0.06484375 0.10703125
14 0.7125 0.75 0.06484375 0.1328125
14 0.315625 0.75546875 0.06484375 0.1171875
14 0.1703125 0.759375 0.0671875 0.11015625