21 0.50703125 0.6703125 0.1375 0.1125
21 0.5015625 0.4765625 0.159375 0.109375
21 0.49453125 0.8640625 0.13125 0.1234375
21 0.48203125 0.28671875 0.171875 0.1140625
21 0.478125 0.09140625 0.1890625 0.096875
21 0.13984375 0.64765625 0.1765625 0.109375
21 0.134375 0.26953125 0.190625 0.1
21 0.1265625 0.8296875 0.1984375 0.1125
21 0.1265625 0.46640625 0.178125 0.1
21 0.12265625 0.09609375 0.2125 0.0859375
21 0.8421875 0.31484375 0.1515625 0.1125
21 0.840625 0.46953125 0.1375 0.10625
21 0.8375 0.66171875 0.1625 0.1296875
21 0.82890625 0.09375 0.1703125 0.1015625
21 0.8265625 0.84765625 0.1515625 0.1125