26 0.21953125 0.2484375 0.06015625 0.15234375
26 0.11953125 0.2515625 0.05390625 0.15703125
26 0.66875 0.51953125 0.08203125 0.17890625
26 0.490625 0.5203125 0.06796875 0.1515625
26 0.3546875 0.534375 0.06328125 0.134375
26 0.22890625 0.5453125 0.0609375 0.14609375
26 0.1265625 0.54765625 0.05625 0.134375
26 0.23359375 0.81796875 0.05625 0.13984375
26 0.134375 0.81796875 0.05234375 0.146875
26 0.3546875 0.8203125 0.06875 0.15390625
26 0.4921875 0.821875 0.07109375 0.13828125
26 0.6484375 0.8375 0.071875 0.16796875
26 0.66171875 0.17265625 0.08515625 0.16796875
26 0.49921875 0.196875 0.065625 0.16484375
26 0.35 0.2265625 0.07265625 0.16171875