1 0.82734375 0.40859375 0.1015625 0.171875
1 0.16796875 0.425 0.0953125 0.15
1 0.6609375 0.42734375 0.0890625 0.165625
1 0.49453125 0.4328125 0.1 0.1578125
1 0.33125 0.43515625 0.103125 0.1671875
1 0.678125 0.67578125 0.0859375 0.159375
1 0.86484375 0.69375 0.096875 0.1875
1 0.51875 0.69453125 0.109375 0.1625
1 0.35234375 0.696875 0.115625 0.16875
1 0.159375 0.70625 0.10625 0.1625
1 0.30625 0.18125 0.0765625 0.159375
1 0.7984375 0.1953125 0.090625 0.15
1 0.175 0.196875 0.0875 0.15625
1 0.4578125 0.20078125 0.0859375 0.18125
1 0.6328125 0.21015625 0.0875 0.19375