4 0.7578125 0.321875 0.13125 0.1125
4 0.74375 0.66171875 0.121875 0.075
4 0.74296875 0.50546875 0.121875 0.1171875
4 0.73828125 0.81875 0.13125 0.096875
4 0.73359375 0.15625 0.140625 0.1
4 0.546875 0.64453125 0.1046875 0.096875
4 0.54609375 0.31953125 0.1296875 0.0859375
4 0.54453125 0.50234375 0.1140625 0.10625
4 0.53984375 0.815625 0.11875 0.0984375
4 0.521875 0.16640625 0.1375 0.084375
4 0.3296875 0.79375 0.125 0.0921875
4 0.3171875 0.4515625 0.13125 0.078125
4 0.31640625 0.62109375 0.128125 0.084375
4 0.29375 0.2890625 0.15625 0.06875
4 0.2765625 0.1640625 0.1515625 0.0765625