27 0.24519230769230768 0.2620192307692308 0.06610576923076923 0.13221153846153846
27 0.125 0.2920673076923077 0.0625 0.11658653846153846
27 0.5673076923076923 0.5252403846153846 0.0889423076923077 0.13701923076923078
27 0.7043269230769231 0.5360576923076923 0.09134615384615384 0.18028846153846154
27 0.3942307692307692 0.5504807692307693 0.0829326923076923 0.1310096153846154
27 0.25 0.5588942307692307 0.06490384615384616 0.11899038461538461
27 0.13822115384615385 0.5625 0.05889423076923077 0.1310096153846154
27 0.15625 0.8209134615384616 0.07211538461538461 0.15625
27 0.4110576923076923 0.8317307692307693 0.078125 0.16105769230769232
27 0.28365384615384615 0.8389423076923077 0.0673076923076923 0.13822115384615385
27 0.5793269230769231 0.8533653846153846 0.09375 0.17908653846153846
27 0.734375 0.8605769230769231 0.10697115384615384 0.19471153846153846
27 0.7463942307692307 0.15504807692307693 0.10096153846153846 0.14543269230769232
27 0.5588942307692307 0.20192307692307693 0.1045673076923077 0.15865384615384615
27 0.39663461538461536 0.23076923076923078 0.07932692307692307 0.15384615384615385