25 0.5372596153846154 0.4987980769230769 0.08052884615384616 0.19110576923076922
25 0.38822115384615385 0.5096153846153846 0.09254807692307693 0.21394230769230768
25 0.6670673076923077 0.5120192307692307 0.07211538461538461 0.18990384615384615
25 0.20072115384615385 0.5180288461538461 0.0889423076923077 0.2247596153846154
25 0.7992788461538461 0.5180288461538461 0.078125 0.20072115384615385
25 0.6766826923076923 0.7920673076923077 0.08052884615384616 0.17548076923076922
25 0.8161057692307693 0.8004807692307693 0.09014423076923077 0.1971153846153846
25 0.3786057692307692 0.8137019230769231 0.08052884615384616 0.1814903846153846
25 0.5276442307692307 0.8149038461538461 0.09014423076923077 0.19831730769230768
25 0.21875 0.8233173076923077 0.0829326923076923 0.17067307692307693
25 0.36538461538461536 0.1778846153846154 0.1201923076923077 0.18629807692307693
25 0.17548076923076922 0.19230769230769232 0.09495192307692307 0.19591346153846154
25 0.5108173076923077 0.19471153846153846 0.09975961538461539 0.20432692307692307
25 0.6237980769230769 0.20192307692307693 0.078125 0.21875
25 0.7716346153846154 0.21394230769230768 0.09975961538461539 0.21634615384615385