30 0.684375 0.23984375 0.10078125 0.1390625
30 0.81796875 0.240625 0.09140625 0.12578125
30 0.315625 0.48515625 0.08203125 0.11796875
30 0.165625 0.49140625 0.10078125 0.1328125
30 0.4734375 0.49609375 0.09140625 0.12578125
30 0.62109375 0.50703125 0.0984375 0.1375
30 0.78828125 0.515625 0.10078125 0.12734375
30 0.46015625 0.721875 0.0984375 0.12734375
30 0.3078125 0.725 0.09765625 0.13671875
30 0.14453125 0.73203125 0.1234375 0.13671875
30 0.62265625 0.7375 0.103125 0.13984375
30 0.79921875 0.74296875 0.08984375 0.125
30 0.203125 0.21015625 0.1015625 0.11171875
30 0.3734375 0.215625 0.1015625 0.115625
30 0.51953125 0.2265625 0.09921875 0.12578125