20 0.19140625 0.44140625 0.11328125 0.18046875
20 0.63828125 0.45625 0.1109375 0.20390625
20 0.31328125 0.45625 0.09609375 0.16171875
20 0.49296875 0.45859375 0.1 0.1875
20 0.76328125 0.46484375 0.121875 0.20078125
20 0.7859375 0.74453125 0.10390625 0.19609375
20 0.640625 0.76015625 0.11015625 0.20234375
20 0.47578125 0.76015625 0.103125 0.190625
20 0.16796875 0.76328125 0.1203125 0.18515625
20 0.32109375 0.7671875 0.1140625 0.1921875
20 0.62734375 0.165625 0.1109375 0.17421875
20 0.7578125 0.1703125 0.1125 0.1984375
20 0.21484375 0.18515625 0.10078125 0.171875
20 0.4859375 0.18671875 0.109375 0.18125
20 0.3390625 0.19140625 0.10625 0.16796875