13 0.15859375 0.4328125 0.075 0.14375
13 0.05 0.4390625 0.059375 0.1328125
13 0.28515625 0.45234375 0.0859375 0.1546875
13 0.45 0.45625 0.0953125 0.153125
13 0.63125 0.484375 0.109375 0.14375
13 0.06015625 0.671875 0.05 0.103125
13 0.1625 0.6921875 0.0640625 0.10625
13 0.28671875 0.7125 0.0890625 0.125
13 0.45703125 0.72265625 0.096875 0.115625
13 0.6265625 0.76484375 0.0953125 0.14375
13 0.66484375 0.1421875 0.1375 0.171875
13 0.4625 0.15078125 0.11875 0.16875
13 0.2890625 0.16640625 0.08125 0.14375
13 0.1578125 0.1703125 0.084375 0.1375
13 0.04140625 0.17265625 0.059375 0.1140625