0 0.3921875 0.2359375 0.11484375 0.08984375
0 0.57578125 0.2546875 0.08359375 0.0796875
0 0.7265625 0.27421875 0.08359375 0.08125
0 0.846875 0.28984375 0.07421875 0.09609375
0 0.16640625 0.4828125 0.08359375 0.07890625
0 0.38046875 0.48671875 0.08828125 0.078125
0 0.71015625 0.48984375 0.07734375 0.0796875
0 0.56328125 0.490625 0.08359375 0.08984375
0 0.84296875 0.4953125 0.07109375 0.08046875
0 0.8359375 0.69765625 0.07421875 0.0703125
0 0.70703125 0.70546875 0.0859375 0.0859375
0 0.55390625 0.72265625 0.08984375 0.0890625
0 0.3640625 0.7546875 0.09140625 0.0921875
0 0.16328125 0.7703125 0.0984375 0.09453125
0 0.18359375 0.23359375 0.115625 0.1171875