1 0.26953125 0.7203125 0.15625 0.0953125
1 0.29375 0.8390625 0.1109375 0.0640625
1 0.45703125 0.2890625 0.15 0.09375
1 0.46953125 0.46015625 0.15625 0.071875
1 0.48515625 0.615625 0.13125 0.0625
1 0.5015625 0.7796875 0.1546875 0.065625
1 0.5046875 0.88984375 0.128125 0.05625
1 0.74140625 0.934375 0.15 0.0515625
1 0.74765625 0.83046875 0.1359375 0.05
1 0.76953125 0.65546875 0.18125 0.0625
1 0.77265625 0.4828125 0.165625 0.0671875
1 0.809375 0.284375 0.190625 0.0984375
1 0.15390625 0.25390625 0.13125 0.109375
1 0.19765625 0.42421875 0.1546875 0.0734375
1 0.23515625 0.56484375 0.14375 0.0875