116 0.5453125 0.4265625 0.1046875 0.1125
116 0.403125 0.434375 0.11015625 0.11875
116 0.71640625 0.4390625 0.11875 0.12890625
116 0.26796875 0.44453125 0.09609375 0.125
116 0.134375 0.45546875 0.09765625 0.12890625
116 0.753125 0.68046875 0.1140625 0.13125
116 0.58125 0.68359375 0.1046875 0.14765625
116 0.40625 0.690625 0.121875 0.1421875
116 0.10078125 0.69921875 0.1125 0.1359375
116 0.2640625 0.70859375 0.1203125 0.13984375
116 0.721875 0.20625 0.096875 0.1046875
116 0.58828125 0.2078125 0.1046875 0.10859375
116 0.3046875 0.2109375 0.10703125 0.10546875
116 0.17734375 0.21484375 0.08203125 0.11328125
116 0.45546875 0.21484375 0.1015625 0.11328125