3 0.72890625 0.265625 0.08828125 0.125
3 0.6046875 0.27890625 0.090625 0.1203125
3 0.478125 0.28203125 0.0734375 0.1296875
3 0.34609375 0.30390625 0.08203125 0.1046875
3 0.190625 0.33046875 0.07734375 0.11875
3 0.615625 0.50625 0.0921875 0.11796875
3 0.7578125 0.50859375 0.10625 0.1171875
3 0.46953125 0.51328125 0.09296875 0.10390625
3 0.30546875 0.528125 0.0765625 0.1046875
3 0.1703125 0.5390625 0.06171875 0.09453125
3 0.4703125 0.79140625 0.0859375 0.121875
3 0.33203125 0.79609375 0.0875 0.11953125
3 0.2015625 0.79765625 0.078125 0.1125
3 0.63359375 0.80625 0.10078125 0.11015625
3 0.79453125 0.82734375 0.10625 0.12890625