21 0.609375 0.290625 0.1125 0.165625
21 0.459375 0.29765625 0.08984375 0.16953125
21 0.33203125 0.30234375 0.0765625 0.13828125
21 0.10234375 0.3046875 0.05859375 0.1375
21 0.2078125 0.3109375 0.075 0.13203125
21 0.14375 0.515625 0.0703125 0.159375
21 0.24140625 0.52109375 0.06875 0.14140625
21 0.35 0.52578125 0.07421875 0.165625
21 0.47890625 0.53359375 0.0859375 0.1578125
21 0.61796875 0.55 0.10078125 0.18125
21 0.17109375 0.7078125 0.06875 0.13828125
21 0.2625 0.740625 0.065625 0.12421875
21 0.37265625 0.75 0.07265625 0.14765625
21 0.48671875 0.76953125 0.07421875 0.1578125
21 0.62265625 0.80078125 0.10625 0.17421875