99 0.33671875 0.240625 0.07578125 0.15546875
99 0.24140625 0.27265625 0.071875 0.1484375
99 0.13046875 0.30078125 0.0515625 0.134375
99 0.684375 0.471875 0.1234375 0.1828125
99 0.50390625 0.48046875 0.0984375 0.159375
99 0.37265625 0.49609375 0.07265625 0.14921875
99 0.26640625 0.50234375 0.07890625 0.1375
99 0.1421875 0.53359375 0.06796875 0.134375
99 0.51875 0.73359375 0.0859375 0.153125
99 0.3875 0.74140625 0.06796875 0.16796875
99 0.15546875 0.746875 0.075 0.14609375
99 0.271875 0.74921875 0.06875 0.16484375
99 0.68046875 0.75390625 0.1125 0.19296875
99 0.653125 0.20625 0.1265625 0.21796875
99 0.475 0.22421875 0.096875 0.165625