7 0.6828125 0.4734375 0.08203125 0.14609375
7 0.53046875 0.47578125 0.0703125 0.1453125
7 0.82265625 0.47890625 0.08671875 0.15078125
7 0.3578125 0.4921875 0.09296875 0.16875
7 0.16640625 0.4921875 0.09140625 0.16484375
7 0.15546875 0.7796875 0.0796875 0.15546875
7 0.81328125 0.79375 0.078125 0.1421875
7 0.6703125 0.7953125 0.078125 0.14375
7 0.51796875 0.796875 0.08515625 0.1375
7 0.3421875 0.8015625 0.07890625 0.13828125
7 0.52890625 0.1734375 0.084375 0.1625
7 0.3578125 0.17890625 0.07890625 0.1546875
7 0.1796875 0.18125 0.08984375 0.17734375
7 0.67890625 0.18359375 0.0859375 0.1453125
7 0.8296875 0.203125 0.08359375 0.14140625