30 0.49609375 0.478125 0.10078125 0.13515625
30 0.134375 0.4796875 0.1046875 0.15859375
30 0.64609375 0.48515625 0.0890625 0.13046875
30 0.80546875 0.48515625 0.09921875 0.1328125
30 0.3171875 0.48671875 0.11640625 0.1609375
30 0.11875 0.75390625 0.08828125 0.13515625
30 0.28046875 0.76953125 0.10390625 0.14453125
30 0.75 0.76953125 0.10546875 0.13203125
30 0.5984375 0.7765625 0.09765625 0.1390625
30 0.4546875 0.78125 0.1046875 0.14609375
30 0.16875 0.16875 0.13046875 0.146875
30 0.35625 0.17734375 0.1 0.15078125
30 0.53046875 0.18828125 0.0953125 0.13671875
30 0.6875 0.2046875 0.10546875 0.14375
30 0.84765625 0.21640625 0.08984375 0.12734375