23 0.35078125 0.265625 0.10546875 0.13984375
23 0.22109375 0.26875 0.090625 0.1328125
23 0.5390625 0.28828125 0.0953125 0.1390625
23 0.6703125 0.29296875 0.103125 0.13671875
23 0.77890625 0.29921875 0.103125 0.12734375
23 0.1671875 0.496875 0.0984375 0.153125
23 0.29453125 0.503125 0.1140625 0.1421875
23 0.77890625 0.5171875 0.1046875 0.1234375
23 0.51796875 0.51796875 0.10078125 0.134375
23 0.63828125 0.51953125 0.10703125 0.11796875
23 0.4484375 0.74296875 0.0984375 0.1390625
23 0.58984375 0.74453125 0.1015625 0.1375
23 0.73125 0.75 0.11328125 0.13359375
23 0.303125 0.7515625 0.1015625 0.13671875
23 0.16328125 0.75390625 0.1015625 0.146875