6 0.59921875 0.76484375 0.1328125 0.0953125
6 0.59453125 0.61171875 0.1359375 0.10625
6 0.590625 0.44765625 0.13125 0.0859375
6 0.58828125 0.19140625 0.134375 0.071875
6 0.58671875 0.321875 0.15 0.0875
6 0.37265625 0.4765625 0.1375 0.0796875
6 0.37265625 0.61796875 0.146875 0.0984375
6 0.371875 0.75546875 0.1390625 0.08125
6 0.3703125 0.3453125 0.1375 0.090625
6 0.36484375 0.18515625 0.153125 0.0875
6 0.80625 0.58828125 0.1328125 0.08125
6 0.80390625 0.721875 0.1234375 0.0859375
6 0.79296875 0.20234375 0.121875 0.09375
6 0.7890625 0.46015625 0.1390625 0.0828125
6 0.7828125 0.32890625 0.128125 0.08125