17 0.5817307692307693 0.2403846153846154 0.07451923076923077 0.1346153846153846
17 0.7163461538461539 0.2403846153846154 0.07572115384615384 0.12620192307692307
17 0.2932692307692308 0.24158653846153846 0.07932692307692307 0.1346153846153846
17 0.1502403846153846 0.24278846153846154 0.0985576923076923 0.140625
17 0.4387019230769231 0.24278846153846154 0.08173076923076923 0.13221153846153846
17 0.5949519230769231 0.44591346153846156 0.07932692307692307 0.14182692307692307
17 0.42788461538461536 0.44711538461538464 0.08774038461538461 0.14302884615384615
17 0.7391826923076923 0.44711538461538464 0.12139423076923077 0.15144230769230768
17 0.27524038461538464 0.4639423076923077 0.07932692307692307 0.1502403846153846
17 0.10216346153846154 0.47596153846153844 0.09975961538461539 0.15985576923076922
17 0.5757211538461539 0.6766826923076923 0.09375 0.15504807692307693
17 0.7391826923076923 0.6814903846153846 0.09014423076923077 0.17067307692307693
17 0.4074519230769231 0.6850961538461539 0.0829326923076923 0.16346153846153846
17 0.24158653846153846 0.6959134615384616 0.0829326923076923 0.1658653846153846
17 0.078125 0.71875 0.1045673076923077 0.1875