9 0.2 0.240625 0.0734375 0.1640625
9 0.35390625 0.2421875 0.0703125 0.153125
9 0.63671875 0.48125 0.0640625 0.1421875
9 0.4921875 0.48671875 0.06484375 0.1390625
9 0.33828125 0.49921875 0.0609375 0.1359375
9 0.76953125 0.50703125 0.06953125 0.12421875
9 0.1796875 0.509375 0.07109375 0.15703125
9 0.30234375 0.7828125 0.059375 0.13828125
9 0.446875 0.7859375 0.0765625 0.14375
9 0.76640625 0.7859375 0.08671875 0.15390625
9 0.62734375 0.7890625 0.0734375 0.140625
9 0.16171875 0.79921875 0.0640625 0.1515625
9 0.79609375 0.2203125 0.07578125 0.14375
9 0.65546875 0.22265625 0.06640625 0.13984375
9 0.503125 0.23359375 0.06484375 0.15546875