99 0.528125 0.27734375 0.08046875 0.1390625
99 0.6703125 0.278125 0.09609375 0.12734375
99 0.4125 0.29296875 0.07734375 0.153125
99 0.2796875 0.30546875 0.10078125 0.14375
99 0.1265625 0.315625 0.0921875 0.1640625
99 0.73125 0.47734375 0.09453125 0.12734375
99 0.60078125 0.49296875 0.08515625 0.13671875
99 0.4609375 0.5015625 0.1125 0.15
99 0.31015625 0.51171875 0.1125 0.15234375
99 0.1421875 0.534375 0.10625 0.153125
99 0.63046875 0.66484375 0.10703125 0.1296875
99 0.771875 0.66875 0.10234375 0.1328125
99 0.47890625 0.675 0.09921875 0.12421875
99 0.32578125 0.7015625 0.084375 0.1203125
99 0.15625 0.71640625 0.0984375 0.128125