23 0.434375 0.23984375 0.0984375 0.15078125
23 0.6078125 0.27890625 0.0765625 0.12734375
23 0.71875 0.2921875 0.08125 0.125
23 0.79921875 0.30234375 0.0734375 0.11796875
23 0.23984375 0.49296875 0.12265625 0.16796875
23 0.3828125 0.49609375 0.11796875 0.15625
23 0.8015625 0.5 0.07578125 0.10390625
23 0.69609375 0.5046875 0.08828125 0.10703125
23 0.5953125 0.50703125 0.0828125 0.1296875
23 0.76640625 0.7125 0.08359375 0.1234375
23 0.6578125 0.72734375 0.0859375 0.12890625
23 0.5390625 0.73984375 0.0953125 0.13671875
23 0.39765625 0.7609375 0.1078125 0.14453125
23 0.2421875 0.7875 0.1140625 0.14921875
23 0.29609375 0.23046875 0.10703125 0.14921875