10 0.61171875 0.33671875 0.09375 0.090625
10 0.6109375 0.72734375 0.1 0.09375
10 0.6078125 0.590625 0.0875 0.090625
10 0.6046875 0.46875 0.103125 0.08125
10 0.603125 0.19140625 0.11875 0.0875
10 0.45625 0.7796875 0.09375 0.0875
10 0.45234375 0.65546875 0.096875 0.1
10 0.43203125 0.51015625 0.109375 0.09375
10 0.41796875 0.346875 0.1125 0.0921875
10 0.41015625 0.18984375 0.128125 0.103125
10 0.28046875 0.79375 0.10625 0.078125
10 0.265625 0.6734375 0.125 0.096875
10 0.24921875 0.51875 0.1265625 0.10625
10 0.23203125 0.35078125 0.1265625 0.096875
10 0.215625 0.17890625 0.1421875 0.0921875