71 0.659375 0.27890625 0.0859375 0.16640625
71 0.8234375 0.2859375 0.103125 0.18515625
71 0.471875 0.2890625 0.10546875 0.18671875
71 0.27734375 0.3046875 0.1046875 0.19375
71 0.08515625 0.31484375 0.125 0.2
71 0.659375 0.5296875 0.0671875 0.1546875
71 0.81328125 0.53515625 0.103125 0.15078125
71 0.484375 0.5484375 0.06953125 0.13125
71 0.31484375 0.58046875 0.08828125 0.16171875
71 0.1296875 0.59921875 0.0953125 0.165625
71 0.803125 0.74765625 0.09765625 0.14375
71 0.65546875 0.753125 0.06953125 0.12578125
71 0.48671875 0.76953125 0.08203125 0.1265625
71 0.32578125 0.80078125 0.078125 0.140625
71 0.1859375 0.82109375 0.0875 0.13671875