25 0.73671875 0.8296875 0.140625 0.1046875
25 0.53828125 0.390625 0.1734375 0.1359375
25 0.5375 0.19453125 0.203125 0.1859375
25 0.53203125 0.55390625 0.134375 0.10625
25 0.52109375 0.70859375 0.1125 0.1046875
25 0.50625 0.83203125 0.1234375 0.075
25 0.2890625 0.8375 0.1203125 0.0890625
25 0.2765625 0.7109375 0.1140625 0.0953125
25 0.2515625 0.578125 0.13125 0.1171875
25 0.21328125 0.41015625 0.140625 0.128125
25 0.15078125 0.2359375 0.175 0.146875
25 0.86171875 0.18203125 0.178125 0.11875
25 0.8296875 0.3796875 0.159375 0.125
25 0.80625 0.54140625 0.1546875 0.10625
25 0.77734375 0.7 0.14375 0.1015625