80 0.6578125 0.2375 0.0828125 0.17734375
80 0.78359375 0.27265625 0.0828125 0.18671875
80 0.1859375 0.45625 0.115625 0.19609375
80 0.546875 0.4671875 0.07265625 0.16640625
80 0.38125 0.47421875 0.1140625 0.2046875
80 0.68359375 0.48046875 0.07734375 0.16640625
80 0.81171875 0.5046875 0.065625 0.16640625
80 0.83046875 0.759375 0.07421875 0.18984375
80 0.69921875 0.778125 0.0828125 0.2046875
80 0.55546875 0.784375 0.08203125 0.20703125
80 0.38125 0.7953125 0.096875 0.1921875
80 0.1796875 0.79921875 0.1046875 0.21796875
80 0.18359375 0.13984375 0.09765625 0.19453125
80 0.3609375 0.17265625 0.0984375 0.18984375
80 0.51875 0.203125 0.08984375 0.165625