33 0.48515625 0.25390625 0.10078125 0.1671875
33 0.33125 0.271875 0.11796875 0.18046875
33 0.1296875 0.2921875 0.1203125 0.15546875
33 0.81484375 0.46875 0.0890625 0.1265625
33 0.50859375 0.4796875 0.08359375 0.1296875
33 0.64453125 0.48125 0.0765625 0.13828125
33 0.3625 0.49140625 0.0875 0.1296875
33 0.171875 0.52578125 0.0984375 0.13203125
33 0.81484375 0.65390625 0.08359375 0.1171875
33 0.6609375 0.66640625 0.090625 0.1328125
33 0.52890625 0.6828125 0.08828125 0.1265625
33 0.3921875 0.7078125 0.0953125 0.11484375
33 0.22890625 0.72890625 0.10625 0.125
33 0.80078125 0.225 0.0859375 0.1421875
33 0.64453125 0.23515625 0.09375 0.1484375