32 0.80703125 0.24375 0.08046875 0.134375
32 0.6875 0.2453125 0.08046875 0.13203125
32 0.56015625 0.2546875 0.084375 0.12734375
32 0.428125 0.25703125 0.07734375 0.14140625
32 0.26328125 0.26328125 0.084375 0.153125
32 0.80390625 0.46640625 0.06875 0.1265625
32 0.67578125 0.4765625 0.07265625 0.12421875
32 0.5546875 0.490625 0.07734375 0.13828125
32 0.428125 0.5078125 0.07734375 0.13828125
32 0.26875 0.53359375 0.0984375 0.1578125
32 0.78203125 0.6359375 0.08671875 0.1265625
32 0.66953125 0.65859375 0.07734375 0.11953125
32 0.5546875 0.68671875 0.07265625 0.134375
32 0.43515625 0.71953125 0.07890625 0.14375
32 0.2828125 0.75546875 0.0953125 0.15859375