0 0.58125 0.81640625 0.125 0.0546875
0 0.5625 0.71484375 0.1546875 0.0625
0 0.54765625 0.5890625 0.14375 0.059375
0 0.5078125 0.41171875 0.15 0.0765625
0 0.4671875 0.2265625 0.175 0.0875
0 0.390625 0.79140625 0.121875 0.046875
0 0.35390625 0.6921875 0.1484375 0.059375
0 0.33203125 0.56953125 0.171875 0.0640625
0 0.271875 0.4109375 0.165625 0.075
0 0.203125 0.2359375 0.184375 0.084375
0 0.8140625 0.2046875 0.184375 0.103125
0 0.81171875 0.57265625 0.18125 0.059375
0 0.80546875 0.403125 0.221875 0.090625
0 0.8015625 0.69296875 0.159375 0.0578125
0 0.7984375 0.80703125 0.128125 0.0484375