7 0.690625 0.48671875 0.065625 0.115625
7 0.80234375 0.48984375 0.0625 0.11328125
7 0.55703125 0.490625 0.0671875 0.1234375
7 0.40390625 0.51171875 0.0796875 0.1375
7 0.21015625 0.51875 0.08046875 0.13828125
7 0.7796875 0.71484375 0.06015625 0.115625
7 0.678125 0.71796875 0.0625 0.1171875
7 0.56328125 0.7265625 0.06640625 0.1109375
7 0.42109375 0.73984375 0.06015625 0.1140625
7 0.22109375 0.76875 0.078125 0.12890625
7 0.1890625 0.20625 0.08828125 0.13828125
7 0.4078125 0.2078125 0.07265625 0.12734375
7 0.5609375 0.21640625 0.08203125 0.1546875
7 0.69140625 0.22421875 0.0671875 0.13203125
7 0.8078125 0.228125 0.07421875 0.125