2 0.6394230769230769 0.4579326923076923 0.06129807692307692 0.15625
2 0.7367788461538461 0.45913461538461536 0.055288461538461536 0.16826923076923078
2 0.5144230769230769 0.47115384615384615 0.0673076923076923 0.15865384615384615
2 0.23076923076923078 0.484375 0.07932692307692307 0.20432692307692307
2 0.3894230769230769 0.4855769230769231 0.07451923076923077 0.1935096153846154
2 0.7391826923076923 0.7055288461538461 0.057692307692307696 0.16346153846153846
2 0.6298076923076923 0.7211538461538461 0.06129807692307692 0.14543269230769232
2 0.5012019230769231 0.7704326923076923 0.07211538461538461 0.18870192307692307
2 0.359375 0.8004807692307693 0.08173076923076923 0.21153846153846154
2 0.22115384615384615 0.8317307692307693 0.08533653846153846 0.23557692307692307
2 0.24158653846153846 0.12980769230769232 0.07932692307692307 0.1971153846153846
2 0.5228365384615384 0.14543269230769232 0.06850961538461539 0.1622596153846154
2 0.6418269230769231 0.14903846153846154 0.06850961538461539 0.15745192307692307
2 0.39903846153846156 0.1502403846153846 0.06129807692307692 0.16346153846153846
2 0.7451923076923077 0.15985576923076922 0.06370192307692307 0.16346153846153846