0 0.82265625 0.259375 0.084375 0.0890625
0 0.675 0.26328125 0.09140625 0.08828125
0 0.5484375 0.2734375 0.10703125 0.09375
0 0.3421875 0.29453125 0.1265625 0.09765625
0 0.14453125 0.31015625 0.1078125 0.09609375
0 0.83125 0.475 0.08671875 0.0828125
0 0.70078125 0.4890625 0.096875 0.07734375
0 0.55078125 0.50390625 0.1046875 0.07890625
0 0.37890625 0.52890625 0.09296875 0.0875
0 0.2046875 0.55625 0.1046875 0.08984375
0 0.8328125 0.70625 0.0828125 0.08828125
0 0.70625 0.7203125 0.090625 0.0828125
0 0.5703125 0.73046875 0.078125 0.0765625
0 0.41953125 0.75625 0.09296875 0.07109375
0 0.221875 0.76171875 0.090625 0.08671875