23 0.66484375 0.2390625 0.096875 0.10546875
23 0.53828125 0.24609375 0.1015625 0.1
23 0.42265625 0.253125 0.09140625 0.1046875
23 0.28125 0.27578125 0.09453125 0.10390625
23 0.6859375 0.38359375 0.1171875 0.103125
23 0.834375 0.38984375 0.1203125 0.12890625
23 0.55703125 0.4015625 0.10703125 0.10546875
23 0.425 0.41796875 0.1140625 0.1140625
23 0.271875 0.4296875 0.1078125 0.1140625
23 0.8671875 0.5890625 0.11953125 0.11796875
23 0.72578125 0.60390625 0.12265625 0.11953125
23 0.57265625 0.60859375 0.1234375 0.11015625
23 0.41015625 0.61953125 0.115625 0.121875
23 0.25859375 0.63984375 0.11640625 0.14453125
23 0.8 0.23515625 0.115625 0.10703125