8 0.63046875 0.46015625 0.084375 0.15703125
8 0.48515625 0.46796875 0.07890625 0.14921875
8 0.78203125 0.4703125 0.065625 0.153125
8 0.3078125 0.4796875 0.07421875 0.1484375
8 0.1515625 0.49453125 0.08984375 0.16875
8 0.77890625 0.7140625 0.084375 0.146875
8 0.62890625 0.72734375 0.0765625 0.15859375
8 0.484375 0.73828125 0.07734375 0.1671875
8 0.31015625 0.75859375 0.06875 0.1453125
8 0.15859375 0.778125 0.08203125 0.12890625
8 0.48359375 0.19609375 0.08984375 0.15546875
8 0.61640625 0.196875 0.0875 0.13828125
8 0.309375 0.20390625 0.08515625 0.14296875
8 0.7609375 0.21015625 0.07265625 0.14609375
8 0.1375 0.21328125 0.08203125 0.18046875