18 0.325 0.25078125 0.0625 0.08671875
18 0.42109375 0.2515625 0.06640625 0.0921875
18 0.53203125 0.25234375 0.0703125 0.0984375
18 0.65234375 0.25625 0.08125 0.10625
18 0.22265625 0.25859375 0.0734375 0.09296875
18 0.3 0.459375 0.06875 0.11328125
18 0.1796875 0.46015625 0.09375 0.128125
18 0.678125 0.46171875 0.09296875 0.13203125
18 0.41875 0.4640625 0.0875 0.1359375
18 0.553125 0.46953125 0.0875 0.14296875
18 0.70859375 0.6921875 0.1125 0.15
18 0.56328125 0.6953125 0.09765625 0.146875
18 0.42109375 0.7109375 0.07734375 0.14609375
18 0.2984375 0.72265625 0.0796875 0.15390625
18 0.13828125 0.7375 0.0984375 0.1796875