5 0.28515625 0.2359375 0.0953125 0.1546875
5 0.12578125 0.2359375 0.090625 0.1546875
5 0.65 0.446875 0.0734375 0.125
5 0.79140625 0.44921875 0.078125 0.13125
5 0.4765625 0.459375 0.0765625 0.13125
5 0.3171875 0.48203125 0.09375 0.1484375
5 0.15625 0.5 0.096875 0.15625
5 0.7765625 0.66953125 0.065625 0.1234375
5 0.6390625 0.68359375 0.065625 0.1328125
5 0.4828125 0.70546875 0.08125 0.125
5 0.30859375 0.73203125 0.0625 0.1078125
5 0.17734375 0.73828125 0.075 0.10625
5 0.79609375 0.2140625 0.0875 0.15
5 0.65078125 0.2171875 0.0921875 0.15
5 0.46953125 0.22265625 0.09375 0.146875