12 0.4651442307692308 0.2403846153846154 0.07211538461538461 0.1346153846153846
12 0.33533653846153844 0.2548076923076923 0.07211538461538461 0.14543269230769232
12 0.1875 0.25961538461538464 0.07692307692307693 0.14182692307692307
12 0.6069711538461539 0.4326923076923077 0.07692307692307693 0.11538461538461539
12 0.7403846153846154 0.4326923076923077 0.0889423076923077 0.125
12 0.47115384615384615 0.4423076923076923 0.08653846153846154 0.12139423076923077
12 0.3389423076923077 0.4639423076923077 0.07451923076923077 0.12740384615384615
12 0.1875 0.47596153846153844 0.0673076923076923 0.11899038461538461
12 0.7223557692307693 0.6201923076923077 0.08052884615384616 0.12740384615384615
12 0.59375 0.6418269230769231 0.0985576923076923 0.12620192307692307
12 0.45072115384615385 0.6490384615384616 0.07692307692307693 0.12860576923076922
12 0.33533653846153844 0.6586538461538461 0.07451923076923077 0.12980769230769232
12 0.19831730769230768 0.6754807692307693 0.078125 0.15865384615384615
12 0.7211538461538461 0.22596153846153846 0.08052884615384616 0.13221153846153846
12 0.578125 0.23076923076923078 0.07211538461538461 0.13942307692307693