10 0.74140625 0.24140625 0.08515625 0.15078125
10 0.85546875 0.253125 0.08828125 0.16875
10 0.61328125 0.253125 0.08203125 0.134375
10 0.4375 0.2640625 0.09453125 0.14296875
10 0.2375 0.27421875 0.1140625 0.153125
10 0.85546875 0.49453125 0.0765625 0.1484375
10 0.73125 0.503125 0.09140625 0.13984375
10 0.59921875 0.52578125 0.0734375 0.15
10 0.475 0.55 0.0703125 0.121875
10 0.24140625 0.58515625 0.096875 0.153125
10 0.83203125 0.72265625 0.08203125 0.14453125
10 0.71640625 0.74453125 0.07890625 0.1359375
10 0.58984375 0.75859375 0.08671875 0.1375
10 0.43359375 0.79296875 0.09140625 0.11875
10 0.23671875 0.8328125 0.0953125 0.140625