5 0.515625 0.23828125 0.06484375 0.0984375
5 0.6453125 0.2484375 0.071875 0.096875
5 0.76484375 0.26171875 0.05859375 0.08984375
5 0.19375 0.41640625 0.0796875 0.11640625
5 0.5109375 0.42734375 0.0609375 0.09765625
5 0.65546875 0.43046875 0.06484375 0.09921875
5 0.3515625 0.43125 0.0609375 0.10390625
5 0.7875 0.45078125 0.06640625 0.11484375
5 0.5203125 0.634375 0.07109375 0.13984375
5 0.65703125 0.64375 0.0640625 0.12265625
5 0.8 0.65546875 0.0625 0.1203125
5 0.33984375 0.65625 0.0671875 0.140625
5 0.16796875 0.66484375 0.071875 0.14921875
5 0.21015625 0.2265625 0.075 0.11015625
5 0.3703125 0.23203125 0.05546875 0.0921875