20 0.1203125 0.465625 0.08359375 0.18125
20 0.2875 0.471875 0.08984375 0.19453125
20 0.43828125 0.4796875 0.10859375 0.228125
20 0.59609375 0.48125 0.10625 0.203125
20 0.7828125 0.490625 0.12421875 0.1984375
20 0.7875 0.7859375 0.109375 0.23828125
20 0.28828125 0.796875 0.09921875 0.2375
20 0.6171875 0.80078125 0.0921875 0.25390625
20 0.45546875 0.8015625 0.09375 0.259375
20 0.10078125 0.80390625 0.1046875 0.2359375
20 0.42265625 0.190625 0.08046875 0.17734375
20 0.26171875 0.19140625 0.08828125 0.175
20 0.11015625 0.19375 0.0890625 0.1703125
20 0.5828125 0.19453125 0.090625 0.1765625
20 0.75546875 0.21328125 0.103125 0.1953125