25 0.63984375 0.3296875 0.0859375 0.103125
25 0.20390625 0.3296875 0.11953125 0.10625
25 0.3578125 0.33046875 0.10546875 0.10859375
25 0.50546875 0.334375 0.103125 0.1046875
25 0.75625 0.3421875 0.09296875 0.096875
25 0.1640625 0.53046875 0.10625 0.11796875
25 0.31953125 0.5328125 0.11171875 0.109375
25 0.640625 0.5390625 0.12109375 0.11640625
25 0.79453125 0.5453125 0.11875 0.11171875
25 0.475 0.54609375 0.11640625 0.12109375
25 0.2953125 0.7546875 0.121875 0.1265625
25 0.64609375 0.7546875 0.1375 0.14609375
25 0.1234375 0.75703125 0.11171875 0.1375
25 0.821875 0.759375 0.1484375 0.13984375
25 0.46875 0.76015625 0.12109375 0.13828125