7 0.25078125 0.675 0.0875 0.0625
7 0.2515625 0.57890625 0.0921875 0.065625
7 0.25234375 0.46796875 0.0984375 0.0703125
7 0.25625 0.34765625 0.10625 0.08125
7 0.25859375 0.77734375 0.09375 0.0734375
7 0.459375 0.7 0.1125 0.06875
7 0.46015625 0.8203125 0.128125 0.09375
7 0.46171875 0.32265625 0.13125 0.09375
7 0.4640625 0.58125 0.1359375 0.0875
7 0.46953125 0.446875 0.14375 0.0875
7 0.6921875 0.29140625 0.15 0.1125
7 0.6953125 0.43671875 0.146875 0.096875
7 0.7109375 0.57890625 0.146875 0.078125
7 0.72265625 0.7015625 0.153125 0.0796875
7 0.7375 0.86171875 0.1796875 0.0984375