19 0.7578125 0.5 0.134375 0.09375
19 0.73515625 0.37421875 0.1421875 0.090625
19 0.70703125 0.24921875 0.1375 0.090625
19 0.68515625 0.13515625 0.125 0.0640625
19 0.54609375 0.7609375 0.1671875 0.1125
19 0.52265625 0.61015625 0.15 0.1
19 0.48359375 0.47265625 0.1703125 0.121875
19 0.475 0.328125 0.16875 0.0828125
19 0.46796875 0.2046875 0.1453125 0.084375
19 0.28828125 0.16328125 0.15625 0.084375
19 0.25390625 0.31015625 0.1546875 0.084375
19 0.24453125 0.603125 0.1734375 0.109375
19 0.2421875 0.453125 0.178125 0.109375
19 0.2296875 0.746875 0.196875 0.1296875
19 0.77578125 0.64609375 0.15625 0.1078125