2 0.625 0.45546875 0.05859375 0.14765625
2 0.7703125 0.45625 0.05625 0.14375
2 0.5140625 0.48359375 0.06640625 0.14140625
2 0.3890625 0.49296875 0.0671875 0.1375
2 0.2296875 0.503125 0.06953125 0.1625
2 0.81171875 0.71328125 0.0640625 0.14921875
2 0.68359375 0.721875 0.05625 0.1578125
2 0.5609375 0.73984375 0.06171875 0.14140625
2 0.42421875 0.77421875 0.0671875 0.13984375
2 0.24765625 0.79453125 0.053125 0.12890625
2 0.6015625 0.19375 0.0578125 0.13671875
2 0.74921875 0.19765625 0.0703125 0.159375
2 0.47734375 0.21171875 0.06328125 0.14921875
2 0.34140625 0.21875 0.07109375 0.15859375
2 0.20078125 0.23125 0.06171875 0.1453125