91 0.5796875 0.23984375 0.0703125 0.14921875
91 0.4265625 0.23984375 0.07734375 0.190625
91 0.6890625 0.24609375 0.0578125 0.13359375
91 0.803125 0.24765625 0.053125 0.1265625
91 0.21171875 0.26640625 0.08046875 0.265625
91 0.77890625 0.42734375 0.053125 0.1109375
91 0.6953125 0.45390625 0.04609375 0.11796875
91 0.57890625 0.4671875 0.06640625 0.14765625
91 0.43203125 0.4953125 0.075 0.13984375
91 0.21953125 0.56640625 0.08515625 0.19375
91 0.778125 0.63359375 0.0546875 0.115625
91 0.6875 0.6625 0.05078125 0.11875
91 0.5765625 0.7 0.05078125 0.1265625
91 0.4328125 0.7625 0.06484375 0.1609375
91 0.234375 0.84921875 0.08984375 0.18984375