17 0.35390625 0.48828125 0.08828125 0.146875
17 0.8296875 0.49453125 0.10703125 0.1796875
17 0.69609375 0.49453125 0.0984375 0.16015625
17 0.16953125 0.49453125 0.10078125 0.17890625
17 0.5125 0.51484375 0.0984375 0.15390625
17 0.53515625 0.77109375 0.10546875 0.146875
17 0.69609375 0.77109375 0.09140625 0.146875
17 0.35234375 0.77265625 0.10390625 0.1515625
17 0.83359375 0.7828125 0.090625 0.1609375
17 0.17734375 0.78515625 0.09921875 0.15625
17 0.16875 0.17578125 0.10234375 0.1578125
17 0.3671875 0.18203125 0.10078125 0.15625
17 0.54453125 0.1984375 0.10625 0.1765625
17 0.6921875 0.21171875 0.0875 0.1578125
17 0.82734375 0.2140625 0.0921875 0.1640625