5 0.5359375 0.24375 0.0703125 0.153125
5 0.40703125 0.2453125 0.07421875 0.15078125
5 0.6546875 0.2484375 0.078125 0.1625
5 0.77578125 0.265625 0.0734375 0.17734375
5 0.6859375 0.50859375 0.075 0.159375
5 0.7953125 0.509375 0.06484375 0.1421875
5 0.559375 0.5171875 0.071875 0.153125
5 0.22734375 0.54140625 0.0859375 0.1640625
5 0.415625 0.55546875 0.08515625 0.18203125
5 0.80703125 0.73046875 0.0703125 0.1421875
5 0.67890625 0.73828125 0.08046875 0.13984375
5 0.5640625 0.75390625 0.084375 0.1359375
5 0.43359375 0.80546875 0.08828125 0.14140625
5 0.25546875 0.8328125 0.096875 0.1484375
5 0.225 0.2328125 0.08828125 0.18671875