6 0.7692307692307693 0.2512019230769231 0.07211538461538461 0.1466346153846154
6 0.6502403846153846 0.2548076923076923 0.06129807692307692 0.15504807692307693
6 0.49759615384615385 0.26802884615384615 0.07572115384615384 0.19110576923076922
6 0.34615384615384615 0.27283653846153844 0.06610576923076923 0.16706730769230768
6 0.19471153846153846 0.28365384615384615 0.07692307692307693 0.16706730769230768
6 0.7584134615384616 0.49158653846153844 0.07091346153846154 0.15264423076923078
6 0.6334134615384616 0.5072115384615384 0.06610576923076923 0.14182692307692307
6 0.4963942307692308 0.5120192307692307 0.06370192307692307 0.13942307692307693
6 0.3641826923076923 0.5288461538461539 0.0733173076923077 0.14543269230769232
6 0.22115384615384615 0.5420673076923077 0.07451923076923077 0.15625
6 0.7512019230769231 0.703125 0.057692307692307696 0.13701923076923078
6 0.6334134615384616 0.7175480769230769 0.06971153846153846 0.13942307692307693
6 0.5060096153846154 0.734375 0.06850961538461539 0.1346153846153846
6 0.3798076923076923 0.7512019230769231 0.07211538461538461 0.13221153846153846
6 0.23557692307692307 0.7584134615384616 0.0673076923076923 0.1310096153846154