72 0.7140625 0.24453125 0.10234375 0.10234375
72 0.546875 0.2484375 0.0890625 0.0953125
72 0.28515625 0.25859375 0.1 0.09296875
72 0.41484375 0.259375 0.08359375 0.0890625
72 0.13984375 0.265625 0.1125 0.11640625
72 0.1796875 0.53515625 0.0859375 0.109375
72 0.4796875 0.5375 0.07890625 0.1234375
72 0.62578125 0.53828125 0.08203125 0.11484375
72 0.33515625 0.5421875 0.09375 0.1140625
72 0.74375 0.54296875 0.08203125 0.1203125
72 0.190625 0.71328125 0.06640625 0.1265625
72 0.33515625 0.734375 0.090625 0.11171875
72 0.63359375 0.74609375 0.08203125 0.12109375
72 0.47109375 0.74921875 0.08984375 0.1265625
72 0.76484375 0.75234375 0.0765625 0.115625