23 0.40234375 0.24375 0.12578125 0.16171875
23 0.56328125 0.27734375 0.10078125 0.1625
23 0.69375 0.31953125 0.0828125 0.13828125
23 0.8046875 0.34609375 0.06171875 0.12578125
23 0.55546875 0.47421875 0.1140625 0.11875
23 0.41171875 0.47421875 0.1265625 0.1375
23 0.2109375 0.48203125 0.14453125 0.20078125
23 0.703125 0.4921875 0.09140625 0.09765625
23 0.80625 0.49296875 0.06953125 0.08515625
23 0.653125 0.68125 0.1015625 0.10859375
23 0.7671875 0.68359375 0.09140625 0.11015625
23 0.5296875 0.7 0.11484375 0.12265625
23 0.3796875 0.71328125 0.146875 0.13515625
23 0.18828125 0.74296875 0.1421875 0.171875
23 0.20546875 0.1984375 0.13828125 0.1984375