31 0.7640625 0.24140625 0.0796875 0.090625
31 0.16953125 0.421875 0.08046875 0.13671875
31 0.77265625 0.425 0.075 0.1109375
31 0.3375 0.42578125 0.07734375 0.12109375
31 0.49453125 0.4328125 0.07734375 0.10703125
31 0.63984375 0.4390625 0.0828125 0.11640625
31 0.13046875 0.6859375 0.0796875 0.13671875
31 0.48203125 0.69921875 0.0828125 0.13984375
31 0.77734375 0.7 0.08125 0.10859375
31 0.2921875 0.70625 0.078125 0.1359375
31 0.63203125 0.7078125 0.084375 0.12578125
31 0.225 0.20859375 0.0734375 0.1
31 0.3609375 0.21484375 0.0703125 0.09453125
31 0.50859375 0.22890625 0.08046875 0.10390625
31 0.64453125 0.23046875 0.0796875 0.1015625