20 0.7283653846153846 0.2620192307692308 0.09615384615384616 0.1466346153846154
20 0.9110576923076923 0.2620192307692308 0.08413461538461539 0.1466346153846154
20 0.5252403846153846 0.2692307692307692 0.09495192307692307 0.14783653846153846
20 0.3088942307692308 0.2764423076923077 0.10697115384615384 0.14302884615384615
20 0.09975961538461539 0.29086538461538464 0.12860576923076922 0.1466346153846154
20 0.7596153846153846 0.49278846153846156 0.09134615384615384 0.09375
20 0.5637019230769231 0.5 0.09615384615384616 0.09375
20 0.9206730769230769 0.5024038461538461 0.078125 0.1045673076923077
20 0.35216346153846156 0.515625 0.12139423076923077 0.11177884615384616
20 0.14903846153846154 0.5252403846153846 0.1201923076923077 0.10697115384615384
20 0.8954326923076923 0.6598557692307693 0.0673076923076923 0.09375
20 0.7512019230769231 0.6694711538461539 0.0733173076923077 0.09615384615384616
20 0.5769230769230769 0.6923076923076923 0.08052884615384616 0.09375
20 0.38341346153846156 0.7175480769230769 0.09375 0.0829326923076923
20 0.20552884615384615 0.7331730769230769 0.09975961538461539 0.10096153846153846