21 0.42427884615384615 0.40865384615384615 0.10817307692307693 0.1141826923076923
21 0.12980769230769232 0.40865384615384615 0.10697115384615384 0.14302884615384615
21 0.2668269230769231 0.41586538461538464 0.12259615384615384 0.125
21 0.5564903846153846 0.4170673076923077 0.11177884615384616 0.09975961538461539
21 0.7175480769230769 0.43509615384615385 0.1310096153846154 0.11538461538461539
21 0.4338942307692308 0.5721153846153846 0.11778846153846154 0.09254807692307693
21 0.5853365384615384 0.5757211538461539 0.13822115384615385 0.11057692307692307
21 0.7475961538461539 0.5829326923076923 0.10817307692307693 0.09615384615384616
21 0.27283653846153844 0.5889423076923077 0.12740384615384615 0.11177884615384616
21 0.11177884615384616 0.6033653846153846 0.1201923076923077 0.1466346153846154
21 0.4411057692307692 0.7896634615384616 0.140625 0.1201923076923077
21 0.7439903846153846 0.796875 0.12860576923076922 0.13701923076923078
21 0.59375 0.8028846153846154 0.13701923076923078 0.125
21 0.265625 0.8052884615384616 0.13942307692307693 0.12259615384615384
21 0.10216346153846154 0.8221153846153846 0.11899038461538461 0.15504807692307693