6 0.3401442307692308 0.23677884615384615 0.07692307692307693 0.17548076923076922
6 0.16947115384615385 0.24519230769230768 0.0829326923076923 0.18028846153846154
6 0.7932692307692307 0.4879807692307692 0.0733173076923077 0.15985576923076922
6 0.65625 0.5012019230769231 0.06610576923076923 0.15865384615384615
6 0.5048076923076923 0.5036057692307693 0.07572115384615384 0.16466346153846154
6 0.3545673076923077 0.5216346153846154 0.07932692307692307 0.1622596153846154
6 0.18269230769230768 0.5432692307692307 0.0889423076923077 0.1875
6 0.7944711538461539 0.7307692307692307 0.06971153846153846 0.1658653846153846
6 0.6634615384615384 0.7475961538461539 0.08173076923076923 0.1622596153846154
6 0.5120192307692307 0.7680288461538461 0.07932692307692307 0.16466346153846154
6 0.3581730769230769 0.8004807692307693 0.09615384615384616 0.16947115384615385
6 0.1875 0.8233173076923077 0.0733173076923077 0.14783653846153846
6 0.6754807692307693 0.21995192307692307 0.06490384615384616 0.1622596153846154
6 0.796875 0.2283653846153846 0.07091346153846154 0.16466346153846154
6 0.5096153846153846 0.234375 0.07572115384615384 0.19471153846153846