3 0.82109375 0.453125 0.08125 0.11875
3 0.69140625 0.4578125 0.09296875 0.11328125
3 0.56953125 0.47109375 0.07578125 0.13203125
3 0.42265625 0.48671875 0.09609375 0.14296875
3 0.1734375 0.5171875 0.10859375 0.16796875
3 0.8265625 0.6953125 0.078125 0.11796875
3 0.7203125 0.715625 0.08203125 0.12109375
3 0.59609375 0.74765625 0.09609375 0.11875
3 0.42265625 0.8078125 0.09921875 0.1265625
3 0.1828125 0.84296875 0.10703125 0.14140625
3 0.20390625 0.178125 0.140625 0.16484375
3 0.45859375 0.18671875 0.103125 0.13984375
3 0.63359375 0.1890625 0.0890625 0.1
3 0.7609375 0.20390625 0.06875 0.115625
3 0.853125 0.2171875 0.06328125 0.10859375