24 0.7828125 0.2515625 0.1015625 0.1375
24 0.6171875 0.25859375 0.11328125 0.13125
24 0.4296875 0.26640625 0.1 0.1375
24 0.26328125 0.271875 0.12109375 0.128125
24 0.0921875 0.2765625 0.1109375 0.1328125
24 0.77265625 0.403125 0.10234375 0.0984375
24 0.61875 0.41484375 0.1078125 0.0984375
24 0.45859375 0.42578125 0.08359375 0.09453125
24 0.31796875 0.43125 0.10546875 0.103125
24 0.1640625 0.44375 0.1140625 0.10390625
24 0.75078125 0.53515625 0.1015625 0.0953125
24 0.609375 0.540625 0.1015625 0.0875
24 0.47578125 0.5546875 0.09765625 0.0859375
24 0.35703125 0.57421875 0.1 0.08515625
24 0.22265625 0.590625 0.10546875 0.08515625