7 0.5453125 0.6203125 0.146875 0.078125
7 0.54296875 0.76953125 0.15 0.08125
7 0.53984375 0.18359375 0.165625 0.090625
7 0.5375 0.3265625 0.1375 0.0828125
7 0.52734375 0.459375 0.140625 0.0703125
7 0.290625 0.78671875 0.146875 0.0859375
7 0.28125 0.62734375 0.15625 0.078125
7 0.27421875 0.18046875 0.165625 0.0875
7 0.26953125 0.4703125 0.15625 0.08125
7 0.26484375 0.32734375 0.15625 0.0921875
7 0.81796875 0.7734375 0.159375 0.0765625
7 0.815625 0.196875 0.128125 0.071875
7 0.81484375 0.60703125 0.1578125 0.0765625
7 0.8140625 0.4765625 0.15 0.0828125
7 0.809375 0.33046875 0.1578125 0.0625