11 0.25546875 0.21015625 0.15625 0.0921875
11 0.25859375 0.5390625 0.1578125 0.1046875
11 0.2609375 0.3734375 0.1640625 0.09375
11 0.26171875 0.7015625 0.15625 0.09375
11 0.2671875 0.8625 0.171875 0.1109375
11 0.5078125 0.190625 0.1375 0.078125
11 0.51015625 0.3546875 0.1484375 0.0921875
11 0.5125 0.509375 0.14375 0.09375
11 0.5171875 0.675 0.1375 0.09375
11 0.5203125 0.8515625 0.1546875 0.09375
11 0.7390625 0.190625 0.1125 0.0625
11 0.74140625 0.33515625 0.1265625 0.0890625
11 0.7421875 0.496875 0.140625 0.0875
11 0.7453125 0.64921875 0.1375 0.09375
11 0.76484375 0.834375 0.1484375 0.1109375