24 0.6634615384615384 0.41466346153846156 0.06610576923076923 0.13701923076923078
24 0.7632211538461539 0.4170673076923077 0.05889423076923077 0.13942307692307693
24 0.5588942307692307 0.4362980769230769 0.08173076923076923 0.15625
24 0.41466346153846156 0.4675480769230769 0.09254807692307693 0.15504807692307693
24 0.23557692307692307 0.5 0.10697115384615384 0.17668269230769232
24 0.7836538461538461 0.5973557692307693 0.057692307692307696 0.13701923076923078
24 0.6959134615384616 0.6117788461538461 0.06610576923076923 0.1310096153846154
24 0.5733173076923077 0.6622596153846154 0.078125 0.15745192307692307
24 0.4423076923076923 0.7235576923076923 0.12379807692307693 0.17427884615384615
24 0.265625 0.7860576923076923 0.12620192307692307 0.21875
24 0.234375 0.203125 0.12259615384615384 0.1971153846153846
24 0.546875 0.21634615384615385 0.07211538461538461 0.15144230769230768
24 0.41586538461538464 0.21875 0.10697115384615384 0.16706730769230768
24 0.6418269230769231 0.22115384615384615 0.0673076923076923 0.13221153846153846
24 0.7319711538461539 0.23317307692307693 0.06490384615384616 0.12860576923076922