16 0.8171875 0.34921875 0.1125 0.1359375
16 0.659375 0.359375 0.11875 0.14375
16 0.49765625 0.36953125 0.1296875 0.146875
16 0.32265625 0.37578125 0.15 0.140625
16 0.1734375 0.3796875 0.1203125 0.1421875
16 0.89375 0.55546875 0.09375 0.125
16 0.73203125 0.559375 0.1171875 0.121875
16 0.584375 0.57109375 0.103125 0.121875
16 0.43984375 0.5875 0.10625 0.125
16 0.25703125 0.59453125 0.128125 0.1453125
16 0.8796875 0.74140625 0.084375 0.1
16 0.7546875 0.74453125 0.103125 0.1140625
16 0.609375 0.759375 0.121875 0.109375
16 0.4390625 0.77578125 0.1203125 0.115625
16 0.27109375 0.78828125 0.11875 0.1125