22 0.8617788461538461 0.30649038461538464 0.11298076923076923 0.11778846153846154
22 0.6802884615384616 0.32091346153846156 0.1141826923076923 0.1310096153846154
22 0.48677884615384615 0.33533653846153844 0.10096153846153846 0.12860576923076922
22 0.30649038461538464 0.3485576923076923 0.1310096153846154 0.13221153846153846
22 0.11177884615384616 0.3557692307692308 0.12139423076923077 0.12620192307692307
22 0.8004807692307693 0.5324519230769231 0.08413461538461539 0.09615384615384616
22 0.6502403846153846 0.5384615384615384 0.08533653846153846 0.0985576923076923
22 0.47836538461538464 0.5625 0.09254807692307693 0.11177884615384616
22 0.32091346153846156 0.5733173076923077 0.10817307692307693 0.11177884615384616
22 0.16466346153846154 0.5973557692307693 0.1045673076923077 0.11778846153846154
22 0.7728365384615384 0.6658653846153846 0.06610576923076923 0.08173076923076923
22 0.6418269230769231 0.6983173076923077 0.08774038461538461 0.08052884615384616
22 0.4795673076923077 0.7283653846153846 0.09254807692307693 0.078125
22 0.3401442307692308 0.7536057692307693 0.08173076923076923 0.07572115384615384
22 0.20673076923076922 0.7728365384615384 0.07211538461538461 0.07451923076923077