10 0.28671875 0.31171875 0.115625 0.103125
10 0.28984375 0.48984375 0.11875 0.115625
10 0.31484375 0.64140625 0.10625 0.065625
10 0.3359375 0.74296875 0.115625 0.075
10 0.35390625 0.8484375 0.128125 0.065625
10 0.51640625 0.27578125 0.1625 0.1203125
10 0.5265625 0.45859375 0.134375 0.1
10 0.5359375 0.6015625 0.115625 0.0875
10 0.5578125 0.72890625 0.121875 0.075
10 0.5703125 0.834375 0.11875 0.059375
10 0.73203125 0.57734375 0.1265625 0.084375
10 0.73359375 0.41796875 0.134375 0.090625
10 0.7375 0.25078125 0.1421875 0.0875
10 0.74765625 0.6953125 0.125 0.0890625
10 0.75703125 0.809375 0.1359375 0.0640625