4 0.27109375 0.2359375 0.09140625 0.15859375
4 0.7546875 0.41640625 0.0484375 0.10625
4 0.66640625 0.44609375 0.05234375 0.11796875
4 0.57421875 0.4625 0.05859375 0.1265625
4 0.45 0.49296875 0.07578125 0.14453125
4 0.284375 0.5375 0.1046875 0.19140625
4 0.7421875 0.61796875 0.0421875 0.090625
4 0.67421875 0.6421875 0.04296875 0.0984375
4 0.578125 0.69375 0.053125 0.1125
4 0.45546875 0.75 0.06953125 0.1171875
4 0.28828125 0.8265625 0.08828125 0.16796875
4 0.55859375 0.21171875 0.0671875 0.11640625
4 0.671875 0.21875 0.05859375 0.1171875
4 0.75859375 0.22265625 0.0515625 0.11640625
4 0.44609375 0.23125 0.0703125 0.13671875