17 0.11171875 0.31171875 0.10546875 0.14609375
17 0.28046875 0.3203125 0.10390625 0.13203125
17 0.45078125 0.32734375 0.10234375 0.11796875
17 0.60546875 0.32890625 0.10390625 0.1296875
17 0.759375 0.32890625 0.115625 0.1296875
17 0.13671875 0.5703125 0.078125 0.1328125
17 0.28671875 0.57421875 0.0921875 0.121875
17 0.61796875 0.57578125 0.0875 0.1296875
17 0.44609375 0.58046875 0.0890625 0.1140625
17 0.7765625 0.5890625 0.08984375 0.1265625
17 0.45625 0.759375 0.0953125 0.10546875
17 0.1546875 0.76015625 0.07109375 0.1078125
17 0.30078125 0.76171875 0.084375 0.12421875
17 0.609375 0.76796875 0.0796875 0.1078125
17 0.7734375 0.7796875 0.0984375 0.09453125