89 0.78203125 0.28515625 0.11484375 0.1359375
89 0.5953125 0.290625 0.1046875 0.13203125
89 0.4515625 0.29453125 0.10078125 0.12734375
89 0.2890625 0.3125 0.10390625 0.15859375
89 0.13046875 0.3171875 0.0734375 0.16171875
89 0.621875 0.496875 0.11015625 0.121875
89 0.79140625 0.51171875 0.12421875 0.12265625
89 0.4734375 0.52421875 0.12734375 0.115625
89 0.321875 0.54609375 0.1171875 0.12109375
89 0.1578125 0.5671875 0.1125 0.13984375
89 0.8125 0.68671875 0.128125 0.115625
89 0.64453125 0.70078125 0.14375 0.125
89 0.4734375 0.71484375 0.13046875 0.115625
89 0.346875 0.73046875 0.11640625 0.14609375
89 0.19296875 0.75234375 0.109375 0.12421875