34 0.57578125 0.25 0.0734375 0.14140625
34 0.70390625 0.26640625 0.06171875 0.14140625
34 0.8 0.27265625 0.0625 0.12109375
34 0.83515625 0.48203125 0.065625 0.11484375
34 0.74375 0.49453125 0.059375 0.1078125
34 0.22734375 0.51484375 0.096875 0.1953125
34 0.65234375 0.5171875 0.0609375 0.11953125
34 0.5265625 0.5421875 0.07578125 0.1328125
34 0.76640625 0.71484375 0.05859375 0.10078125
34 0.6765625 0.7296875 0.06328125 0.1078125
34 0.54296875 0.7609375 0.07421875 0.121875
34 0.41015625 0.778125 0.0734375 0.1359375
34 0.21484375 0.80078125 0.0859375 0.159375
34 0.24375 0.196875 0.1015625 0.15703125
34 0.434375 0.21953125 0.0796875 0.15625