115 0.84140625 0.325 0.14765625 0.134375
115 0.653125 0.32578125 0.1359375 0.1296875
115 0.46328125 0.33671875 0.125 0.1296875
115 0.27265625 0.34609375 0.11640625 0.115625
115 0.08828125 0.365625 0.12890625 0.14375
115 0.790625 0.528125 0.1171875 0.10859375
115 0.62421875 0.5390625 0.1 0.10234375
115 0.47734375 0.540625 0.096875 0.1015625
115 0.31796875 0.5609375 0.096875 0.10390625
115 0.1625 0.575 0.1078125 0.1015625
115 0.74921875 0.675 0.115625 0.08203125
115 0.596875 0.6875 0.0859375 0.08359375
115 0.4828125 0.69140625 0.0921875 0.08671875
115 0.3484375 0.709375 0.08984375 0.08515625
115 0.20390625 0.73515625 0.09375 0.0859375