26 0.6421875 0.29609375 0.06484375 0.1203125
26 0.49375 0.303125 0.07109375 0.125
26 0.75546875 0.30625 0.065625 0.1453125
26 0.3359375 0.30703125 0.0703125 0.12421875
26 0.17265625 0.3328125 0.065625 0.16015625
26 0.7921875 0.51640625 0.05546875 0.1546875
26 0.634375 0.51953125 0.05703125 0.13359375
26 0.5046875 0.53203125 0.071875 0.15390625
26 0.325 0.5421875 0.05859375 0.14140625
26 0.175 0.59375 0.08046875 0.19296875
26 0.8015625 0.75 0.05859375 0.1578125
26 0.6359375 0.78828125 0.05625 0.1875
26 0.49765625 0.79140625 0.0546875 0.16953125
26 0.3328125 0.81640625 0.0640625 0.16796875
26 0.165625 0.83984375 0.08046875 0.17421875