32 0.80390625 0.240625 0.06328125 0.1265625
32 0.8171875 0.4609375 0.0703125 0.1296875
32 0.71328125 0.47265625 0.06953125 0.12109375
32 0.1546875 0.4734375 0.10234375 0.16484375
32 0.57109375 0.48203125 0.08515625 0.13984375
32 0.303125 0.49375 0.08203125 0.14375
32 0.790625 0.70546875 0.07890625 0.13046875
32 0.66875 0.7375 0.07890625 0.13125
32 0.48984375 0.79609375 0.0921875 0.14140625
32 0.3109375 0.80703125 0.09609375 0.153125
32 0.125 0.8234375 0.09296875 0.1625
32 0.25390625 0.16953125 0.09296875 0.16328125
32 0.41640625 0.1984375 0.07890625 0.14609375
32 0.71640625 0.228125 0.06875 0.125
32 0.57890625 0.228125 0.07265625 0.13984375