19 0.45390625 0.434375 0.121875 0.1109375
19 0.4671875 0.22734375 0.165625 0.1453125
19 0.47265625 0.60078125 0.1484375 0.0875
19 0.47578125 0.73515625 0.1265625 0.0734375
19 0.4859375 0.8640625 0.1328125 0.09375
19 0.790625 0.84765625 0.115625 0.078125
19 0.81640625 0.70234375 0.13125 0.0953125
19 0.82265625 0.5578125 0.134375 0.10625
19 0.8390625 0.3921875 0.15625 0.109375
19 0.8625 0.2234375 0.15625 0.1
19 0.13828125 0.2390625 0.1765625 0.128125
19 0.17109375 0.45390625 0.1625 0.1203125
19 0.18359375 0.6296875 0.13125 0.096875
19 0.20078125 0.7609375 0.11875 0.0765625
19 0.21875 0.8765625 0.1125 0.0734375