1 0.75546875 0.2046875 0.1109375 0.071875
1 0.74921875 0.38125 0.125 0.0671875
1 0.74453125 0.53125 0.11875 0.090625
1 0.73671875 0.68828125 0.125 0.0859375
1 0.728125 0.82421875 0.1390625 0.103125
1 0.575 0.16640625 0.11875 0.0828125
1 0.55625 0.3515625 0.128125 0.075
1 0.55078125 0.53671875 0.14375 0.0703125
1 0.55 0.68359375 0.140625 0.096875
1 0.54296875 0.828125 0.128125 0.10625
1 0.328125 0.91484375 0.14375 0.1265625
1 0.328125 0.10078125 0.18125 0.11875
1 0.31171875 0.53046875 0.1625 0.084375
1 0.309375 0.33125 0.15625 0.09375
1 0.30703125 0.7203125 0.15 0.109375