15 0.6081730769230769 0.2620192307692308 0.109375 0.140625
15 0.47716346153846156 0.2800480769230769 0.08774038461538461 0.12980769230769232
15 0.36538461538461536 0.28966346153846156 0.07572115384615384 0.11298076923076923
15 0.25961538461538464 0.29927884615384615 0.06490384615384616 0.11778846153846154
15 0.16826923076923078 0.30288461538461536 0.056490384615384616 0.12139423076923077
15 0.16826923076923078 0.5264423076923077 0.04567307692307692 0.12860576923076922
15 0.25600961538461536 0.5324519230769231 0.06129807692307692 0.11778846153846154
15 0.3629807692307692 0.5444711538461539 0.06971153846153846 0.13221153846153846
15 0.5 0.5444711538461539 0.07572115384615384 0.15144230769230768
15 0.6514423076923077 0.5733173076923077 0.0985576923076923 0.1658653846153846
15 0.171875 0.7115384615384616 0.046875 0.1141826923076923
15 0.25961538461538464 0.7283653846153846 0.055288461538461536 0.14182692307692307
15 0.3713942307692308 0.75 0.078125 0.1346153846153846
15 0.5 0.7848557692307693 0.07572115384615384 0.14182692307692307
15 0.6706730769230769 0.8449519230769231 0.1141826923076923 0.15745192307692307