21 0.47716346153846156 0.29927884615384615 0.14182692307692307 0.15144230769230768
21 0.10576923076923077 0.3016826923076923 0.13221153846153846 0.17307692307692307
21 0.2920673076923077 0.3016826923076923 0.15144230769230768 0.14182692307692307
21 0.6622596153846154 0.3173076923076923 0.1310096153846154 0.15384615384615385
21 0.8497596153846154 0.32091346153846156 0.11538461538461539 0.1502403846153846
21 0.8605769230769231 0.49759615384615385 0.1201923076923077 0.10096153846153846
21 0.6875 0.5108173076923077 0.14182692307692307 0.10216346153846154
21 0.4855769230769231 0.5120192307692307 0.14783653846153846 0.1141826923076923
21 0.32091346153846156 0.5240384615384616 0.14182692307692307 0.12860576923076922
21 0.13822115384615385 0.5384615384615384 0.13341346153846154 0.171875
21 0.6274038461538461 0.7199519230769231 0.14783653846153846 0.125
21 0.46875 0.7307692307692307 0.13942307692307693 0.125
21 0.3076923076923077 0.7319711538461539 0.1466346153846154 0.11177884615384616
21 0.8004807692307693 0.7319711538461539 0.14423076923076922 0.1310096153846154
21 0.14423076923076922 0.7475961538461539 0.11899038461538461 0.12259615384615384