9 0.465625 0.8796875 0.18125 0.084375
9 0.471875 0.7125 0.19375 0.090625
9 0.4796875 0.56171875 0.228125 0.109375
9 0.48125 0.40390625 0.203125 0.10625
9 0.490625 0.2171875 0.1984375 0.125
9 0.7859375 0.2125 0.2375 0.109375
9 0.796875 0.71171875 0.2375 0.1
9 0.80078125 0.3828125 0.253125 0.0921875
9 0.8015625 0.54453125 0.259375 0.09375
9 0.80390625 0.89921875 0.2359375 0.1046875
9 0.190625 0.57734375 0.178125 0.08125
9 0.19140625 0.73828125 0.175 0.0890625
9 0.19375 0.88984375 0.1703125 0.0890625
9 0.19453125 0.4171875 0.1765625 0.090625
9 0.21328125 0.24453125 0.1953125 0.103125