14 0.30546875 0.25546875 0.05625 0.10390625
14 0.1703125 0.25703125 0.0640625 0.1046875
14 0.675 0.26328125 0.08359375 0.1234375
14 0.4234375 0.2671875 0.0609375 0.115625
14 0.54765625 0.2703125 0.06640625 0.12109375
14 0.14453125 0.45625 0.0625 0.146875
14 0.29453125 0.4640625 0.09375 0.134375
14 0.4421875 0.46484375 0.078125 0.11328125
14 0.71328125 0.46875 0.090625 0.1140625
14 0.5703125 0.47265625 0.07890625 0.12109375
14 0.75546875 0.7015625 0.10078125 0.13671875
14 0.59375 0.70390625 0.08984375 0.14375
14 0.15078125 0.70546875 0.0875 0.15859375
14 0.29140625 0.7125 0.08125 0.13515625
14 0.4328125 0.7140625 0.0828125 0.13984375