8 0.515625 0.38341346153846156 0.06971153846153846 0.12980769230769232
8 0.6526442307692307 0.38461538461538464 0.07572115384615384 0.13221153846153846
8 0.1622596153846154 0.3894230769230769 0.09134615384615384 0.16105769230769232
8 0.7848557692307693 0.390625 0.078125 0.1346153846153846
8 0.35336538461538464 0.39663461538461536 0.08413461538461539 0.16105769230769232
8 0.1201923076923077 0.6766826923076923 0.07932692307692307 0.17067307692307693
8 0.6622596153846154 0.6875 0.07692307692307693 0.14423076923076922
8 0.8064903846153846 0.6887019230769231 0.07572115384615384 0.1466346153846154
8 0.5084134615384616 0.6923076923076923 0.0733173076923077 0.14182692307692307
8 0.3233173076923077 0.6995192307692307 0.08052884615384616 0.14423076923076922
8 0.20072115384615385 0.125 0.07932692307692307 0.14182692307692307
8 0.3581730769230769 0.13221153846153846 0.07572115384615384 0.12259615384615384
8 0.5120192307692307 0.13701923076923078 0.07692307692307693 0.140625
8 0.640625 0.15264423076923078 0.08052884615384616 0.12139423076923077
8 0.7692307692307693 0.16947115384615385 0.06850961538461539 0.12139423076923077