23 0.4265625 0.240625 0.08359375 0.128125
23 0.29765625 0.25078125 0.0765625 0.1296875
23 0.16484375 0.259375 0.08359375 0.11640625
23 0.6984375 0.47109375 0.10234375 0.13671875
23 0.3 0.49375 0.0890625 0.13984375
23 0.4296875 0.4953125 0.09609375 0.13046875
23 0.565625 0.4953125 0.08515625 0.1140625
23 0.1828125 0.49921875 0.07578125 0.1390625
23 0.19453125 0.7109375 0.075 0.13671875
23 0.3125 0.72265625 0.08828125 0.12734375
23 0.434375 0.72734375 0.09140625 0.125
23 0.56796875 0.73359375 0.09921875 0.134375
23 0.70546875 0.73984375 0.1046875 0.14921875
23 0.703125 0.21484375 0.10546875 0.1828125
23 0.559375 0.22578125 0.10078125 0.14921875