22 0.15546875 0.24609375 0.0875 0.115625
22 0.58984375 0.40625 0.084375 0.11875
22 0.4515625 0.4109375 0.08125 0.128125
22 0.76171875 0.41328125 0.09375 0.134375
22 0.303125 0.43125 0.078125 0.13125
22 0.13671875 0.43984375 0.0984375 0.15
22 0.790625 0.64765625 0.096875 0.15625
22 0.471875 0.64921875 0.078125 0.1375
22 0.615625 0.65078125 0.0890625 0.15625
22 0.2953125 0.671875 0.0875 0.146875
22 0.1046875 0.69140625 0.090625 0.159375
22 0.58203125 0.221875 0.0859375 0.1140625
22 0.45 0.225 0.09375 0.11875
22 0.3 0.23203125 0.0859375 0.109375
22 0.73203125 0.23203125 0.1 0.128125