19 0.765625 0.45703125 0.0921875 0.11171875
19 0.62890625 0.46015625 0.08046875 0.128125
19 0.49921875 0.47421875 0.08515625 0.12265625
19 0.3671875 0.47890625 0.06640625 0.128125
19 0.23359375 0.48203125 0.0671875 0.125
19 0.78125 0.725 0.09609375 0.15546875
19 0.63125 0.72890625 0.0859375 0.15234375
19 0.49140625 0.73046875 0.07421875 0.1328125
19 0.184375 0.74765625 0.07109375 0.14375
19 0.334375 0.75078125 0.0734375 0.15390625
19 0.62734375 0.21015625 0.06328125 0.10390625
19 0.5171875 0.21796875 0.0625 0.1
19 0.7375 0.21796875 0.06875 0.11875
19 0.40859375 0.21796875 0.06328125 0.11015625
19 0.2921875 0.22890625 0.0671875 0.11875