17 0.77734375 0.42890625 0.0625 0.11796875
17 0.6703125 0.4375 0.06484375 0.125
17 0.56171875 0.44765625 0.07734375 0.13671875
17 0.21328125 0.44921875 0.10703125 0.17265625
17 0.4109375 0.45703125 0.0890625 0.15
17 0.80078125 0.66171875 0.071875 0.13125
17 0.703125 0.68515625 0.084375 0.1265625
17 0.58046875 0.709375 0.0828125 0.1421875
17 0.42421875 0.73828125 0.09609375 0.14375
17 0.21875 0.7671875 0.10703125 0.17734375
17 0.21015625 0.14296875 0.08984375 0.1484375
17 0.39453125 0.17265625 0.09296875 0.1515625
17 0.5453125 0.1859375 0.07421875 0.1375
17 0.65703125 0.19609375 0.0625 0.13203125
17 0.75859375 0.21796875 0.0609375 0.1296875