0 0.18203125 0.25234375 0.075 0.1546875
0 0.7828125 0.44609375 0.071875 0.128125
0 0.64296875 0.44609375 0.071875 0.13125
0 0.49296875 0.4625 0.071875 0.1296875
0 0.34453125 0.4859375 0.0640625 0.1421875
0 0.20859375 0.503125 0.08125 0.153125
0 0.7765625 0.66953125 0.0625 0.1328125
0 0.640625 0.678125 0.065625 0.140625
0 0.50078125 0.6875 0.06875 0.1328125
0 0.3578125 0.71796875 0.0609375 0.1328125
0 0.2375 0.74609375 0.084375 0.1671875
0 0.6328125 0.2125 0.0671875 0.140625
0 0.771875 0.21484375 0.0640625 0.146875
0 0.475 0.22109375 0.0703125 0.15625
0 0.32578125 0.23359375 0.0796875 0.1453125