3 0.36177884615384615 0.27884615384615385 0.0625 0.15865384615384615
3 0.15144230769230768 0.28846153846153844 0.0733173076923077 0.15865384615384615
3 0.5372596153846154 0.29447115384615385 0.07091346153846154 0.1658653846153846
3 0.7355769230769231 0.30288461538461536 0.06610576923076923 0.16706730769230768
3 0.8990384615384616 0.32211538461538464 0.06850961538461539 0.1935096153846154
3 0.5600961538461539 0.5564903846153846 0.0625 0.15745192307692307
3 0.17668269230769232 0.5588942307692307 0.07451923076923077 0.15625
3 0.390625 0.5600961538461539 0.06370192307692307 0.14903846153846154
3 0.7415865384615384 0.5817307692307693 0.06370192307692307 0.13822115384615385
3 0.9110576923076923 0.5925480769230769 0.0673076923076923 0.15384615384615385
3 0.5697115384615384 0.8257211538461539 0.054086538461538464 0.1310096153846154
3 0.41346153846153844 0.8329326923076923 0.056490384615384616 0.1310096153846154
3 0.7247596153846154 0.8341346153846154 0.05889423076923077 0.14543269230769232
3 0.8605769230769231 0.8353365384615384 0.055288461538461536 0.1310096153846154
3 0.203125 0.84375 0.056490384615384616 0.13581730769230768