1 0.8161057692307693 0.4338942307692308 0.06370192307692307 0.07572115384615384
1 0.7103365384615384 0.43509615384615385 0.08173076923076923 0.07932692307692307
1 0.5637019230769231 0.4362980769230769 0.10216346153846154 0.07692307692307693
1 0.390625 0.46033653846153844 0.1045673076923077 0.09615384615384616
1 0.1658653846153846 0.49278846153846156 0.11899038461538461 0.1045673076923077
1 0.8305288461538461 0.6394230769230769 0.06129807692307692 0.0673076923076923
1 0.7283653846153846 0.6514423076923077 0.07451923076923077 0.09134615384615384
1 0.5793269230769231 0.6887019230769231 0.09615384615384616 0.09014423076923077
1 0.39663461538461536 0.7295673076923077 0.09375 0.0889423076923077
1 0.21514423076923078 0.7704326923076923 0.09014423076923077 0.09495192307692307
1 0.140625 0.17548076923076922 0.11177884615384616 0.09495192307692307
1 0.35216346153846156 0.18389423076923078 0.12139423076923077 0.09735576923076923
1 0.5516826923076923 0.18629807692307693 0.09495192307692307 0.07572115384615384
1 0.6899038461538461 0.1935096153846154 0.07572115384615384 0.06971153846153846
1 0.8125 0.21875 0.07692307692307693 0.09735576923076923