69 0.5328125 0.29296875 0.08828125 0.11875
69 0.70390625 0.29609375 0.084375 0.1203125
69 0.8671875 0.29921875 0.07734375 0.1265625
69 0.38125 0.3125 0.0859375 0.12265625
69 0.19375 0.32421875 0.103125 0.1359375
69 0.828125 0.49296875 0.07734375 0.1
69 0.68125 0.51015625 0.06796875 0.09921875
69 0.553125 0.51171875 0.07578125 0.096875
69 0.40078125 0.52265625 0.08125 0.115625
69 0.2328125 0.53828125 0.09296875 0.12265625
69 0.78125 0.65859375 0.05703125 0.08125
69 0.68125 0.66484375 0.0578125 0.0765625
69 0.5515625 0.6828125 0.06171875 0.08515625
69 0.41875 0.6953125 0.07109375 0.0828125
69 0.2609375 0.70703125 0.0765625 0.0984375