21 0.828125 0.246875 0.1015625 0.15859375
21 0.65859375 0.2546875 0.09375 0.1546875
21 0.48125 0.25703125 0.1203125 0.14609375
21 0.29296875 0.27265625 0.11875 0.14453125
21 0.09453125 0.27734375 0.13125 0.16953125
21 0.8140625 0.47421875 0.1125 0.1609375
21 0.64296875 0.48359375 0.1015625 0.1609375
21 0.45546875 0.5 0.121875 0.1421875
21 0.27265625 0.521875 0.11328125 0.1390625
21 0.08984375 0.5390625 0.10390625 0.17734375
21 0.821875 0.68671875 0.1 0.134375
21 0.6640625 0.7015625 0.1125 0.13515625
21 0.471875 0.72578125 0.12421875 0.146875
21 0.28671875 0.74140625 0.11953125 0.1453125
21 0.0921875 0.75859375 0.0984375 0.175