22 0.4296875 0.27421875 0.08125 0.11875
22 0.275 0.2796875 0.0828125 0.1203125
22 0.60390625 0.28125 0.07578125 0.115625
22 0.10703125 0.28515625 0.0828125 0.12265625
22 0.784375 0.29453125 0.0734375 0.1078125
22 0.2921875 0.53828125 0.0890625 0.125
22 0.4671875 0.54453125 0.078125 0.11796875
22 0.62890625 0.5484375 0.0765625 0.12109375
22 0.13828125 0.55546875 0.07734375 0.12578125
22 0.79765625 0.55546875 0.06875 0.1171875
22 0.784375 0.76015625 0.06796875 0.11171875
22 0.64375 0.76484375 0.0640625 0.10625
22 0.484375 0.77265625 0.08515625 0.1171875
22 0.2890625 0.775 0.0640625 0.1234375
22 0.15234375 0.79140625 0.06640625 0.0984375