25 0.703125 0.43990384615384615 0.078125 0.16826923076923078
25 0.8221153846153846 0.4423076923076923 0.07211538461538461 0.171875
25 0.5817307692307693 0.4423076923076923 0.08533653846153846 0.19230769230769232
25 0.25 0.4495192307692308 0.10216346153846154 0.23197115384615385
25 0.4182692307692308 0.45072115384615385 0.11177884615384616 0.2091346153846154
25 0.8557692307692307 0.7127403846153846 0.07211538461538461 0.20552884615384615
25 0.75 0.7331730769230769 0.07211538461538461 0.20793269230769232
25 0.6370192307692307 0.7451923076923077 0.07692307692307693 0.21754807692307693
25 0.47716346153846156 0.7584134615384616 0.08774038461538461 0.22115384615384615
25 0.3004807692307692 0.7920673076923077 0.08052884615384616 0.203125
25 0.19591346153846154 0.14302884615384615 0.11057692307692307 0.20432692307692307
25 0.3701923076923077 0.14302884615384615 0.10817307692307693 0.1814903846153846
25 0.5252403846153846 0.14903846153846154 0.09254807692307693 0.18870192307692307
25 0.6586538461538461 0.16466346153846154 0.06971153846153846 0.16947115384615385
25 0.7788461538461539 0.18509615384615385 0.0673076923076923 0.171875