34 0.66875 0.26328125 0.09296875 0.134375
34 0.52265625 0.2828125 0.08359375 0.13203125
34 0.3953125 0.3015625 0.071875 0.12109375
34 0.28203125 0.30859375 0.07578125 0.12578125
34 0.18046875 0.3203125 0.0703125 0.11328125
34 0.72109375 0.52578125 0.09609375 0.125
34 0.58125 0.52734375 0.0734375 0.1359375
34 0.46953125 0.54140625 0.0734375 0.13125
34 0.16171875 0.54375 0.06484375 0.13046875
34 0.25 0.55703125 0.0671875 0.11953125
34 0.43125 0.7328125 0.07734375 0.109375
34 0.58359375 0.73671875 0.08515625 0.10625
34 0.278125 0.73671875 0.075 0.1171875
34 0.18671875 0.7375 0.0625 0.09765625
34 0.7390625 0.74609375 0.08828125 0.10625