7 0.24609375 0.80078125 0.1375 0.0546875
7 0.26484375 0.8859375 0.134375 0.053125
7 0.5078125 0.5640625 0.153125 0.096875
7 0.5171875 0.390625 0.1875 0.109375
7 0.51796875 0.703125 0.1359375 0.06875
7 0.5234375 0.8078125 0.128125 0.0578125
7 0.53828125 0.89375 0.1375 0.053125
7 0.7453125 0.88671875 0.1421875 0.0609375
7 0.759375 0.80625 0.146875 0.065625
7 0.784375 0.70234375 0.1609375 0.071875
7 0.79921875 0.56875 0.1765625 0.084375
7 0.83359375 0.4109375 0.184375 0.1
7 0.171875 0.3828125 0.196875 0.1171875
7 0.1859375 0.55390625 0.1828125 0.0953125
7 0.2296875 0.70859375 0.171875 0.0765625