4 0.5264423076923077 0.24278846153846154 0.07572115384615384 0.12139423076923077
4 0.328125 0.25240384615384615 0.09014423076923077 0.11298076923076923
4 0.17427884615384615 0.26322115384615385 0.08653846153846154 0.11538461538461539
4 0.7175480769230769 0.49038461538461536 0.09254807692307693 0.09975961538461539
4 0.8569711538461539 0.49278846153846156 0.08173076923076923 0.10817307692307693
4 0.5360576923076923 0.5 0.09615384615384616 0.11298076923076923
4 0.19230769230769232 0.5144230769230769 0.08413461538461539 0.13701923076923078
4 0.3762019230769231 0.5168269230769231 0.09495192307692307 0.109375
4 0.828125 0.7572115384615384 0.0829326923076923 0.12860576923076922
4 0.6838942307692307 0.7632211538461539 0.0889423076923077 0.12379807692307693
4 0.5408653846153846 0.7776442307692307 0.08413461538461539 0.11778846153846154
4 0.35096153846153844 0.7992788461538461 0.08052884615384616 0.12860576923076922
4 0.19471153846153846 0.8245192307692307 0.08533653846153846 0.11177884615384616
4 0.8341346153846154 0.2247596153846154 0.09134615384615384 0.11298076923076923
4 0.7019230769230769 0.23076923076923078 0.08533653846153846 0.11778846153846154