9 0.81796875 0.240625 0.0671875 0.13671875
9 0.6515625 0.48203125 0.0734375 0.13984375
9 0.52890625 0.49140625 0.0703125 0.14375
9 0.7890625 0.49609375 0.06953125 0.1203125
9 0.38671875 0.496875 0.08046875 0.1453125
9 0.23671875 0.49921875 0.08359375 0.16953125
9 0.77265625 0.69765625 0.07109375 0.15078125
9 0.6390625 0.71953125 0.06953125 0.14375
9 0.5171875 0.7453125 0.065625 0.15703125
9 0.38203125 0.784375 0.0703125 0.15078125
9 0.22421875 0.80859375 0.08359375 0.1515625
9 0.246875 0.1671875 0.0828125 0.159375
9 0.428125 0.1859375 0.07734375 0.16796875
9 0.5796875 0.20390625 0.0703125 0.1390625
9 0.70859375 0.225 0.07109375 0.15703125