24 0.1765625 0.29765625 0.10078125 0.1328125
24 0.371875 0.2984375 0.0890625 0.11171875
24 0.65 0.30390625 0.08828125 0.13125
24 0.5140625 0.315625 0.07421875 0.13046875
24 0.7875 0.31796875 0.08046875 0.12578125
24 0.75859375 0.51328125 0.071875 0.11640625
24 0.653125 0.52265625 0.0734375 0.1265625
24 0.546875 0.540625 0.0796875 0.11015625
24 0.340625 0.54140625 0.0859375 0.1078125
24 0.2046875 0.54296875 0.09453125 0.1203125
24 0.69921875 0.68515625 0.0734375 0.1078125
24 0.590625 0.69765625 0.07421875 0.10859375
24 0.48828125 0.71640625 0.08515625 0.11328125
24 0.3546875 0.72734375 0.075 0.10234375
24 0.23515625 0.74765625 0.0875 0.11875