26 0.6484375 0.44609375 0.06640625 0.15234375
26 0.7796875 0.44921875 0.078125 0.14921875
26 0.159375 0.45859375 0.0703125 0.1578125
26 0.50859375 0.45859375 0.0734375 0.153125
26 0.296875 0.46484375 0.07421875 0.15625
26 0.7578125 0.71640625 0.084375 0.184375
26 0.46328125 0.7203125 0.07421875 0.17265625
26 0.621875 0.72421875 0.08046875 0.1765625
26 0.28515625 0.73671875 0.071875 0.1734375
26 0.1375 0.75 0.071875 0.18125
26 0.71875 0.19140625 0.07265625 0.14140625
26 0.57578125 0.19609375 0.08046875 0.146875
26 0.178125 0.196875 0.075 0.1671875
26 0.42578125 0.20078125 0.06796875 0.1421875
26 0.31875 0.20546875 0.0703125 0.15078125