14 0.88359375 0.32421875 0.103125 0.128125
14 0.68984375 0.3359375 0.1 0.1203125
14 0.4859375 0.35078125 0.103125 0.121875
14 0.30703125 0.3671875 0.09375 0.10625
14 0.12734375 0.37890625 0.10625 0.125
14 0.81484375 0.53828125 0.075 0.0921875
14 0.64609375 0.5609375 0.0875 0.0953125
14 0.478125 0.5828125 0.075 0.096875
14 0.33203125 0.609375 0.084375 0.090625
14 0.1859375 0.6203125 0.084375 0.090625
14 0.7796875 0.6890625 0.071875 0.078125
14 0.6375 0.6984375 0.0734375 0.08125
14 0.48203125 0.7265625 0.06875 0.078125
14 0.34609375 0.74765625 0.08125 0.08125
14 0.21640625 0.77734375 0.071875 0.0703125