23 0.8015625 0.44140625 0.0625 0.1
23 0.7109375 0.44765625 0.06875 0.1078125
23 0.6125 0.45 0.078125 0.13125
23 0.47265625 0.47421875 0.09375 0.159375
23 0.27734375 0.4953125 0.1296875 0.184375
23 0.8171875 0.7640625 0.06875 0.134375
23 0.72109375 0.7796875 0.08125 0.1515625
23 0.6109375 0.80234375 0.0984375 0.1484375
23 0.46875 0.81953125 0.1 0.1359375
23 0.26796875 0.84921875 0.1375 0.1828125
23 0.2578125 0.1125 0.18125 0.18125
23 0.47109375 0.13984375 0.1390625 0.15625
23 0.6140625 0.15 0.096875 0.1296875
23 0.72109375 0.171875 0.0703125 0.115625
23 0.81015625 0.203125 0.059375 0.103125