11 0.21875 0.24158653846153846 0.10096153846153846 0.14783653846153846
11 0.7103365384615384 0.24278846153846154 0.08533653846153846 0.14543269230769232
11 0.578125 0.24519230769230768 0.08173076923076923 0.14182692307692307
11 0.828125 0.2620192307692308 0.09014423076923077 0.15144230769230768
11 0.5480769230769231 0.5108173076923077 0.07692307692307693 0.1502403846153846
11 0.6899038461538461 0.5144230769230769 0.09615384615384616 0.13701923076923078
11 0.8257211538461539 0.5192307692307693 0.0829326923076923 0.14423076923076922
11 0.19230769230769232 0.5276442307692307 0.09375 0.16947115384615385
11 0.4206730769230769 0.5288461538461539 0.0673076923076923 0.125
11 0.5276442307692307 0.7632211538461539 0.09254807692307693 0.15504807692307693
11 0.6646634615384616 0.7632211538461539 0.08413461538461539 0.12740384615384615
11 0.7944711538461539 0.765625 0.09134615384615384 0.16105769230769232
11 0.16466346153846154 0.7728365384615384 0.0889423076923077 0.1658653846153846
11 0.3629807692307692 0.7776442307692307 0.08052884615384616 0.12740384615384615
11 0.40625 0.234375 0.08774038461538461 0.14903846153846154