20 0.31875 0.2375 0.0703125 0.12109375
20 0.18984375 0.2390625 0.07421875 0.125
20 0.45 0.24375 0.06484375 0.134375
20 0.58359375 0.25078125 0.07734375 0.128125
20 0.7265625 0.26015625 0.08828125 0.14296875
20 0.17109375 0.44921875 0.075 0.14921875
20 0.3265625 0.4546875 0.071875 0.1609375
20 0.60078125 0.4625 0.0953125 0.15703125
20 0.459375 0.4640625 0.09140625 0.18359375
20 0.76796875 0.46640625 0.11171875 0.1640625
20 0.80078125 0.7328125 0.1140625 0.23125
20 0.30703125 0.7453125 0.0859375 0.23203125
20 0.63125 0.74765625 0.096875 0.2421875
20 0.475 0.75234375 0.0828125 0.2515625
20 0.11171875 0.75390625 0.10859375 0.23046875