23 0.171875 0.25703125 0.10390625 0.1375
23 0.2953125 0.2625 0.10859375 0.14140625
23 0.44140625 0.28203125 0.1125 0.13828125
23 0.603125 0.29296875 0.0953125 0.12890625
23 0.73828125 0.30234375 0.08984375 0.14375
23 0.1859375 0.51875 0.0984375 0.1328125
23 0.58046875 0.52109375 0.10234375 0.125
23 0.31015625 0.52265625 0.0984375 0.12265625
23 0.4359375 0.52421875 0.10703125 0.11640625
23 0.71640625 0.52578125 0.10390625 0.11328125
23 0.440625 0.70859375 0.08984375 0.10859375
23 0.19765625 0.709375 0.1 0.115625
23 0.5703125 0.7140625 0.09140625 0.10703125
23 0.71015625 0.71484375 0.0953125 0.1015625
23 0.3203125 0.71640625 0.0921875 0.1046875