21 0.821875 0.28359375 0.09140625 0.17109375
21 0.4609375 0.2875 0.1078125 0.1640625
21 0.65234375 0.2890625 0.1171875 0.171875
21 0.2578125 0.29375 0.10859375 0.18203125
21 0.1046875 0.2953125 0.10859375 0.20390625
21 0.8734375 0.53046875 0.09609375 0.15625
21 0.29453125 0.53203125 0.11484375 0.1453125
21 0.4578125 0.5328125 0.12421875 0.14140625
21 0.67734375 0.540625 0.125 0.14765625
21 0.1234375 0.5484375 0.11484375 0.15
21 0.53515625 0.71796875 0.12265625 0.12578125
21 0.3453125 0.72109375 0.11328125 0.11796875
21 0.7234375 0.725 0.11328125 0.12578125
21 0.15078125 0.73359375 0.128125 0.134375
21 0.890625 0.73828125 0.09453125 0.125