4 0.78828125 0.253125 0.084375 0.1640625
4 0.30859375 0.25703125 0.09296875 0.14921875
4 0.4828125 0.26328125 0.0859375 0.16015625
4 0.63046875 0.265625 0.090625 0.18203125
4 0.1203125 0.26796875 0.09296875 0.165625
4 0.78046875 0.57109375 0.071875 0.128125
4 0.64296875 0.5734375 0.0828125 0.13515625
4 0.49140625 0.58046875 0.08046875 0.14375
4 0.3171875 0.5828125 0.084375 0.13046875
4 0.15546875 0.584375 0.0859375 0.128125
4 0.19765625 0.8234375 0.0859375 0.125
4 0.34375 0.83125 0.07578125 0.1140625
4 0.75859375 0.83125 0.07109375 0.1171875
4 0.48671875 0.8359375 0.071875 0.1265625
4 0.6171875 0.8375 0.07109375 0.11953125