25 0.75546875 0.72109375 0.1625 0.109375
25 0.75234375 0.53828125 0.159375 0.1
25 0.7515625 0.859375 0.14375 0.09375
25 0.73203125 0.33203125 0.1625 0.11875
25 0.715625 0.1375 0.178125 0.14375
25 0.50234375 0.79765625 0.1046875 0.084375
25 0.4921875 0.65625 0.103125 0.115625
25 0.4640625 0.50234375 0.115625 0.1125
25 0.43515625 0.3375 0.1296875 0.096875
25 0.40078125 0.16796875 0.14375 0.096875
25 0.278125 0.79140625 0.10625 0.109375
25 0.25859375 0.6515625 0.0890625 0.0796875
25 0.22578125 0.5078125 0.103125 0.096875
25 0.20078125 0.3828125 0.1140625 0.096875
25 0.17421875 0.20546875 0.1015625 0.103125