11 0.5757211538461539 0.46634615384615385 0.0889423076923077 0.16105769230769232
11 0.20072115384615385 0.46875 0.10576923076923077 0.1935096153846154
11 0.7115384615384616 0.4735576923076923 0.078125 0.14182692307692307
11 0.43509615384615385 0.47596153846153844 0.09134615384615384 0.14903846153846154
11 0.8161057692307693 0.4879807692307692 0.07572115384615384 0.15144230769230768
11 0.8161057692307693 0.7319711538461539 0.07091346153846154 0.15384615384615385
11 0.7103365384615384 0.7391826923076923 0.0733173076923077 0.13942307692307693
11 0.5853365384615384 0.7668269230769231 0.07572115384615384 0.15144230769230768
11 0.421875 0.8052884615384616 0.08774038461538461 0.16466346153846154
11 0.20793269230769232 0.8365384615384616 0.08653846153846154 0.18870192307692307
11 0.20793269230769232 0.18870192307692307 0.09134615384615384 0.16105769230769232
11 0.453125 0.19831730769230768 0.09375 0.1502403846153846
11 0.5961538461538461 0.203125 0.0889423076923077 0.15144230769230768
11 0.7211538461538461 0.20552884615384615 0.078125 0.13942307692307693
11 0.8185096153846154 0.22956730769230768 0.078125 0.15625