2 0.44921875 0.815625 0.16875 0.075
2 0.45703125 0.73046875 0.1640625 0.06875
2 0.4578125 0.62109375 0.184375 0.075
2 0.47734375 0.47421875 0.228125 0.1078125
2 0.5 0.2953125 0.25 0.11875
2 0.66015625 0.8171875 0.1421875 0.065625
2 0.6828125 0.73671875 0.153125 0.053125
2 0.7203125 0.63984375 0.16875 0.08125
2 0.77734375 0.48671875 0.209375 0.1359375
2 0.834375 0.30546875 0.221875 0.0921875
2 0.15 0.31875 0.2 0.1046875
2 0.17265625 0.47890625 0.178125 0.096875
2 0.19453125 0.6125 0.1625 0.075
2 0.2109375 0.7203125 0.1390625 0.05625
2 0.23359375 0.809375 0.140625 0.0703125