21 0.715625 0.2359375 0.103125 0.1546875
21 0.534375 0.240625 0.11015625 0.1640625
21 0.8328125 0.240625 0.07890625 0.1640625
21 0.16171875 0.2609375 0.115625 0.19453125
21 0.33515625 0.26171875 0.11953125 0.2046875
21 0.82265625 0.5109375 0.0875 0.14609375
21 0.7046875 0.5203125 0.09453125 0.1546875
21 0.528125 0.52578125 0.09140625 0.146875
21 0.16171875 0.52734375 0.10703125 0.1734375
21 0.353125 0.5390625 0.10625 0.1546875
21 0.8078125 0.74609375 0.075 0.1359375
21 0.68125 0.75546875 0.1015625 0.14453125
21 0.51484375 0.75703125 0.09609375 0.1375
21 0.353125 0.7609375 0.09765625 0.13671875
21 0.1703125 0.7703125 0.11015625 0.1515625