91 0.728125 0.240625 0.059375 0.1109375
91 0.596875 0.2421875 0.06484375 0.11484375
91 0.47265625 0.2484375 0.05625 0.12109375
91 0.365625 0.26015625 0.05625 0.11328125
91 0.25234375 0.26953125 0.053125 0.125
91 0.72734375 0.45234375 0.0546875 0.125
91 0.471875 0.4578125 0.05546875 0.128125
91 0.6 0.4625 0.06171875 0.1265625
91 0.3515625 0.49140625 0.05859375 0.13203125
91 0.2359375 0.503125 0.05703125 0.13984375
91 0.7203125 0.63203125 0.0515625 0.134375
91 0.60625 0.6515625 0.0546875 0.15625
91 0.47734375 0.665625 0.05234375 0.146875
91 0.35625 0.70234375 0.0515625 0.15234375
91 0.22578125 0.7125 0.053125 0.1359375