2 0.71875 0.3918269230769231 0.06009615384615385 0.14783653846153846
2 0.8461538461538461 0.3942307692307692 0.055288461538461536 0.14302884615384615
2 0.5564903846153846 0.4050480769230769 0.0625 0.16346153846153846
2 0.4110576923076923 0.42427884615384615 0.06850961538461539 0.18028846153846154
2 0.24759615384615385 0.4495192307692308 0.08413461538461539 0.20192307692307693
2 0.8449519230769231 0.6370192307692307 0.057692307692307696 0.15745192307692307
2 0.7127403846153846 0.6682692307692307 0.057692307692307696 0.15504807692307693
2 0.5649038461538461 0.7175480769230769 0.06850961538461539 0.171875
2 0.42427884615384615 0.7512019230769231 0.06610576923076923 0.15985576923076922
2 0.26802884615384615 0.7752403846153846 0.07692307692307693 0.17908653846153846
2 0.5685096153846154 0.09014423076923077 0.0733173076923077 0.15985576923076922
2 0.41586538461538464 0.09134615384615384 0.0733173076923077 0.16826923076923078
2 0.234375 0.0985576923076923 0.08533653846153846 0.1814903846153846
2 0.7151442307692307 0.109375 0.06850961538461539 0.14302884615384615
2 0.8401442307692307 0.12379807692307693 0.054086538461538464 0.13822115384615385