31 0.784375 0.25 0.053125 0.1078125
31 0.23359375 0.3890625 0.10859375 0.15625
31 0.44609375 0.41015625 0.0828125 0.1328125
31 0.57734375 0.428125 0.06640625 0.13125
31 0.7890625 0.43359375 0.05078125 0.0984375
31 0.696875 0.44296875 0.05390625 0.11328125
31 0.8 0.65546875 0.0515625 0.0953125
31 0.71328125 0.68984375 0.0625 0.1125
31 0.5921875 0.709375 0.07421875 0.11953125
31 0.4625 0.74140625 0.0796875 0.11171875
31 0.265625 0.815625 0.10625 0.15625
31 0.225 0.12265625 0.08828125 0.1546875
31 0.4359375 0.1625 0.07578125 0.15
31 0.55859375 0.18359375 0.0734375 0.13515625
31 0.6796875 0.22109375 0.06875 0.11171875