7 0.6911057692307693 0.32572115384615385 0.10336538461538461 0.13701923076923078
7 0.5264423076923077 0.328125 0.08653846153846154 0.13701923076923078
7 0.3942307692307692 0.33052884615384615 0.08052884615384616 0.1502403846153846
7 0.25721153846153844 0.33774038461538464 0.07451923076923077 0.13822115384615385
7 0.13221153846153846 0.34134615384615385 0.06490384615384616 0.125
7 0.5252403846153846 0.5480769230769231 0.0889423076923077 0.14423076923076922
7 0.39903846153846156 0.5516826923076923 0.06971153846153846 0.14783653846153846
7 0.265625 0.5612980769230769 0.08052884615384616 0.14302884615384615
7 0.125 0.5637019230769231 0.07572115384615384 0.15144230769230768
7 0.7007211538461539 0.5769230769230769 0.09975961538461539 0.1814903846153846
7 0.11899038461538461 0.7451923076923077 0.078125 0.1466346153846154
7 0.2548076923076923 0.7560096153846154 0.07091346153846154 0.13581730769230768
7 0.39302884615384615 0.7584134615384616 0.08653846153846154 0.1502403846153846
7 0.5216346153846154 0.7704326923076923 0.0889423076923077 0.15985576923076922
7 0.7043269230769231 0.8112980769230769 0.11177884615384616 0.16706730769230768