16 0.625 0.27734375 0.1015625 0.1625
16 0.82890625 0.28203125 0.0890625 0.1640625
16 0.4359375 0.2921875 0.07578125 0.16484375
16 0.2671875 0.30078125 0.10234375 0.1671875
16 0.103125 0.31640625 0.084375 0.1703125
16 0.65234375 0.51796875 0.0921875 0.178125
16 0.109375 0.52890625 0.096875 0.17578125
16 0.47890625 0.53125 0.08828125 0.18125
16 0.28046875 0.54296875 0.08984375 0.22265625
16 0.85859375 0.54765625 0.1203125 0.21328125
16 0.10546875 0.75078125 0.07265625 0.16796875
16 0.48125 0.76484375 0.08515625 0.16328125
16 0.2734375 0.7671875 0.07890625 0.15390625
16 0.66640625 0.76875 0.0890625 0.16640625
16 0.84921875 0.77578125 0.096875 0.1859375