1 0.7271634615384616 0.24158653846153846 0.10336538461538461 0.09254807692307693
1 0.5733173076923077 0.24278846153846154 0.1141826923076923 0.09495192307692307
1 0.1778846153846154 0.2439903846153846 0.10096153846153846 0.09615384615384616
1 0.8605769230769231 0.24639423076923078 0.0733173076923077 0.08173076923076923
1 0.39783653846153844 0.24639423076923078 0.11177884615384616 0.0829326923076923
1 0.8798076923076923 0.4699519230769231 0.08173076923076923 0.078125
1 0.7319711538461539 0.4735576923076923 0.08533653846153846 0.08533653846153846
1 0.5709134615384616 0.49158653846153844 0.09615384615384616 0.07692307692307693
1 0.39903846153846156 0.5036057692307693 0.07692307692307693 0.06850961538461539
1 0.1814903846153846 0.5192307692307693 0.07572115384615384 0.08774038461538461
1 0.8846153846153846 0.6971153846153846 0.08774038461538461 0.07932692307692307
1 0.7487980769230769 0.7043269230769231 0.09375 0.08413461538461539
1 0.5829326923076923 0.7355769230769231 0.08533653846153846 0.07091346153846154
1 0.4074519230769231 0.7644230769230769 0.09254807692307693 0.0829326923076923
1 0.1778846153846154 0.7764423076923077 0.08774038461538461 0.07211538461538461