11 0.6189903846153846 0.24278846153846154 0.07572115384615384 0.13221153846153846
11 0.7512019230769231 0.24639423076923078 0.08413461538461539 0.13822115384615385
11 0.5036057692307693 0.25240384615384615 0.07451923076923077 0.12620192307692307
11 0.3918269230769231 0.2548076923076923 0.06971153846153846 0.13581730769230768
11 0.2608173076923077 0.2608173076923077 0.06490384615384616 0.1201923076923077
11 0.5168269230769231 0.47475961538461536 0.0733173076923077 0.13942307692307693
11 0.21875 0.47836538461538464 0.06850961538461539 0.14302884615384615
11 0.375 0.48197115384615385 0.07211538461538461 0.15625
11 0.6466346153846154 0.484375 0.08413461538461539 0.15865384615384615
11 0.7728365384615384 0.484375 0.08533653846153846 0.1346153846153846
11 0.19230769230769232 0.6911057692307693 0.07932692307692307 0.1814903846153846
11 0.5012019230769231 0.703125 0.07692307692307693 0.14903846153846154
11 0.35336538461538464 0.7103365384615384 0.0829326923076923 0.1622596153846154
11 0.6538461538461539 0.7151442307692307 0.07932692307692307 0.15985576923076922
11 0.7740384615384616 0.7319711538461539 0.09495192307692307 0.16826923076923078