30 0.71796875 0.31640625 0.1359375 0.1515625
30 0.3390625 0.31640625 0.13359375 0.14765625
30 0.5375 0.3203125 0.13828125 0.16953125
30 0.90859375 0.3265625 0.11640625 0.153125
30 0.11796875 0.32890625 0.15 0.1578125
30 0.13828125 0.59921875 0.1171875 0.1515625
30 0.3484375 0.6109375 0.12109375 0.140625
30 0.8625 0.61171875 0.1203125 0.134375
30 0.7 0.61484375 0.11015625 0.12265625
30 0.5234375 0.625 0.115625 0.16171875
30 0.3578125 0.825 0.08984375 0.11015625
30 0.18203125 0.828125 0.08671875 0.11171875
30 0.7015625 0.83671875 0.11796875 0.10546875
30 0.5234375 0.84765625 0.10390625 0.1171875
30 0.88046875 0.853125 0.1109375 0.1140625