2 0.37109375 0.27109375 0.0953125 0.17421875
2 0.25546875 0.2953125 0.08671875 0.14140625
2 0.1640625 0.32109375 0.0765625 0.153125
2 0.5140625 0.49765625 0.11484375 0.184375
2 0.68125 0.5 0.1109375 0.2171875
2 0.1625 0.50859375 0.05859375 0.14453125
2 0.246875 0.5140625 0.06953125 0.14765625
2 0.36328125 0.5203125 0.096875 0.16875
2 0.15390625 0.71171875 0.05859375 0.1375
2 0.234375 0.73671875 0.071875 0.15859375
2 0.3515625 0.75234375 0.09453125 0.18046875
2 0.52421875 0.78671875 0.1328125 0.18359375
2 0.7234375 0.846875 0.128125 0.24765625
2 0.6578125 0.215625 0.13203125 0.2140625
2 0.5125 0.228125 0.10625 0.19609375