1 0.52265625 0.50625 0.0625 0.153125
1 0.63671875 0.50625 0.065625 0.15625
1 0.14609375 0.5078125 0.0671875 0.13828125
1 0.3921875 0.5109375 0.06640625 0.15390625
1 0.27578125 0.51640625 0.059375 0.1515625
1 0.51328125 0.709375 0.0703125 0.11171875
1 0.6234375 0.71484375 0.07578125 0.13515625
1 0.39140625 0.72578125 0.0703125 0.13828125
1 0.2734375 0.7296875 0.06484375 0.1421875
1 0.17265625 0.73203125 0.07265625 0.153125
1 0.66484375 0.196875 0.08046875 0.20234375
1 0.52578125 0.19921875 0.0734375 0.17578125
1 0.3828125 0.20703125 0.0734375 0.15859375
1 0.25625 0.22578125 0.05390625 0.15859375
1 0.11171875 0.228125 0.06875 0.17734375