11 0.37265625 0.2375 0.06328125 0.15859375
11 0.22578125 0.24453125 0.07265625 0.1671875
11 0.775 0.50234375 0.06484375 0.1609375
11 0.37109375 0.5140625 0.06328125 0.16640625
11 0.63203125 0.51875 0.07265625 0.15
11 0.49921875 0.52109375 0.05625 0.153125
11 0.22578125 0.5328125 0.06484375 0.1515625
11 0.76796875 0.7375 0.06171875 0.13125
11 0.48828125 0.75703125 0.0671875 0.12890625
11 0.6375 0.75703125 0.0703125 0.14375
11 0.365625 0.77890625 0.06328125 0.14296875
11 0.23671875 0.784375 0.06796875 0.1453125
11 0.778125 0.21484375 0.0640625 0.13203125
11 0.50078125 0.21953125 0.059375 0.14609375
11 0.64140625 0.22265625 0.06328125 0.12421875