11 0.83984375 0.4703125 0.06484375 0.1609375
11 0.715625 0.490625 0.078125 0.15
11 0.58359375 0.49453125 0.06875 0.1640625
11 0.44453125 0.509375 0.071875 0.18671875
11 0.26953125 0.546875 0.07890625 0.17578125
11 0.8421875 0.7109375 0.06171875 0.13125
11 0.72421875 0.74140625 0.07578125 0.14921875
11 0.578125 0.7640625 0.07890625 0.1421875
11 0.44609375 0.81328125 0.06875 0.15625
11 0.2875 0.84765625 0.08515625 0.18125
11 0.57421875 0.1703125 0.07265625 0.1609375
11 0.2515625 0.171875 0.090625 0.203125
11 0.44140625 0.17265625 0.0734375 0.1828125
11 0.715625 0.17734375 0.0734375 0.12421875
11 0.8359375 0.18125 0.0640625 0.13203125