32 0.42109375 0.2390625 0.06796875 0.15234375
32 0.56328125 0.24609375 0.07578125 0.1484375
32 0.14140625 0.49453125 0.05859375 0.1640625
32 0.26484375 0.51484375 0.06875 0.1390625
32 0.4484375 0.53125 0.0796875 0.15234375
32 0.59765625 0.5390625 0.07421875 0.13984375
32 0.7453125 0.5421875 0.0875 0.15625
32 0.16171875 0.71015625 0.05078125 0.125
32 0.28828125 0.72890625 0.06328125 0.125
32 0.4390625 0.74609375 0.071875 0.1359375
32 0.60078125 0.77421875 0.08828125 0.1296875
32 0.75859375 0.7921875 0.0890625 0.13828125
32 0.2703125 0.21640625 0.06875 0.14453125
32 0.134375 0.21640625 0.06328125 0.14453125
32 0.72578125 0.228125 0.09140625 0.1734375