28 0.165625 0.3390625 0.08203125 0.16328125
28 0.43515625 0.34140625 0.0765625 0.14765625
28 0.28515625 0.34140625 0.08046875 0.153125
28 0.59453125 0.3484375 0.075 0.1546875
28 0.74765625 0.35625 0.07421875 0.14375
28 0.3046875 0.58125 0.08203125 0.1265625
28 0.19375 0.58359375 0.08515625 0.13671875
28 0.44296875 0.58984375 0.075 0.12890625
28 0.5734375 0.590625 0.06953125 0.1265625
28 0.71484375 0.59453125 0.08046875 0.115625
28 0.2171875 0.76953125 0.0734375 0.1265625
28 0.55703125 0.7734375 0.05703125 0.1046875
28 0.3234375 0.7734375 0.0640625 0.1078125
28 0.68125 0.778125 0.0671875 0.1171875
28 0.446875 0.78125 0.06796875 0.11484375