22 0.7046875 0.240625 0.06328125 0.1265625
22 0.8046875 0.25546875 0.06171875 0.11875
22 0.69921875 0.47578125 0.0734375 0.1265625
22 0.80078125 0.47734375 0.0640625 0.11171875
22 0.2265625 0.478125 0.10234375 0.17421875
22 0.5734375 0.48046875 0.0828125 0.1359375
22 0.42734375 0.48203125 0.090625 0.16328125
22 0.80078125 0.70546875 0.0578125 0.12421875
22 0.69765625 0.7265625 0.08046875 0.13359375
22 0.56875 0.7578125 0.0875 0.13125
22 0.415625 0.790625 0.09140625 0.14453125
22 0.2390625 0.821875 0.09140625 0.1734375
22 0.215625 0.16484375 0.0984375 0.15390625
22 0.43984375 0.19921875 0.0875 0.1375
22 0.58515625 0.21484375 0.06328125 0.13203125