21 0.74296875 0.85703125 0.13125 0.1140625
21 0.7390625 0.65703125 0.1640625 0.11875
21 0.72109375 0.465625 0.184375 0.115625
21 0.71875 0.27578125 0.1625 0.1140625
21 0.70859375 0.0984375 0.1796875 0.096875
21 0.44921875 0.81953125 0.146875 0.1
21 0.44609375 0.65625 0.1546875 0.1
21 0.43125 0.49296875 0.1515625 0.0953125
21 0.42265625 0.30546875 0.15 0.0828125
21 0.41171875 0.13203125 0.178125 0.0875
21 0.20859375 0.79140625 0.1203125 0.0734375
21 0.1984375 0.63984375 0.121875 0.0859375
21 0.18828125 0.48984375 0.125 0.0734375
21 0.16015625 0.33125 0.128125 0.084375
21 0.14140625 0.196875 0.134375 0.0796875