7 0.296875 0.30703125 0.090625 0.15625
7 0.6328125 0.309375 0.10625 0.15
7 0.15 0.31015625 0.1 0.171875
7 0.803125 0.31875 0.09375 0.165625
7 0.43671875 0.31875 0.096875 0.184375
7 0.609375 0.58515625 0.1015625 0.1375
7 0.778125 0.58828125 0.09375 0.1390625
7 0.4453125 0.59453125 0.09375 0.11875
7 0.30234375 0.60078125 0.090625 0.13125
7 0.159375 0.6203125 0.10625 0.1375
7 0.6015625 0.81328125 0.0828125 0.1234375
7 0.7453125 0.81328125 0.08125 0.115625
7 0.190625 0.821875 0.109375 0.1359375
7 0.31484375 0.82578125 0.0984375 0.125
7 0.453125 0.82578125 0.0921875 0.13125