4 0.75859375 0.45703125 0.165625 0.084375
4 0.71640625 0.60546875 0.1609375 0.071875
4 0.6890625 0.7203125 0.121875 0.059375
4 0.64453125 0.81796875 0.1265625 0.0609375
4 0.48046875 0.7203125 0.125 0.0515625
4 0.4796875 0.61484375 0.1359375 0.065625
4 0.46953125 0.81640625 0.121875 0.046875
4 0.45703125 0.45625 0.165625 0.0875
4 0.45703125 0.2640625 0.18125 0.1171875
4 0.290625 0.8078125 0.11875 0.04375
4 0.28046875 0.73203125 0.125 0.05
4 0.23046875 0.6125 0.13125 0.0625
4 0.178125 0.4640625 0.165625 0.084375
4 0.1296875 0.28984375 0.18125 0.11875
4 0.78828125 0.26875 0.203125 0.109375