10 0.16346153846153846 0.41466346153846156 0.07572115384615384 0.15384615384615385
10 0.29927884615384615 0.4170673076923077 0.07692307692307693 0.13701923076923078
10 0.5913461538461539 0.43149038461538464 0.0733173076923077 0.13942307692307693
10 0.44591346153846156 0.4338942307692308 0.07211538461538461 0.13942307692307693
10 0.7728365384615384 0.44711538461538464 0.0733173076923077 0.1502403846153846
10 0.5793269230769231 0.7007211538461539 0.08052884615384616 0.15625
10 0.4266826923076923 0.703125 0.07451923076923077 0.1658653846153846
10 0.7764423076923077 0.7043269230769231 0.08173076923076923 0.16346153846153846
10 0.10697115384615384 0.7079326923076923 0.08052884615384616 0.15625
10 0.265625 0.7151442307692307 0.06850961538461539 0.15264423076923078
10 0.21033653846153846 0.1658653846153846 0.0733173076923077 0.12139423076923077
10 0.3557692307692308 0.16706730769230768 0.07932692307692307 0.1346153846153846
10 0.5012019230769231 0.17427884615384615 0.07091346153846154 0.12259615384615384
10 0.6526442307692307 0.18870192307692307 0.078125 0.1310096153846154
10 0.7872596153846154 0.20072115384615385 0.07932692307692307 0.12980769230769232