23 0.30703125 0.34453125 0.1703125 0.13125
23 0.31171875 0.1765625 0.16875 0.11875
23 0.3234375 0.528125 0.1671875 0.134375
23 0.325 0.69375 0.1640625 0.1375
23 0.3359375 0.88203125 0.175 0.171875
23 0.57578125 0.20078125 0.1453125 0.121875
23 0.5875 0.37890625 0.14375 0.11875
23 0.58828125 0.67109375 0.14375 0.1234375
23 0.59140625 0.84609375 0.146875 0.1375
23 0.59296875 0.525 0.1484375 0.109375
23 0.77734375 0.20234375 0.1265625 0.0875
23 0.7890625 0.3609375 0.140625 0.1125
23 0.79375 0.51875 0.13125 0.096875
23 0.80390625 0.6453125 0.128125 0.10625
23 0.82734375 0.80703125 0.121875 0.1390625