1 0.23359375 0.2375 0.0703125 0.15859375
1 0.38984375 0.2421875 0.06875 0.14921875
1 0.81875 0.51796875 0.065625 0.140625
1 0.5375 0.521875 0.0640625 0.14375
1 0.684375 0.5265625 0.0671875 0.13828125
1 0.40703125 0.5421875 0.07109375 0.15625
1 0.24609375 0.5484375 0.0640625 0.15859375
1 0.55859375 0.765625 0.0609375 0.1421875
1 0.7 0.76875 0.0640625 0.14765625
1 0.825 0.76875 0.0671875 0.14765625
1 0.41875 0.7921875 0.0625 0.13828125
1 0.24453125 0.81171875 0.06328125 0.1296875
1 0.81015625 0.22265625 0.06171875 0.16171875
1 0.67890625 0.22578125 0.075 0.159375
1 0.534375 0.23203125 0.07578125 0.14296875