13 0.453125 0.43671875 0.1109375 0.18984375
13 0.2734375 0.44140625 0.1109375 0.16171875
13 0.61796875 0.44921875 0.115625 0.20546875
13 0.12734375 0.45078125 0.12265625 0.16171875
13 0.778125 0.4625 0.13125 0.21328125
13 0.14921875 0.69765625 0.10703125 0.165625
13 0.4671875 0.709375 0.11015625 0.1796875
13 0.625 0.71328125 0.11875 0.17265625
13 0.28828125 0.7171875 0.10625 0.1671875
13 0.79765625 0.74609375 0.12578125 0.1921875
13 0.61875 0.16953125 0.10234375 0.1921875
13 0.27734375 0.18125 0.1296875 0.17734375
13 0.44921875 0.18125 0.109375 0.19609375
13 0.790625 0.18125 0.10703125 0.1921875
13 0.1265625 0.19453125 0.11484375 0.18046875