3 0.72421875 0.45546875 0.0671875 0.1203125
3 0.61015625 0.46484375 0.0625 0.128125
3 0.49140625 0.47890625 0.0625 0.13125
3 0.22734375 0.4921875 0.0953125 0.13125
3 0.3625 0.49296875 0.0765625 0.1421875
3 0.73203125 0.640625 0.065625 0.125
3 0.62265625 0.646875 0.0625 0.121875
3 0.503125 0.659375 0.0609375 0.1125
3 0.38984375 0.66015625 0.0703125 0.103125
3 0.24609375 0.6609375 0.06875 0.109375
3 0.50625 0.7890625 0.0609375 0.096875
3 0.62265625 0.79140625 0.0578125 0.103125
3 0.71875 0.8015625 0.05 0.103125
3 0.3875 0.80234375 0.0515625 0.1
3 0.26015625 0.80546875 0.06875 0.08125