18 0.5078125 0.240625 0.08203125 0.1640625
18 0.37890625 0.26328125 0.06796875 0.14453125
18 0.278125 0.2890625 0.0578125 0.134375
18 0.19296875 0.30859375 0.053125 0.121875
18 0.48828125 0.49609375 0.0953125 0.14921875
18 0.68203125 0.50859375 0.1109375 0.16953125
18 0.34609375 0.509375 0.06640625 0.13828125
18 0.1734375 0.5109375 0.0453125 0.12109375
18 0.24453125 0.515625 0.0609375 0.13671875
18 0.15703125 0.6921875 0.0484375 0.14609375
18 0.23046875 0.7109375 0.05 0.15390625
18 0.33828125 0.728125 0.06484375 0.1796875
18 0.4640625 0.74453125 0.08203125 0.19296875
18 0.66328125 0.77109375 0.10703125 0.2328125
18 0.6734375 0.2109375 0.1125 0.1765625