12 0.765625 0.27578125 0.071875 0.13125
12 0.35234375 0.28359375 0.08203125 0.1421875
12 0.62265625 0.28515625 0.06875 0.13515625
12 0.18671875 0.2890625 0.0828125 0.171875
12 0.5015625 0.29765625 0.06953125 0.128125
12 0.76328125 0.59765625 0.0671875 0.10625
12 0.6421875 0.6 0.06484375 0.11171875
12 0.50625 0.6265625 0.07109375 0.10390625
12 0.36796875 0.646875 0.0671875 0.096875
12 0.2234375 0.6546875 0.07109375 0.1078125
12 0.7578125 0.7828125 0.05625 0.10078125
12 0.65390625 0.79765625 0.05703125 0.1015625
12 0.521875 0.8078125 0.06796875 0.1078125
12 0.40078125 0.83828125 0.06171875 0.10703125
12 0.2375 0.8578125 0.06796875 0.10078125