5 0.578125 0.80703125 0.13125 0.0515625
5 0.57265625 0.68359375 0.153125 0.065625
5 0.5546875 0.559375 0.159375 0.0796875
5 0.53515625 0.40625 0.175 0.109375
5 0.50390625 0.19765625 0.24375 0.121875
5 0.3640625 0.7921875 0.121875 0.0546875
5 0.33125 0.6828125 0.159375 0.0625
5 0.28046875 0.5515625 0.190625 0.0671875
5 0.22265625 0.39140625 0.196875 0.1
5 0.1640625 0.19375 0.2015625 0.096875
5 0.84296875 0.21171875 0.24375 0.153125
5 0.8234375 0.4078125 0.2203125 0.10625
5 0.8 0.56015625 0.196875 0.078125
5 0.796875 0.703125 0.159375 0.0890625
5 0.77734375 0.82265625 0.146875 0.065625