4 0.8257211538461539 0.4543269230769231 0.09735576923076923 0.13221153846153846
4 0.6610576923076923 0.46033653846153844 0.10817307692307693 0.10576923076923077
4 0.5204326923076923 0.47475961538461536 0.08052884615384616 0.12379807692307693
4 0.3713942307692308 0.484375 0.09134615384615384 0.12860576923076922
4 0.15504807692307693 0.5 0.09735576923076923 0.13822115384615385
4 0.8425480769230769 0.7271634615384616 0.10096153846153846 0.12860576923076922
4 0.7007211538461539 0.7379807692307693 0.0985576923076923 0.12139423076923077
4 0.5540865384615384 0.7536057692307693 0.09615384615384616 0.13221153846153846
4 0.15985576923076922 0.7824519230769231 0.09615384615384616 0.11538461538461539
4 0.3701923076923077 0.7836538461538461 0.09735576923076923 0.11778846153846154
4 0.5913461538461539 0.18269230769230768 0.10817307692307693 0.11057692307692307
4 0.7451923076923077 0.18509615384615385 0.08052884615384616 0.12620192307692307
4 0.8677884615384616 0.18990384615384615 0.078125 0.1141826923076923
4 0.39783653846153844 0.1935096153846154 0.11057692307692307 0.12980769230769232
4 0.16826923076923078 0.20192307692307693 0.125 0.13581730769230768