12 0.69453125 0.25390625 0.18046875 0.171875
12 0.503125 0.27109375 0.115625 0.13203125
12 0.3765625 0.29296875 0.0984375 0.1234375
12 0.17578125 0.309375 0.05703125 0.1234375
12 0.2546875 0.3125 0.071875 0.125
12 0.5171875 0.4984375 0.1109375 0.14453125
12 0.384375 0.509375 0.09375 0.1234375
12 0.69296875 0.51171875 0.14140625 0.19375
12 0.19296875 0.5171875 0.078125 0.13828125
12 0.27578125 0.521875 0.078125 0.1203125
12 0.21015625 0.68984375 0.0703125 0.12109375
12 0.29921875 0.70625 0.075 0.1171875
12 0.40859375 0.7140625 0.09921875 0.1328125
12 0.5375 0.72109375 0.12421875 0.1515625
12 0.70859375 0.7390625 0.134375 0.15390625