19 0.41015625 0.23828125 0.09921875 0.14140625
19 0.78984375 0.44140625 0.07734375 0.128125
19 0.6734375 0.46328125 0.071875 0.1296875
19 0.55390625 0.49921875 0.0859375 0.1546875
19 0.42265625 0.521875 0.09140625 0.15859375
19 0.228125 0.57265625 0.0984375 0.165625
19 0.80703125 0.6546875 0.06796875 0.12265625
19 0.68828125 0.69296875 0.0828125 0.1328125
19 0.56640625 0.7375 0.0828125 0.1421875
19 0.4234375 0.78359375 0.08984375 0.13984375
19 0.25078125 0.82734375 0.11875 0.1703125
19 0.7765625 0.22734375 0.06171875 0.1296875
19 0.67265625 0.22890625 0.0734375 0.13125
19 0.55546875 0.23359375 0.08203125 0.13203125
19 0.21171875 0.23359375 0.10390625 0.15078125