9 0.16953125 0.2546875 0.065625 0.1546875
9 0.2765625 0.48046875 0.0640625 0.15078125
9 0.16328125 0.48203125 0.0578125 0.14375
9 0.38984375 0.48984375 0.071875 0.15078125
9 0.5359375 0.49921875 0.084375 0.15078125
9 0.71171875 0.52734375 0.09140625 0.1546875
9 0.153125 0.728125 0.05390625 0.1375
9 0.24609375 0.74609375 0.05625 0.1359375
9 0.37109375 0.75546875 0.07421875 0.15859375
9 0.50703125 0.796875 0.08046875 0.12890625
9 0.659375 0.809375 0.08828125 0.153125
9 0.5765625 0.2 0.07890625 0.15390625
9 0.7578125 0.20625 0.0953125 0.153125
9 0.4265625 0.21484375 0.07421875 0.15546875
9 0.29453125 0.23046875 0.07265625 0.1390625