12 0.6346153846153846 0.23918269230769232 0.07091346153846154 0.14543269230769232
12 0.7752403846153846 0.23918269230769232 0.06610576923076923 0.14903846153846154
12 0.47716346153846156 0.24278846153846154 0.07211538461538461 0.15625
12 0.328125 0.25600961538461536 0.08413461538461539 0.14783653846153846
12 0.18389423076923078 0.27524038461538464 0.08173076923076923 0.15985576923076922
12 0.7860576923076923 0.46875 0.078125 0.1310096153846154
12 0.6442307692307693 0.4699519230769231 0.07451923076923077 0.1310096153846154
12 0.4963942307692308 0.48677884615384615 0.078125 0.1346153846153846
12 0.3473557692307692 0.5072115384615384 0.06971153846153846 0.14302884615384615
12 0.21033653846153846 0.5252403846153846 0.08413461538461539 0.15384615384615385
12 0.7800480769230769 0.6935096153846154 0.06610576923076923 0.13701923076923078
12 0.6442307692307693 0.7019230769230769 0.0673076923076923 0.140625
12 0.5024038461538461 0.7127403846153846 0.07211538461538461 0.13701923076923078
12 0.359375 0.7403846153846154 0.0625 0.13701923076923078
12 0.23798076923076922 0.7680288461538461 0.09254807692307693 0.16947115384615385