112 0.209375 0.4953125 0.075 0.11796875
112 0.06953125 0.496875 0.06328125 0.13671875
112 0.33671875 0.5078125 0.07421875 0.115625
112 0.5109375 0.51640625 0.084375 0.14296875
112 0.70078125 0.53046875 0.096875 0.16015625
112 0.0890625 0.7703125 0.0671875 0.1328125
112 0.3640625 0.79140625 0.075 0.140625
112 0.23828125 0.7921875 0.0734375 0.1234375
112 0.5359375 0.8203125 0.08515625 0.13828125
112 0.746875 0.8671875 0.08984375 0.16953125
112 0.73671875 0.1390625 0.1265625 0.16328125
112 0.528125 0.140625 0.08828125 0.153125
112 0.32734375 0.15078125 0.08125 0.1359375
112 0.196875 0.16484375 0.07734375 0.1453125
112 0.07109375 0.17578125 0.06640625 0.14296875