15 0.44296875 0.27109375 0.07578125 0.13203125
15 0.30703125 0.31171875 0.071875 0.11875
15 0.19453125 0.33203125 0.0640625 0.12109375
15 0.61484375 0.53125 0.08046875 0.14765625
15 0.73203125 0.53125 0.09921875 0.16640625
15 0.4828125 0.54140625 0.08125 0.1265625
15 0.20078125 0.5625 0.0609375 0.11171875
15 0.36875 0.5796875 0.06875 0.1265625
15 0.19140625 0.79140625 0.06015625 0.128125
15 0.4671875 0.79609375 0.08125 0.14609375
15 0.353125 0.79609375 0.06640625 0.14140625
15 0.5875 0.80703125 0.0890625 0.14921875
15 0.73125 0.82421875 0.115625 0.17890625
15 0.68125 0.19921875 0.0875 0.1484375
15 0.5640625 0.23359375 0.08828125 0.146875