114 0.47109375 0.47421875 0.11015625 0.16015625
114 0.6703125 0.47421875 0.11328125 0.1375
114 0.8625 0.4828125 0.1234375 0.13125
114 0.28515625 0.50234375 0.1140625 0.17109375
114 0.0859375 0.50703125 0.09609375 0.1890625
114 0.6453125 0.8375 0.109375 0.1765625
114 0.26640625 0.84921875 0.10078125 0.190625
114 0.828125 0.85078125 0.1125 0.1984375
114 0.46328125 0.853125 0.09921875 0.17890625
114 0.0921875 0.86015625 0.0859375 0.21328125
114 0.465625 0.1328125 0.10703125 0.1375
114 0.3078125 0.13515625 0.1125 0.1515625
114 0.66171875 0.1375 0.12890625 0.16171875
114 0.84765625 0.146875 0.11171875 0.1515625
114 0.08828125 0.146875 0.1015625 0.1703125