4 0.578125 0.48671875 0.08125 0.14296875
4 0.17890625 0.49375 0.04609375 0.13515625
4 0.71640625 0.49453125 0.08203125 0.1453125
4 0.43828125 0.49609375 0.08125 0.1390625
4 0.3203125 0.49609375 0.06015625 0.134375
4 0.1734375 0.759375 0.04921875 0.14296875
4 0.3078125 0.7859375 0.06328125 0.14375
4 0.4359375 0.7984375 0.07578125 0.13671875
4 0.5765625 0.81171875 0.06796875 0.13984375
4 0.696875 0.83203125 0.08203125 0.1421875
4 0.72578125 0.14375 0.09140625 0.14609375
4 0.58359375 0.15390625 0.07421875 0.14140625
4 0.46953125 0.17421875 0.08671875 0.1453125
4 0.33359375 0.20078125 0.0734375 0.14140625
4 0.184375 0.2078125 0.0609375 0.13203125