7 0.6466346153846154 0.23798076923076922 0.09375 0.14783653846153846
7 0.4987980769230769 0.23798076923076922 0.09615384615384616 0.1622596153846154
7 0.8137019230769231 0.24278846153846154 0.10096153846153846 0.1466346153846154
7 0.33052884615384615 0.24639423076923078 0.10336538461538461 0.14903846153846154
7 0.15384615384615385 0.2512019230769231 0.09615384615384616 0.15625
7 0.6574519230769231 0.4651442307692308 0.09615384615384616 0.16346153846153846
7 0.8305288461538461 0.47475961538461536 0.09134615384615384 0.17668269230769232
7 0.5108173076923077 0.4807692307692308 0.08413461538461539 0.15504807692307693
7 0.3449519230769231 0.5 0.10336538461538461 0.1622596153846154
7 0.14783653846153846 0.5168269230769231 0.09735576923076923 0.18389423076923078
7 0.6598557692307693 0.6959134615384616 0.09615384615384616 0.15625
7 0.5108173076923077 0.7091346153846154 0.09735576923076923 0.16466346153846154
7 0.8509615384615384 0.7127403846153846 0.0985576923076923 0.15504807692307693
7 0.33774038461538464 0.7271634615384616 0.0985576923076923 0.16947115384615385
7 0.1466346153846154 0.7355769230769231 0.10817307692307693 0.171875