28 0.525 0.2515625 0.07265625 0.15703125
28 0.65546875 0.2640625 0.0625 0.1546875
28 0.74453125 0.27421875 0.06015625 0.13046875
28 0.74140625 0.50625 0.0609375 0.134375
28 0.64140625 0.5109375 0.07734375 0.12890625
28 0.5 0.51875 0.06953125 0.14296875
28 0.16953125 0.53359375 0.103125 0.19609375
28 0.3046875 0.5359375 0.075 0.1609375
28 0.74921875 0.72421875 0.0765625 0.1234375
28 0.64140625 0.746875 0.090625 0.13515625
28 0.49765625 0.76796875 0.0734375 0.1421875
28 0.33515625 0.81640625 0.08515625 0.165625
28 0.175 0.84296875 0.09765625 0.17265625
28 0.159375 0.175 0.0984375 0.2
28 0.3390625 0.2140625 0.0796875 0.1796875