4 0.12139423076923077 0.2620192307692308 0.08052884615384616 0.10817307692307693
4 0.6778846153846154 0.4230769230769231 0.11778846153846154 0.13341346153846154
4 0.4987980769230769 0.4411057692307692 0.11177884615384616 0.109375
4 0.3701923076923077 0.4639423076923077 0.07572115384615384 0.11778846153846154
4 0.2512019230769231 0.484375 0.07451923076923077 0.11778846153846154
4 0.10817307692307693 0.5072115384615384 0.06129807692307692 0.1201923076923077
4 0.11057692307692307 0.7463942307692307 0.06490384615384616 0.10096153846153846
4 0.5480769230769231 0.7475961538461539 0.10096153846153846 0.12860576923076922
4 0.4026442307692308 0.7512019230769231 0.0985576923076923 0.12620192307692307
4 0.2536057692307692 0.7632211538461539 0.07572115384615384 0.1141826923076923
4 0.7115384615384616 0.7668269230769231 0.12379807692307693 0.1658653846153846
4 0.7103365384615384 0.11538461538461539 0.09975961538461539 0.11899038461538461
4 0.5721153846153846 0.140625 0.08653846153846154 0.11177884615384616
4 0.42427884615384615 0.17548076923076922 0.0889423076923077 0.09495192307692307
4 0.27283653846153844 0.21875 0.07932692307692307 0.109375