5 0.27734375 0.425 0.171875 0.103125
5 0.278125 0.7234375 0.1265625 0.096875
5 0.2796875 0.2625 0.1875 0.0890625
5 0.2921875 0.5890625 0.16875 0.0828125
5 0.30390625 0.86328125 0.1546875 0.0703125
5 0.5 0.57265625 0.15625 0.0734375
5 0.5015625 0.2109375 0.178125 0.103125
5 0.50234375 0.38671875 0.171875 0.090625
5 0.5046875 0.71875 0.146875 0.084375
5 0.53203125 0.86953125 0.190625 0.0734375
5 0.7234375 0.40078125 0.184375 0.075
5 0.73203125 0.22109375 0.1828125 0.084375
5 0.734375 0.571875 0.178125 0.078125
5 0.74140625 0.7296875 0.171875 0.06875
5 0.7453125 0.87109375 0.153125 0.0578125