12 0.73671875 0.43984375 0.153125 0.14375
12 0.73359375 0.25703125 0.1796875 0.15625
12 0.72265625 0.08515625 0.18125 0.1375
12 0.71796875 0.634375 0.1625 0.13125
12 0.70859375 0.81171875 0.1484375 0.115625
12 0.50859375 0.28515625 0.153125 0.13125
12 0.5046875 0.6296875 0.1375 0.125
12 0.50390625 0.12109375 0.153125 0.128125
12 0.5015625 0.44609375 0.1375 0.1375
12 0.5 0.79453125 0.1421875 0.11875
12 0.31484375 0.615625 0.121875 0.11875
12 0.3140625 0.4484375 0.1140625 0.121875
12 0.31171875 0.29140625 0.128125 0.125
12 0.3109375 0.79375 0.11875 0.128125
12 0.29453125 0.13828125 0.134375 0.1265625