13 0.5048076923076923 0.25600961538461536 0.08774038461538461 0.20072115384615385
13 0.3449519230769231 0.28846153846153844 0.07932692307692307 0.17067307692307693
13 0.1141826923076923 0.2980769230769231 0.06129807692307692 0.1346153846153846
13 0.21875 0.29927884615384615 0.06850961538461539 0.16346153846153846
13 0.3557692307692308 0.5384615384615384 0.0733173076923077 0.16346153846153846
13 0.2247596153846154 0.5432692307692307 0.06009615384615385 0.171875
13 0.12259615384615384 0.5456730769230769 0.06370192307692307 0.16706730769230768
13 0.4831730769230769 0.5456730769230769 0.078125 0.18269230769230768
13 0.6802884615384616 0.5685096153846154 0.10216346153846154 0.22716346153846154
13 0.12860576923076922 0.7608173076923077 0.051682692307692304 0.15144230769230768
13 0.22956730769230768 0.765625 0.054086538461538464 0.18389423076923078
13 0.34375 0.7752403846153846 0.06850961538461539 0.18990384615384615
13 0.4807692307692308 0.7956730769230769 0.078125 0.19831730769230768
13 0.6959134615384616 0.8389423076923077 0.1045673076923077 0.23197115384615385
13 0.7163461538461539 0.21754807692307693 0.12139423076923077 0.20673076923076922