14 0.75390625 0.784375 0.16875 0.0859375
14 0.753125 0.30546875 0.1625 0.1
14 0.75078125 0.62734375 0.13125 0.0859375
14 0.7484375 0.45625 0.1390625 0.0859375
14 0.73984375 0.12109375 0.1734375 0.10625
14 0.44375 0.61640625 0.15 0.0875
14 0.43984375 0.459375 0.13125 0.090625
14 0.43984375 0.7703125 0.1625 0.09375
14 0.425 0.128125 0.1359375 0.08125
14 0.4234375 0.29375 0.1546875 0.09375
14 0.22109375 0.76015625 0.1234375 0.071875
14 0.209375 0.615625 0.1234375 0.06875
14 0.19140625 0.45703125 0.13125 0.0765625
14 0.18359375 0.2953125 0.1359375 0.0859375
14 0.1828125 0.1421875 0.153125 0.084375