71 0.76953125 0.41796875 0.071875 0.14375
71 0.5984375 0.42109375 0.08046875 0.1453125
71 0.45859375 0.4375 0.08203125 0.14375
71 0.30859375 0.4515625 0.09921875 0.1484375
71 0.1390625 0.4765625 0.08984375 0.18515625
71 0.765625 0.65 0.078125 0.1359375
71 0.61640625 0.66328125 0.0703125 0.15859375
71 0.47109375 0.69609375 0.07890625 0.1765625
71 0.3078125 0.7203125 0.0921875 0.15859375
71 0.14765625 0.74296875 0.07578125 0.1578125
71 0.6078125 0.20546875 0.10234375 0.15546875
71 0.76640625 0.20703125 0.0953125 0.1546875
71 0.440625 0.215625 0.0828125 0.1671875
71 0.2953125 0.2171875 0.09453125 0.1796875
71 0.1390625 0.21875 0.1078125 0.18203125