22 0.30859375 0.25859375 0.06484375 0.109375
22 0.22734375 0.2609375 0.06875 0.11875
22 0.14453125 0.2609375 0.0578125 0.13046875
22 0.6765625 0.465625 0.1171875 0.13984375
22 0.12734375 0.503125 0.06328125 0.10625
22 0.52734375 0.5046875 0.09921875 0.12890625
22 0.21796875 0.51484375 0.05703125 0.10546875
22 0.4 0.52265625 0.07890625 0.11640625
22 0.12890625 0.73125 0.0578125 0.11328125
22 0.2265625 0.74609375 0.06328125 0.1171875
22 0.359375 0.7484375 0.08203125 0.13984375
22 0.47578125 0.76171875 0.084375 0.134375
22 0.64609375 0.78359375 0.0984375 0.14765625
22 0.6078125 0.1859375 0.1078125 0.1375
22 0.44453125 0.22578125 0.0953125 0.11875