11 0.73984375 0.51484375 0.07421875 0.1390625
11 0.60703125 0.534375 0.0734375 0.14140625
11 0.47578125 0.55234375 0.06484375 0.1359375
11 0.34453125 0.56875 0.071875 0.15234375
11 0.22890625 0.5703125 0.08046875 0.140625
11 0.759375 0.74609375 0.08046875 0.14453125
11 0.60703125 0.75625 0.08046875 0.1453125
11 0.45859375 0.77265625 0.0734375 0.1390625
11 0.33203125 0.79296875 0.07734375 0.14765625
11 0.20625 0.8140625 0.0640625 0.15546875
11 0.69765625 0.19375 0.05234375 0.11875
11 0.60859375 0.20234375 0.0578125 0.11640625
11 0.36875 0.21015625 0.0671875 0.12265625
11 0.2640625 0.2109375 0.0671875 0.1296875
11 0.47734375 0.21171875 0.06328125 0.11640625