4 0.7415865384615384 0.38461538461538464 0.10576923076923077 0.11658653846153846
4 0.5757211538461539 0.3954326923076923 0.10576923076923077 0.10336538461538461
4 0.4387019230769231 0.41586538461538464 0.07572115384615384 0.109375
4 0.2980769230769231 0.43509615384615385 0.08653846153846154 0.11658653846153846
4 0.10096153846153846 0.4567307692307692 0.07572115384615384 0.1310096153846154
4 0.7848557692307693 0.6670673076923077 0.11658653846153846 0.13942307692307693
4 0.6298076923076923 0.6742788461538461 0.109375 0.11778846153846154
4 0.4735576923076923 0.6947115384615384 0.10576923076923077 0.12860576923076922
4 0.27884615384615385 0.7247596153846154 0.10096153846153846 0.12259615384615384
4 0.07572115384615384 0.7307692307692307 0.08413461538461539 0.1141826923076923
4 0.7548076923076923 0.15745192307692307 0.08413461538461539 0.09254807692307693
4 0.640625 0.16105769230769232 0.07932692307692307 0.09254807692307693
4 0.4987980769230769 0.16826923076923078 0.09615384615384616 0.08173076923076923
4 0.33533653846153844 0.19471153846153846 0.08413461538461539 0.0985576923076923
4 0.14423076923076922 0.2127403846153846 0.09134615384615384 0.11057692307692307