10 0.2359375 0.37734375 0.07890625 0.14609375
10 0.55234375 0.384375 0.0859375 0.13203125
10 0.41796875 0.3859375 0.0828125 0.12109375
10 0.69765625 0.403125 0.08046875 0.13671875
10 0.81875 0.4203125 0.0890625 0.1515625
10 0.56484375 0.659375 0.0796875 0.1546875
10 0.7125 0.6609375 0.0859375 0.1484375
10 0.84765625 0.665625 0.084375 0.1578125
10 0.39609375 0.67265625 0.084375 0.1625
10 0.20234375 0.675 0.07890625 0.1765625
10 0.69765625 0.17734375 0.0734375 0.11328125
10 0.259375 0.18046875 0.06953125 0.125
10 0.44453125 0.1828125 0.0828125 0.11015625
10 0.57265625 0.18671875 0.084375 0.1046875
10 0.8015625 0.196875 0.08046875 0.134375