23 0.60078125 0.809375 0.121875 0.1375
23 0.5953125 0.62578125 0.128125 0.109375
23 0.5859375 0.453125 0.128125 0.10625
23 0.571875 0.2921875 0.15 0.103125
23 0.56328125 0.13203125 0.153125 0.109375
23 0.33359375 0.8921875 0.16875 0.1265625
23 0.30546875 0.6859375 0.1796875 0.146875
23 0.2875 0.49609375 0.184375 0.134375
23 0.2703125 0.27734375 0.1921875 0.140625
23 0.25 0.0921875 0.2109375 0.1359375
23 0.85 0.7640625 0.121875 0.1171875
23 0.84375 0.61640625 0.125 0.1046875
23 0.83828125 0.465625 0.1328125 0.10625
23 0.82890625 0.31640625 0.1296875 0.090625
23 0.825 0.15859375 0.1375 0.1