2 0.30859375 0.2421875 0.05078125 0.11171875
2 0.19375 0.25390625 0.04765625 0.1109375
2 0.5671875 0.45234375 0.06640625 0.12734375
2 0.69921875 0.45546875 0.065625 0.1140625
2 0.43046875 0.45625 0.0515625 0.1203125
2 0.30234375 0.46015625 0.0484375 0.11953125
2 0.1625 0.4875 0.0546875 0.1265625
2 0.5671875 0.66328125 0.06015625 0.14765625
2 0.7296875 0.6671875 0.06640625 0.14296875
2 0.43125 0.6765625 0.05625 0.1515625
2 0.2796875 0.70390625 0.06015625 0.14921875
2 0.1359375 0.7046875 0.0546875 0.128125
2 0.6703125 0.2265625 0.053125 0.1125
2 0.546875 0.228125 0.05859375 0.12109375
2 0.42890625 0.23203125 0.04765625 0.109375