5 0.1658653846153846 0.5204326923076923 0.08413461538461539 0.14182692307692307
5 0.3317307692307692 0.5264423076923077 0.0829326923076923 0.13822115384615385
5 0.6586538461538461 0.53125 0.0829326923076923 0.14423076923076922
5 0.5060096153846154 0.5336538461538461 0.07932692307692307 0.14783653846153846
5 0.8016826923076923 0.5360576923076923 0.07211538461538461 0.13822115384615385
5 0.20072115384615385 0.7692307692307693 0.07572115384615384 0.1310096153846154
5 0.34615384615384615 0.7860576923076923 0.0733173076923077 0.1310096153846154
5 0.49399038461538464 0.7992788461538461 0.0673076923076923 0.13221153846153846
5 0.6237980769230769 0.8040865384615384 0.07091346153846154 0.12980769230769232
5 0.7704326923076923 0.8076923076923077 0.07451923076923077 0.13221153846153846
5 0.33653846153846156 0.19110576923076922 0.08774038461538461 0.1502403846153846
5 0.14783653846153846 0.19110576923076922 0.08653846153846154 0.16466346153846154
5 0.5084134615384616 0.20192307692307693 0.08413461538461539 0.16706730769230768
5 0.8173076923076923 0.21033653846153846 0.08774038461538461 0.16706730769230768
5 0.6610576923076923 0.21995192307692307 0.08774038461538461 0.1935096153846154