7 0.7484375 0.459375 0.115625 0.084375
7 0.71953125 0.3453125 0.1125 0.06875
7 0.70625 0.24765625 0.10625 0.071875
7 0.68828125 0.1578125 0.1234375 0.05625
7 0.46796875 0.4765625 0.1078125 0.0828125
7 0.46484375 0.26171875 0.09375 0.065625
7 0.46328125 0.3625 0.103125 0.0703125
7 0.4609375 0.16328125 0.103125 0.059375
7 0.45703125 0.6046875 0.128125 0.0875
7 0.3125 0.17734375 0.0984375 0.053125
7 0.296875 0.27421875 0.10625 0.0625
7 0.2828125 0.36875 0.11875 0.0609375
7 0.27890625 0.4703125 0.11875 0.059375
7 0.2640625 0.58359375 0.1375 0.071875
7 0.775 0.5921875 0.1234375 0.078125