22 0.8269230769230769 0.25600961538461536 0.10336538461538461 0.15865384615384615
22 0.44711538461538464 0.2644230769230769 0.11778846153846154 0.16105769230769232
22 0.27403846153846156 0.26802884615384615 0.109375 0.1622596153846154
22 0.6334134615384616 0.27403846153846156 0.125 0.19471153846153846
22 0.09615384615384616 0.28966346153846156 0.1310096153846154 0.15504807692307693
22 0.8052884615384616 0.47596153846153844 0.09134615384615384 0.12259615384615384
22 0.6298076923076923 0.48677884615384615 0.09735576923076923 0.13942307692307693
22 0.29086538461538464 0.5132211538461539 0.1141826923076923 0.1466346153846154
22 0.453125 0.5168269230769231 0.10336538461538461 0.1466346153846154
22 0.11899038461538461 0.5444711538461539 0.109375 0.15144230769230768
22 0.7920673076923077 0.7139423076923077 0.0829326923076923 0.12379807692307693
22 0.6358173076923077 0.7235576923076923 0.10216346153846154 0.12259615384615384
22 0.46033653846153844 0.7487980769230769 0.09735576923076923 0.11658653846153846
22 0.30288461538461536 0.7644230769230769 0.09254807692307693 0.15865384615384615
22 0.14182692307692307 0.796875 0.09615384615384616 0.12860576923076922