18 0.73203125 0.27265625 0.084375 0.20234375
18 0.584375 0.2765625 0.09453125 0.18203125
18 0.4390625 0.28203125 0.09453125 0.18671875
18 0.1625 0.28515625 0.08125 0.18046875
18 0.30546875 0.28671875 0.096875 0.18046875
18 0.59921875 0.540625 0.09140625 0.15546875
18 0.74765625 0.55 0.09140625 0.1703125
18 0.4546875 0.55390625 0.09453125 0.15859375
18 0.1703125 0.56484375 0.08203125 0.15234375
18 0.3140625 0.5671875 0.08203125 0.16640625
18 0.76171875 0.7953125 0.084375 0.17734375
18 0.6203125 0.79921875 0.07734375 0.1625
18 0.46875 0.80390625 0.0890625 0.16484375
18 0.32265625 0.82109375 0.084375 0.1453125
18 0.17421875 0.83046875 0.0765625 0.15625