21 0.7788461538461539 0.3629807692307692 0.09495192307692307 0.13701923076923078
21 0.6153846153846154 0.3701923076923077 0.11778846153846154 0.11899038461538461
21 0.44591346153846156 0.38341346153846156 0.125 0.14543269230769232
21 0.2848557692307692 0.38341346153846156 0.14543269230769232 0.140625
21 0.1141826923076923 0.3954326923076923 0.14182692307692307 0.14903846153846154
21 0.7776442307692307 0.5432692307692307 0.08774038461538461 0.11177884615384616
21 0.6262019230769231 0.5492788461538461 0.11057692307692307 0.09975961538461539
21 0.47115384615384615 0.5661057692307693 0.10336538461538461 0.09975961538461539
21 0.3269230769230769 0.5757211538461539 0.12379807692307693 0.10697115384615384
21 0.17908653846153846 0.5853365384615384 0.12379807692307693 0.10096153846153846
21 0.7596153846153846 0.6850961538461539 0.09134615384615384 0.07451923076923077
21 0.6310096153846154 0.6862980769230769 0.09735576923076923 0.08653846153846154
21 0.49158653846153844 0.6947115384615384 0.09735576923076923 0.0889423076923077
21 0.3545673076923077 0.7091346153846154 0.09975961538461539 0.08173076923076923
21 0.22716346153846154 0.7175480769230769 0.09134615384615384 0.07692307692307693