26 0.5769230769230769 0.29086538461538464 0.09495192307692307 0.09735576923076923
26 0.7331730769230769 0.2920673076923077 0.10216346153846154 0.11658653846153846
26 0.44711538461538464 0.29447115384615385 0.09495192307692307 0.10336538461538461
26 0.3112980769230769 0.3016826923076923 0.09615384615384616 0.11298076923076923
26 0.17908653846153846 0.30288461538461536 0.09735576923076923 0.109375
26 0.5985576923076923 0.5048076923076923 0.0985576923076923 0.11057692307692307
26 0.28966346153846156 0.5096153846153846 0.11899038461538461 0.12860576923076922
26 0.4519230769230769 0.5144230769230769 0.10096153846153846 0.13581730769230768
26 0.1310096153846154 0.5168269230769231 0.09014423076923077 0.13701923076923078
26 0.7512019230769231 0.5336538461538461 0.12620192307692307 0.15504807692307693
26 0.25841346153846156 0.7992788461538461 0.10697115384615384 0.1502403846153846
26 0.08533653846153846 0.8016826923076923 0.11298076923076923 0.16947115384615385
26 0.42788461538461536 0.8173076923076923 0.10336538461538461 0.16706730769230768
26 0.6117788461538461 0.8317307692307693 0.10576923076923077 0.15985576923076922
26 0.7908653846153846 0.8629807692307693 0.12379807692307693 0.19591346153846154