8 0.36328125 0.43671875 0.06640625 0.15546875
8 0.515625 0.44140625 0.0921875 0.1859375
8 0.11953125 0.45234375 0.05703125 0.14140625
8 0.23125 0.45546875 0.06796875 0.1671875
8 0.70546875 0.45703125 0.1078125 0.215625
8 0.103125 0.69375 0.05703125 0.1484375
8 0.22109375 0.7265625 0.06328125 0.153125
8 0.3609375 0.753125 0.0640625 0.196875
8 0.51875 0.7890625 0.09375 0.2453125
8 0.71953125 0.82109375 0.128125 0.27109375
8 0.6734375 0.15 0.12578125 0.2203125
8 0.49140625 0.16328125 0.0921875 0.18125
8 0.34921875 0.1828125 0.0765625 0.14609375
8 0.22421875 0.2015625 0.06328125 0.14140625
8 0.12578125 0.21484375 0.05234375 0.15078125