5 0.80703125 0.421875 0.0515625 0.13125
5 0.68359375 0.42734375 0.065625 0.153125
5 0.559375 0.4453125 0.0796875 0.159375
5 0.40625 0.46484375 0.109375 0.175
5 0.19765625 0.49609375 0.121875 0.24375
5 0.7921875 0.6359375 0.0546875 0.121875
5 0.6828125 0.66875 0.0625 0.159375
5 0.5515625 0.71953125 0.0671875 0.190625
5 0.39140625 0.77734375 0.1 0.196875
5 0.19375 0.8359375 0.096875 0.2015625
5 0.21171875 0.15703125 0.153125 0.24375
5 0.4078125 0.1765625 0.10625 0.2203125
5 0.56015625 0.2 0.078125 0.196875
5 0.703125 0.203125 0.0875 0.159375
5 0.82265625 0.22265625 0.065625 0.146875