89 0.76796875 0.41796875 0.08671875 0.12890625
89 0.61328125 0.42734375 0.09140625 0.12890625
89 0.43984375 0.45390625 0.0984375 0.13984375
89 0.2796875 0.46171875 0.103125 0.14609375
89 0.11875 0.49296875 0.09140625 0.15234375
89 0.775 0.6375 0.07890625 0.13046875
89 0.62578125 0.6578125 0.09609375 0.128125
89 0.4453125 0.7 0.10546875 0.1234375
89 0.28515625 0.73671875 0.0890625 0.12109375
89 0.13203125 0.7578125 0.07890625 0.11640625
89 0.78125 0.1609375 0.103125 0.1234375
89 0.61875 0.17109375 0.109375 0.14375
89 0.440625 0.18515625 0.096875 0.13828125
89 0.2796875 0.196875 0.1140625 0.13359375
89 0.1046875 0.19921875 0.09140625 0.12890625