22 0.8533653846153846 0.46153846153846156 0.055288461538461536 0.13581730769230768
22 0.7475961538461539 0.48677884615384615 0.06610576923076923 0.14543269230769232
22 0.6225961538461539 0.4987980769230769 0.0829326923076923 0.15504807692307693
22 0.47836538461538464 0.5192307692307693 0.09014423076923077 0.171875
22 0.29927884615384615 0.5612980769230769 0.1346153846153846 0.20793269230769232
22 0.8365384615384616 0.6754807692307693 0.057692307692307696 0.11177884615384616
22 0.7259615384615384 0.7139423076923077 0.07091346153846154 0.11778846153846154
22 0.6105769230769231 0.7536057692307693 0.07211538461538461 0.13221153846153846
22 0.49038461538461536 0.8100961538461539 0.0889423076923077 0.13221153846153846
22 0.33533653846153844 0.8725961538461539 0.1141826923076923 0.17307692307692307
22 0.3088942307692308 0.171875 0.11057692307692307 0.18389423076923078
22 0.5048076923076923 0.17908653846153846 0.0829326923076923 0.15504807692307693
22 0.6430288461538461 0.18629807692307693 0.08413461538461539 0.13221153846153846
22 0.8533653846153846 0.2091346153846154 0.057692307692307696 0.11057692307692307
22 0.7668269230769231 0.21394230769230768 0.055288461538461536 0.12980769230769232