23 0.225 0.23515625 0.084375 0.12734375
23 0.13984375 0.246875 0.0703125 0.1140625
23 0.6171875 0.45859375 0.11171875 0.13984375
23 0.4765625 0.46796875 0.10390625 0.13515625
23 0.3453125 0.4765625 0.09375 0.121875
23 0.23984375 0.478125 0.0796875 0.115625
23 0.15 0.4859375 0.07265625 0.12265625
23 0.1578125 0.6734375 0.07109375 0.1140625
23 0.35703125 0.68359375 0.08125 0.11875
23 0.25546875 0.6859375 0.08359375 0.11328125
23 0.4828125 0.6875 0.0984375 0.134375
23 0.63203125 0.69765625 0.10234375 0.1234375
23 0.61484375 0.203125 0.103125 0.14921875
23 0.47578125 0.2140625 0.08984375 0.1296875
23 0.340625 0.22734375 0.0984375 0.12265625