21 0.828125 0.36328125 0.1046875 0.1453125
21 0.6765625 0.3734375 0.11953125 0.14296875
21 0.53515625 0.38671875 0.12265625 0.1390625
21 0.18515625 0.409375 0.11484375 0.1609375
21 0.32421875 0.42265625 0.09296875 0.16875
21 0.33046875 0.6484375 0.09375 0.15
21 0.47890625 0.64921875 0.096875 0.1609375
21 0.8 0.64921875 0.121875 0.1640625
21 0.6484375 0.65078125 0.1109375 0.16171875
21 0.16015625 0.65078125 0.11875 0.17578125
21 0.2109375 0.16640625 0.08828125 0.13046875
21 0.66953125 0.1671875 0.09765625 0.12890625
21 0.79921875 0.16875 0.1140625 0.1375
21 0.55546875 0.1765625 0.090625 0.11484375
21 0.3421875 0.17890625 0.09140625 0.1328125