19 0.64921875 0.24140625 0.08125 0.14375
19 0.5125 0.25390625 0.0875 0.13671875
19 0.359375 0.2671875 0.1 0.14453125
19 0.17109375 0.2796875 0.09140625 0.134375
19 0.79296875 0.45703125 0.0921875 0.1296875
19 0.640625 0.48046875 0.084375 0.1328125
19 0.50703125 0.51171875 0.0953125 0.15703125
19 0.36484375 0.53359375 0.096875 0.15
19 0.18125 0.571875 0.0890625 0.13828125
19 0.8078125 0.6921875 0.08359375 0.13125
19 0.65078125 0.71953125 0.09765625 0.1375
19 0.51328125 0.746875 0.090625 0.13828125
19 0.36015625 0.775 0.0859375 0.13125
19 0.203125 0.7953125 0.10390625 0.146875
19 0.778125 0.2296875 0.078125 0.13984375