29 0.17578125 0.25390625 0.07734375 0.153125
29 0.47734375 0.2625 0.0734375 0.1484375
29 0.33984375 0.26484375 0.075 0.153125
29 0.6125 0.265625 0.06875 0.146875
29 0.7546875 0.26953125 0.0703125 0.13203125
29 0.740625 0.56015625 0.06015625 0.115625
29 0.6078125 0.56796875 0.065625 0.11875
29 0.2 0.56875 0.06875 0.11875
29 0.47578125 0.57265625 0.06875 0.109375
29 0.34921875 0.578125 0.06875 0.1109375
29 0.21640625 0.7921875 0.0578125 0.08984375
29 0.3390625 0.7953125 0.0625 0.0953125
29 0.58359375 0.79765625 0.0578125 0.0953125
29 0.7078125 0.79765625 0.06171875 0.10234375
29 0.459375 0.8 0.0546875 0.0953125