19 0.765625 0.2421875 0.0578125 0.115625
19 0.77265625 0.46015625 0.0578125 0.12734375
19 0.67734375 0.465625 0.065625 0.12734375
19 0.56328125 0.47890625 0.07734375 0.13203125
19 0.440625 0.496875 0.0828125 0.15703125
19 0.27109375 0.50703125 0.09765625 0.17734375
19 0.77421875 0.6953125 0.06640625 0.12421875
19 0.68125 0.7234375 0.0703125 0.12890625
19 0.58046875 0.74296875 0.07734375 0.1453125
19 0.44921875 0.7703125 0.08828125 0.1484375
19 0.2609375 0.8 0.09296875 0.153125
19 0.2828125 0.18046875 0.0859375 0.1625
19 0.4484375 0.1921875 0.0734375 0.128125
19 0.56875 0.2109375 0.06484375 0.12109375
19 0.6671875 0.23203125 0.06484375 0.11640625