71 0.36015625 0.240625 0.065625 0.115625
71 0.253125 0.259375 0.053125 0.1125
71 0.1640625 0.26953125 0.04765625 0.0984375
71 0.371875 0.44140625 0.053125 0.1015625
71 0.4859375 0.4421875 0.06484375 0.10546875
71 0.62109375 0.4515625 0.078125 0.12421875
71 0.2796875 0.4640625 0.0546875 0.1140625
71 0.2 0.475 0.04375 0.0984375
71 0.30546875 0.65625 0.04609375 0.08671875
71 0.2296875 0.659375 0.04140625 0.08828125
71 0.40859375 0.66796875 0.05703125 0.09921875
71 0.50546875 0.675 0.0515625 0.10625
71 0.6265625 0.7015625 0.06640625 0.1125
71 0.6296875 0.20625 0.07578125 0.1515625
71 0.48203125 0.22890625 0.0609375 0.128125