21 0.2765625 0.1625 0.134375 0.10625
21 0.278125 0.35546875 0.1453125 0.11875
21 0.2921875 0.71796875 0.15 0.10625
21 0.29453125 0.5328125 0.184375 0.103125
21 0.3046875 0.88828125 0.1796875 0.0984375
21 0.559375 0.190625 0.134375 0.0953125
21 0.5609375 0.35234375 0.140625 0.09375
21 0.5703125 0.515625 0.1515625 0.0953125
21 0.5796875 0.69296875 0.1453125 0.0828125
21 0.58828125 0.86015625 0.178125 0.0875
21 0.78828125 0.22421875 0.1203125 0.075
21 0.79609375 0.3703125 0.121875 0.0859375
21 0.809375 0.51640625 0.125 0.0734375
21 0.8328125 0.6671875 0.128125 0.084375
21 0.84921875 0.80078125 0.134375 0.0796875