16 0.1890625 0.40390625 0.0796875 0.11640625
16 0.50859375 0.4078125 0.06171875 0.09765625
16 0.653125 0.40859375 0.06484375 0.1
16 0.34921875 0.41640625 0.0609375 0.1046875
16 0.78515625 0.425 0.06640625 0.11484375
16 0.5203125 0.61640625 0.07109375 0.13984375
16 0.65703125 0.621875 0.0640625 0.12265625
16 0.7984375 0.63046875 0.0625 0.1203125
16 0.33828125 0.63984375 0.0671875 0.140625
16 0.16796875 0.6546875 0.071875 0.14921875
16 0.20390625 0.2109375 0.075 0.11015625
16 0.365625 0.21640625 0.05546875 0.0921875
16 0.51015625 0.21953125 0.06484375 0.0984375
16 0.64375 0.22578125 0.071875 0.09765625
16 0.7625 0.23515625 0.05859375 0.08984375