34 0.74765625 0.2390625 0.08203125 0.090625
34 0.18359375 0.428125 0.09140625 0.13515625
34 0.34375 0.440625 0.0890625 0.11328125
34 0.49609375 0.47265625 0.090625 0.13984375
34 0.634375 0.48828125 0.09453125 0.12421875
34 0.78359375 0.49375 0.09453125 0.1203125
34 0.1265625 0.6859375 0.11328125 0.184375
34 0.284375 0.7203125 0.1 0.14609375
34 0.45234375 0.7375 0.10546875 0.15
34 0.6125 0.75625 0.10390625 0.16953125
34 0.790625 0.76796875 0.10390625 0.1453125
34 0.22578125 0.2078125 0.08671875 0.1234375
34 0.384375 0.2140625 0.065625 0.10703125
34 0.5171875 0.21953125 0.07109375 0.08515625
34 0.6359375 0.22421875 0.0734375 0.09453125