8 0.71875 0.5012019230769231 0.07572115384615384 0.13581730769230768
8 0.5673076923076923 0.5024038461538461 0.0733173076923077 0.15144230769230768
8 0.8293269230769231 0.5108173076923077 0.06370192307692307 0.13221153846153846
8 0.39783653846153844 0.5120192307692307 0.08533653846153846 0.16466346153846154
8 0.1658653846153846 0.5204326923076923 0.10096153846153846 0.18509615384615385
8 0.8088942307692307 0.734375 0.0673076923076923 0.1310096153846154
8 0.6983173076923077 0.7403846153846154 0.07572115384615384 0.13221153846153846
8 0.5408653846153846 0.7596153846153846 0.07451923076923077 0.15384615384615385
8 0.390625 0.7908653846153846 0.07932692307692307 0.14903846153846154
8 0.18389423076923078 0.8221153846153846 0.11057692307692307 0.16826923076923078
8 0.14182692307692307 0.1502403846153846 0.10216346153846154 0.18269230769230768
8 0.34975961538461536 0.16947115384615385 0.09735576923076923 0.18509615384615385
8 0.5252403846153846 0.18028846153846154 0.09134615384615384 0.17067307692307693
8 0.6670673076923077 0.20552884615384615 0.08413461538461539 0.14783653846153846
8 0.8040865384615384 0.21514423076923078 0.09254807692307693 0.14302884615384615