18 0.18828125 0.49375 0.0890625 0.215625
18 0.64453125 0.49921875 0.08125 0.178125
18 0.34375 0.5 0.103125 0.1984375
18 0.509375 0.5015625 0.084375 0.196875
18 0.79375 0.50703125 0.08125 0.1890625
18 0.21953125 0.79140625 0.071875 0.18125
18 0.38515625 0.7921875 0.0875 0.209375
18 0.5515625 0.7921875 0.075 0.2171875
18 0.8078125 0.796875 0.078125 0.221875
18 0.67890625 0.80234375 0.075 0.215625
18 0.465625 0.19140625 0.0984375 0.196875
18 0.30390625 0.19296875 0.109375 0.178125
18 0.61796875 0.2015625 0.0765625 0.18125
18 0.14296875 0.20234375 0.096875 0.19375
18 0.76484375 0.215625 0.0765625 0.19375