101 0.14296875 0.2453125 0.1140625 0.1734375
101 0.60234375 0.2484375 0.11015625 0.19609375
101 0.2953125 0.25234375 0.125 0.178125
101 0.74375 0.25625 0.0953125 0.19609375
101 0.46484375 0.25859375 0.1 0.1890625
101 0.7734375 0.51640625 0.103125 0.17734375
101 0.63046875 0.51640625 0.09921875 0.15390625
101 0.4703125 0.5234375 0.09375 0.1625
101 0.303125 0.54140625 0.10078125 0.14140625
101 0.1453125 0.54609375 0.08984375 0.1703125
101 0.7421875 0.775 0.08671875 0.16875
101 0.571875 0.78515625 0.0828125 0.1859375
101 0.41796875 0.79765625 0.0921875 0.16796875
101 0.28203125 0.7984375 0.0875 0.1453125
101 0.153125 0.8046875 0.0796875 0.146875