3 0.29609375 0.78046875 0.13125 0.0875
3 0.3140625 0.62890625 0.153125 0.078125
3 0.31875 0.17109375 0.14375 0.078125
3 0.3203125 0.33046875 0.15625 0.071875
3 0.321875 0.4828125 0.15 0.078125
3 0.5390625 0.4640625 0.1359375 0.06875
3 0.5421875 0.6046875 0.159375 0.065625
3 0.54296875 0.346875 0.14375 0.06875
3 0.55 0.74375 0.1625 0.090625
3 0.5578125 0.196875 0.159375 0.071875
3 0.72421875 0.3453125 0.14375 0.06875
3 0.72734375 0.18828125 0.14375 0.06875
3 0.728125 0.4703125 0.15625 0.071875
3 0.7375 0.5890625 0.1609375 0.0609375
3 0.75546875 0.71875 0.14375 0.075