26 0.69375 0.240625 0.0515625 0.14375
26 0.80625 0.246875 0.04453125 0.13203125
26 0.56875 0.25234375 0.0671875 0.18515625
26 0.4265625 0.25625 0.06875 0.18515625
26 0.26171875 0.28125 0.08203125 0.2171875
26 0.778125 0.48671875 0.046875 0.12265625
26 0.67578125 0.51875 0.04765625 0.1453125
26 0.5546875 0.53515625 0.05625 0.14765625
26 0.41484375 0.59453125 0.0734375 0.1640625
26 0.265625 0.64296875 0.07734375 0.1921875
26 0.7546875 0.66953125 0.04296875 0.1265625
26 0.66640625 0.7125 0.046875 0.13984375
26 0.5515625 0.7625 0.053125 0.14453125
26 0.4296875 0.83125 0.0578125 0.1609375
26 0.2703125 0.903125 0.06640625 0.153125