5 0.6375 0.5234375 0.0765625 0.16640625
5 0.79140625 0.53125 0.084375 0.19609375
5 0.134375 0.5375 0.0828125 0.1796875
5 0.34453125 0.53828125 0.08046875 0.18203125
5 0.503125 0.5421875 0.0796875 0.1703125
5 0.6484375 0.77265625 0.08125 0.16953125
5 0.7953125 0.77734375 0.07734375 0.175
5 0.49765625 0.790625 0.06796875 0.153125
5 0.33515625 0.80390625 0.07578125 0.175
5 0.1203125 0.8140625 0.084375 0.1671875
5 0.65390625 0.17109375 0.075 0.17421875
5 0.79609375 0.1796875 0.08046875 0.16953125
5 0.3515625 0.18203125 0.08359375 0.17890625
5 0.50625 0.18828125 0.07890625 0.1734375
5 0.1453125 0.2078125 0.09140625 0.16953125