20 0.3015625 0.25 0.04765625 0.1453125
20 0.22734375 0.2734375 0.046875 0.1359375
20 0.22265625 0.46953125 0.0484375 0.13828125
20 0.3046875 0.471875 0.053125 0.17109375
20 0.39140625 0.4796875 0.065625 0.209375
20 0.6703125 0.48046875 0.12421875 0.234375
20 0.50390625 0.48125 0.084375 0.1984375
20 0.20390625 0.7234375 0.06015625 0.19296875
20 0.2953125 0.7375 0.06015625 0.20703125
20 0.39140625 0.76875 0.0609375 0.24140625
20 0.509375 0.8 0.08125 0.26640625
20 0.6640625 0.81796875 0.12265625 0.275
20 0.64765625 0.17734375 0.11015625 0.21796875
20 0.5 0.2 0.07421875 0.1875
20 0.38984375 0.228125 0.0546875 0.15859375