8 0.2953125 0.2390625 0.121875 0.08125
8 0.29765625 0.81328125 0.1375 0.1046875
8 0.2984375 0.528125 0.134375 0.0953125
8 0.2984375 0.37890625 0.13125 0.0890625
8 0.30390625 0.6765625 0.146875 0.084375
8 0.521875 0.546875 0.1625 0.0859375
8 0.52265625 0.37578125 0.153125 0.078125
8 0.52265625 0.85703125 0.1453125 0.0796875
8 0.52421875 0.225 0.1625 0.090625
8 0.53359375 0.7046875 0.153125 0.08125
8 0.7796875 0.371875 0.178125 0.09375
8 0.78203125 0.215625 0.178125 0.109375
8 0.7875 0.5359375 0.1625 0.084375
8 0.79140625 0.71328125 0.178125 0.078125
8 0.7921875 0.88359375 0.18125 0.0875