1 0.71875 0.3921875 0.059375 0.14765625
1 0.8453125 0.39453125 0.0546875 0.14296875
1 0.55625 0.4046875 0.0625 0.16328125
1 0.4109375 0.425 0.06875 0.1796875
1 0.24765625 0.45 0.084375 0.2015625
1 0.8453125 0.6375 0.0578125 0.1578125
1 0.7125 0.66875 0.0578125 0.1546875
1 0.56484375 0.7171875 0.06875 0.171875
1 0.4234375 0.7515625 0.065625 0.16015625
1 0.26875 0.775 0.0765625 0.1796875
1 0.56875 0.08984375 0.07265625 0.16015625
1 0.415625 0.09140625 0.07421875 0.16796875
1 0.234375 0.0984375 0.0859375 0.18125
1 0.71484375 0.109375 0.06875 0.14296875
1 0.83984375 0.1234375 0.0546875 0.1375