13 0.5576923076923077 0.3088942307692308 0.07211538461538461 0.12139423076923077
13 0.7079326923076923 0.3137019230769231 0.09975961538461539 0.1502403846153846
13 0.4110576923076923 0.3293269230769231 0.06850961538461539 0.12980769230769232
13 0.2920673076923077 0.34615384615384615 0.07692307692307693 0.11298076923076923
13 0.18389423076923078 0.3581730769230769 0.06971153846153846 0.11658653846153846
13 0.5516826923076923 0.5132211538461539 0.08774038461538461 0.15865384615384615
13 0.7295673076923077 0.5204326923076923 0.09254807692307693 0.17307692307692307
13 0.3870192307692308 0.5252403846153846 0.08052884615384616 0.15144230769230768
13 0.2668269230769231 0.5384615384615384 0.07692307692307693 0.13942307692307693
13 0.14302884615384615 0.5432692307692307 0.07091346153846154 0.1310096153846154
13 0.07692307692307693 0.7548076923076923 0.06009615384615385 0.13822115384615385
13 0.203125 0.7584134615384616 0.09375 0.15625
13 0.33533653846153844 0.7692307692307693 0.06850961538461539 0.14903846153846154
13 0.5132211538461539 0.7800480769230769 0.07572115384615384 0.17067307692307693
13 0.7283653846153846 0.7884615384615384 0.109375 0.1875