22 0.734375 0.7875 0.121875 0.1015625
22 0.728125 0.634375 0.128125 0.103125
22 0.72421875 0.47890625 0.134375 0.109375
22 0.7234375 0.328125 0.14375 0.1
22 0.7125 0.17109375 0.1375 0.1046875
22 0.53828125 0.75859375 0.1046875 0.1
22 0.53125 0.6078125 0.1 0.08125
22 0.51328125 0.4796875 0.09375 0.078125
22 0.5015625 0.36015625 0.1078125 0.090625
22 0.4984375 0.21796875 0.1125 0.090625
22 0.3859375 0.73046875 0.0875 0.0875
22 0.38203125 0.596875 0.0828125 0.075
22 0.37421875 0.4875 0.0796875 0.0734375
22 0.365625 0.3765625 0.084375 0.075
22 0.34140625 0.2484375 0.084375 0.08125