1 0.74765625 0.2359375 0.175 0.05625
1 0.725 0.10703125 0.14375 0.053125
1 0.515625 0.4875 0.18125 0.078125
1 0.5125 0.6359375 0.1734375 0.096875
1 0.509375 0.0921875 0.125 0.0484375
1 0.50703125 0.35234375 0.175 0.0578125
1 0.5015625 0.209375 0.146875 0.053125
1 0.27890625 0.06953125 0.1515625 0.059375
1 0.25234375 0.1953125 0.1390625 0.0625
1 0.2421875 0.328125 0.159375 0.0578125
1 0.22890625 0.6703125 0.175 0.1078125
1 0.225 0.48046875 0.159375 0.078125
1 0.81640625 0.69453125 0.2375 0.0984375
1 0.796875 0.52890625 0.2 0.078125
1 0.771875 0.36640625 0.175 0.075