13 0.60390625 0.75234375 0.115625 0.0625
13 0.59609375 0.665625 0.121875 0.0640625
13 0.58125 0.5640625 0.15 0.075
13 0.553125 0.44375 0.153125 0.0875
13 0.51015625 0.2765625 0.19375 0.1
13 0.40546875 0.7515625 0.125 0.053125
13 0.37109375 0.67265625 0.125 0.0625
13 0.3109375 0.55859375 0.1375 0.075
13 0.24921875 0.43984375 0.15625 0.0890625
13 0.18828125 0.2859375 0.1703125 0.1125
13 0.83046875 0.27421875 0.1875 0.109375
13 0.828125 0.44609375 0.178125 0.090625
13 0.8234375 0.5640625 0.159375 0.078125
13 0.81953125 0.671875 0.14375 0.0671875
13 0.81015625 0.7609375 0.14375 0.0578125