22 0.86640625 0.403125 0.08125 0.1125
22 0.746875 0.4234375 0.09375 0.1265625
22 0.61484375 0.44765625 0.115625 0.15625
22 0.421875 0.48984375 0.15 0.18125
22 0.22578125 0.52109375 0.1453125 0.234375
22 0.86640625 0.67109375 0.0984375 0.159375
22 0.759375 0.70390625 0.0890625 0.13125
22 0.61171875 0.73671875 0.10625 0.1359375
22 0.46015625 0.78984375 0.121875 0.203125
22 0.27265625 0.84921875 0.15 0.2015625
22 0.7375 0.18203125 0.09375 0.134375
22 0.84921875 0.18515625 0.0765625 0.13125
22 0.1796875 0.18515625 0.1640625 0.209375
22 0.61796875 0.1890625 0.121875 0.153125
22 0.43046875 0.18984375 0.140625 0.1859375