15 0.59609375 0.25859375 0.09609375 0.16796875
15 0.31171875 0.271875 0.06015625 0.1609375
15 0.4375 0.2765625 0.07734375 0.1703125
15 0.20234375 0.27734375 0.0578125 0.153125
15 0.10546875 0.29765625 0.05703125 0.1421875
15 0.11953125 0.51015625 0.06015625 0.125
15 0.4859375 0.5109375 0.08125 0.1640625
15 0.34296875 0.5140625 0.05625 0.15078125
15 0.2234375 0.51875 0.05 0.1375
15 0.63515625 0.5265625 0.07578125 0.190625
15 0.51015625 0.72421875 0.0859375 0.1296875
15 0.340625 0.728125 0.06953125 0.1375
15 0.22890625 0.73125 0.0640625 0.153125
15 0.1234375 0.7421875 0.04375 0.15078125
15 0.6703125 0.746875 0.11015625 0.16015625