12 0.6703125 0.43125 0.0640625 0.1265625
12 0.29921875 0.43359375 0.075 0.146875
12 0.509375 0.43671875 0.08125 0.12109375
12 0.8171875 0.45234375 0.06796875 0.14140625
12 0.11875 0.45234375 0.06328125 0.165625
12 0.6703125 0.6953125 0.06640625 0.128125
12 0.27578125 0.696875 0.0546875 0.13125
12 0.81953125 0.7 0.07265625 0.10859375
12 0.11015625 0.703125 0.05625 0.1484375
12 0.4890625 0.7078125 0.05546875 0.1453125
12 0.32109375 0.1640625 0.0734375 0.1296875
12 0.1234375 0.17265625 0.0734375 0.14140625
12 0.521875 0.1796875 0.08125 0.1421875
12 0.6765625 0.18671875 0.06796875 0.1421875
12 0.81875 0.18671875 0.08515625 0.14375