20 0.7765625 0.24375 0.08984375 0.23671875
20 0.1375 0.48203125 0.0859375 0.1671875
20 0.4734375 0.49296875 0.08828125 0.175
20 0.309375 0.50859375 0.0921875 0.21171875
20 0.65078125 0.5125 0.0953125 0.18125
20 0.79453125 0.534375 0.08046875 0.18671875
20 0.49375 0.75625 0.08671875 0.1796875
20 0.15234375 0.7578125 0.0921875 0.17734375
20 0.80078125 0.76484375 0.0890625 0.17734375
20 0.32578125 0.771875 0.078125 0.171875
20 0.63046875 0.771875 0.0984375 0.18671875
20 0.25 0.19921875 0.1 0.17578125
20 0.425 0.19921875 0.1109375 0.19453125
20 0.09453125 0.2046875 0.0859375 0.1640625
20 0.61953125 0.2109375 0.10390625 0.20859375