10 0.38203125 0.2453125 0.08984375 0.16875
10 0.509375 0.25078125 0.075 0.1578125
10 0.61796875 0.25234375 0.08125 0.14453125
10 0.73515625 0.265625 0.07265625 0.1390625
10 0.7359375 0.50234375 0.0703125 0.140625
10 0.52578125 0.5078125 0.0796875 0.16015625
10 0.640625 0.51171875 0.07578125 0.1609375
10 0.38515625 0.525 0.0921875 0.1640625
10 0.19609375 0.5265625 0.0921875 0.1875
10 0.73125 0.71484375 0.06953125 0.14609375
10 0.6484375 0.725 0.0671875 0.13359375
10 0.51953125 0.74765625 0.06796875 0.15546875
10 0.3765625 0.771875 0.09140625 0.175
10 0.19453125 0.7796875 0.1 0.19453125
10 0.21171875 0.23125 0.09921875 0.1859375