1 0.859375 0.4483173076923077 0.09975961538461539 0.12139423076923077
1 0.5240384615384616 0.4519230769230769 0.10817307692307693 0.11298076923076923
1 0.6923076923076923 0.4567307692307692 0.10096153846153846 0.10336538461538461
1 0.3425480769230769 0.4735576923076923 0.10817307692307693 0.10817307692307693
1 0.12379807692307693 0.49278846153846156 0.09975961538461539 0.10817307692307693
1 0.8569711538461539 0.6730769230769231 0.09254807692307693 0.08653846153846154
1 0.6983173076923077 0.6802884615384616 0.09975961538461539 0.0985576923076923
1 0.5204326923076923 0.6947115384615384 0.09375 0.09495192307692307
1 0.3401442307692308 0.7067307692307693 0.10576923076923077 0.10336538461538461
1 0.12860576923076922 0.7115384615384616 0.09254807692307693 0.10817307692307693
1 0.6850961538461539 0.203125 0.10096153846153846 0.11778846153846154
1 0.5180288461538461 0.203125 0.10817307692307693 0.109375
1 0.3293269230769231 0.20432692307692307 0.125 0.10336538461538461
1 0.8461538461538461 0.2091346153846154 0.1141826923076923 0.125
1 0.12860576923076922 0.21153846153846154 0.109375 0.12259615384615384