19 0.66953125 0.23828125 0.10546875 0.12265625
19 0.196875 0.24140625 0.09140625 0.11953125
19 0.5078125 0.24375 0.11015625 0.134375
19 0.8140625 0.246875 0.09921875 0.1359375
19 0.35 0.2484375 0.1125 0.14375
19 0.671875 0.48828125 0.11328125 0.15078125
19 0.51015625 0.49765625 0.1203125 0.16171875
19 0.3375 0.4984375 0.12578125 0.1484375
19 0.83671875 0.50234375 0.09375 0.16015625
19 0.1640625 0.50390625 0.10859375 0.1640625
19 0.6671875 0.78671875 0.125 0.16484375
19 0.484375 0.790625 0.1171875 0.16328125
19 0.1265625 0.79296875 0.1125 0.16328125
19 0.30546875 0.79453125 0.12890625 0.175
19 0.85546875 0.81171875 0.1265625 0.20078125