31 0.2234375 0.24765625 0.06015625 0.1078125
31 0.63515625 0.25078125 0.08203125 0.1390625
31 0.121875 0.25234375 0.059375 0.103125
31 0.3484375 0.26171875 0.06484375 0.121875
31 0.4765625 0.2734375 0.0828125 0.1359375
31 0.1296875 0.48984375 0.05625 0.11328125
31 0.23046875 0.49921875 0.06015625 0.12578125
31 0.41875 0.52109375 0.0703125 0.11484375
31 0.55703125 0.52734375 0.07109375 0.12578125
31 0.69296875 0.5296875 0.0765625 0.13125
31 0.13828125 0.68984375 0.059375 0.12109375
31 0.23671875 0.70546875 0.0640625 0.1265625
31 0.384375 0.7078125 0.075 0.11953125
31 0.5203125 0.72734375 0.07578125 0.12109375
31 0.65625 0.73515625 0.08203125 0.1171875