9 0.74453125 0.303125 0.096875 0.20078125
9 0.578125 0.30546875 0.08203125 0.18125
9 0.42890625 0.3109375 0.09453125 0.178125
9 0.2828125 0.31953125 0.08359375 0.153125
9 0.14453125 0.321875 0.090625 0.1671875
9 0.59296875 0.565625 0.06953125 0.165625
9 0.4421875 0.57109375 0.08828125 0.1578125
9 0.73515625 0.57109375 0.08125 0.1765625
9 0.3125 0.58203125 0.0828125 0.146875
9 0.1875 0.584375 0.078125 0.15078125
9 0.46484375 0.7765625 0.07734375 0.125
9 0.21171875 0.7796875 0.08046875 0.1265625
9 0.32109375 0.78046875 0.071875 0.12421875
9 0.58515625 0.78671875 0.07890625 0.14609375
9 0.7171875 0.80234375 0.1015625 0.14453125