20 0.74921875 0.44609375 0.125 0.0640625
20 0.7484375 0.5921875 0.15 0.090625
20 0.74609375 0.22890625 0.109375 0.053125
20 0.7421875 0.328125 0.1296875 0.059375
20 0.71953125 0.15 0.1109375 0.05
20 0.528125 0.178125 0.1125 0.05625
20 0.525 0.34921875 0.115625 0.0625
20 0.52265625 0.26015625 0.1078125 0.05625
20 0.50859375 0.459375 0.11875 0.0734375
20 0.47890625 0.5859375 0.146875 0.0796875
20 0.3484375 0.2046875 0.10625 0.0578125
20 0.32578125 0.28515625 0.10625 0.05625
20 0.3015625 0.36484375 0.1125 0.0640625
20 0.26484375 0.4796875 0.134375 0.071875
20 0.24296875 0.584375 0.128125 0.071875