4 0.7875 0.2953125 0.0984375 0.11875
4 0.465625 0.29609375 0.07890625 0.1203125
4 0.62890625 0.3 0.08046875 0.13203125
4 0.30546875 0.30078125 0.0796875 0.1484375
4 0.1609375 0.309375 0.07734375 0.13203125
4 0.78203125 0.4859375 0.07578125 0.11796875
4 0.6546875 0.5015625 0.07890625 0.10859375
4 0.48984375 0.50546875 0.06015625 0.10546875
4 0.3140625 0.515625 0.0734375 0.11171875
4 0.15390625 0.5203125 0.08046875 0.1359375
4 0.8078125 0.7015625 0.0890625 0.1078125
4 0.653125 0.709375 0.084375 0.10390625
4 0.4796875 0.725 0.07890625 0.12578125
4 0.31328125 0.7375 0.078125 0.1375
4 0.16015625 0.74921875 0.0890625 0.175