16 0.23671875 0.15234375 0.1375 0.0734375
16 0.44765625 0.125 0.121875 0.071875
16 0.45 0.22109375 0.1453125 0.0984375
16 0.465625 0.3484375 0.153125 0.1109375
16 0.4984375 0.49140625 0.15625 0.128125
16 0.51328125 0.671875 0.171875 0.15625
16 0.65390625 0.11875 0.128125 0.08125
16 0.671875 0.21484375 0.1375 0.0828125
16 0.72265625 0.3390625 0.15 0.1125
16 0.78125 0.46484375 0.14375 0.109375
16 0.82578125 0.64453125 0.21875 0.18125
16 0.16953125 0.7296875 0.1921875 0.16875
16 0.203125 0.5296875 0.178125 0.1453125
16 0.209375 0.365625 0.140625 0.1125
16 0.21796875 0.2546875 0.1375 0.0875