14 0.88359375 0.3484375 0.103125 0.12890625
14 0.6921875 0.3625 0.09921875 0.1203125
14 0.49453125 0.3765625 0.10234375 0.12109375
14 0.32109375 0.396875 0.09375 0.10703125
14 0.14296875 0.40703125 0.10546875 0.125
14 0.81328125 0.5609375 0.075 0.0921875
14 0.6515625 0.58203125 0.0875 0.0953125
14 0.48359375 0.6 0.07578125 0.096875
14 0.3390625 0.6296875 0.08359375 0.08984375
14 0.196875 0.64296875 0.084375 0.090625
14 0.7828125 0.70390625 0.071875 0.07734375
14 0.64296875 0.71875 0.0734375 0.08203125
14 0.4875 0.7453125 0.06875 0.07734375
14 0.353125 0.76640625 0.08046875 0.08125
14 0.225 0.79765625 0.071875 0.0703125