25 0.21875 0.25 0.07091346153846154 0.16346153846153846
25 0.11538461538461539 0.25841346153846156 0.06009615384615385 0.15144230769230768
25 0.4651442307692308 0.49278846153846156 0.09014423076923077 0.16105769230769232
25 0.3329326923076923 0.5036057692307693 0.0829326923076923 0.1622596153846154
25 0.11778846153846154 0.5060096153846154 0.054086538461538464 0.13942307692307693
25 0.6153846153846154 0.5060096153846154 0.09615384615384616 0.19110576923076922
25 0.21875 0.5132211538461539 0.06370192307692307 0.16105769230769232
25 0.12259615384615384 0.7439903846153846 0.056490384615384616 0.140625
25 0.22716346153846154 0.7548076923076923 0.0673076923076923 0.14182692307692307
25 0.34375 0.7596153846153846 0.07572115384615384 0.16706730769230768
25 0.48677884615384615 0.7692307692307693 0.07451923076923077 0.17668269230769232
25 0.6346153846153846 0.7932692307692307 0.0889423076923077 0.20552884615384615
25 0.59375 0.20192307692307693 0.08774038461538461 0.21514423076923078
25 0.45072115384615385 0.21634615384615385 0.09014423076923077 0.1814903846153846
25 0.3173076923076923 0.23197115384615385 0.078125 0.17307692307692307