19 0.7609375 0.503125 0.08671875 0.1625
19 0.59296875 0.5140625 0.0765625 0.16015625
19 0.4296875 0.51640625 0.0671875 0.165625
19 0.140625 0.52578125 0.0671875 0.17421875
19 0.28125 0.5265625 0.06640625 0.15703125
19 0.14296875 0.77890625 0.0765625 0.17265625
19 0.29453125 0.784375 0.07890625 0.1734375
19 0.43359375 0.784375 0.07421875 0.16953125
19 0.75234375 0.78671875 0.08671875 0.20625
19 0.6078125 0.79296875 0.0875 0.196875
19 0.7015625 0.2140625 0.084375 0.2015625
19 0.55390625 0.21640625 0.07578125 0.1734375
19 0.403125 0.221875 0.078125 0.1890625
19 0.27109375 0.2234375 0.08203125 0.1984375
19 0.14140625 0.2296875 0.0828125 0.20859375