20 0.7640625 0.4546875 0.065625 0.13125
20 0.6234375 0.45625 0.0734375 0.1359375
20 0.4625 0.47734375 0.096875 0.128125
20 0.26953125 0.47890625 0.0875 0.128125
20 0.1125 0.49140625 0.0875 0.1515625
20 0.44140625 0.7921875 0.084375 0.11875
20 0.75859375 0.80234375 0.071875 0.1296875
20 0.63828125 0.80234375 0.08125 0.125
20 0.121875 0.80390625 0.0828125 0.134375
20 0.2734375 0.80390625 0.078125 0.125
20 0.11640625 0.20234375 0.075 0.153125
20 0.7828125 0.2171875 0.0765625 0.128125
20 0.28984375 0.2171875 0.071875 0.11875
20 0.6234375 0.22109375 0.0734375 0.14375
20 0.47890625 0.2234375 0.096875 0.1625