3 0.8100961538461539 0.421875 0.055288461538461536 0.140625
3 0.6911057692307693 0.4375 0.057692307692307696 0.14182692307692307
3 0.5949519230769231 0.4735576923076923 0.05889423076923077 0.13822115384615385
3 0.4807692307692308 0.49399038461538464 0.07091346153846154 0.1466346153846154
3 0.30528846153846156 0.5384615384615384 0.0829326923076923 0.17067307692307693
3 0.8485576923076923 0.6538461538461539 0.0625 0.1502403846153846
3 0.7596153846153846 0.6802884615384616 0.056490384615384616 0.14783653846153846
3 0.6574519230769231 0.7331730769230769 0.06370192307692307 0.13581730769230768
3 0.5324519230769231 0.7956730769230769 0.06490384615384616 0.14182692307692307
3 0.3557692307692308 0.8617788461538461 0.06610576923076923 0.15384615384615385
3 0.6574519230769231 0.18028846153846154 0.07211538461538461 0.14543269230769232
3 0.7740384615384616 0.1814903846153846 0.0625 0.1346153846153846
3 0.5492788461538461 0.19591346153846154 0.07091346153846154 0.1466346153846154
3 0.25841346153846156 0.21394230769230768 0.0733173076923077 0.15625
3 0.41466346153846156 0.21394230769230768 0.08173076923076923 0.16706730769230768