34 0.8484375 0.49296875 0.12578125 0.159375
34 0.3390625 0.503125 0.13671875 0.16640625
34 0.14609375 0.50390625 0.15234375 0.18671875
34 0.50625 0.50703125 0.12421875 0.17265625
34 0.6640625 0.5078125 0.13359375 0.16796875
34 0.8796875 0.74921875 0.09453125 0.1609375
34 0.70625 0.76171875 0.128125 0.18359375
34 0.51484375 0.77421875 0.11640625 0.1625
34 0.36640625 0.7828125 0.12421875 0.1609375
34 0.1671875 0.81875 0.159375 0.16796875
34 0.684375 0.18984375 0.1203125 0.178125
34 0.85 0.20078125 0.1296875 0.17578125
34 0.32734375 0.20234375 0.1375 0.16796875
34 0.49921875 0.20390625 0.13828125 0.1734375
34 0.134375 0.20625 0.16484375 0.19375