19 0.5 0.2421875 0.09375 0.134375
19 0.37421875 0.26484375 0.090625 0.1421875
19 0.24921875 0.29296875 0.090625 0.1375
19 0.13515625 0.31484375 0.0640625 0.125
19 0.7609375 0.45390625 0.1125 0.1671875
19 0.61015625 0.47734375 0.1 0.15
19 0.47265625 0.51640625 0.121875 0.1703125
19 0.328125 0.525 0.0828125 0.16875
19 0.2046875 0.53203125 0.084375 0.1453125
19 0.16328125 0.71171875 0.084375 0.15625
19 0.31015625 0.74609375 0.084375 0.1546875
19 0.603125 0.75546875 0.109375 0.1734375
19 0.453125 0.7578125 0.109375 0.178125
19 0.746875 0.7703125 0.128125 0.196875
19 0.64609375 0.22421875 0.1078125 0.15625