14 0.31640625 0.44140625 0.0828125 0.165625
14 0.4796875 0.46015625 0.07265625 0.14609375
14 0.83828125 0.46171875 0.0625 0.1328125
14 0.61875 0.465625 0.07421875 0.15078125
14 0.7359375 0.47109375 0.0625 0.1328125
14 0.82578125 0.75859375 0.05859375 0.121875
14 0.7421875 0.775 0.0625 0.12421875
14 0.60546875 0.79765625 0.06171875 0.14921875
14 0.45546875 0.8171875 0.07578125 0.15234375
14 0.27890625 0.83828125 0.07890625 0.15859375
14 0.325 0.16484375 0.0796875 0.13125
14 0.48828125 0.19453125 0.0765625 0.1390625
14 0.61171875 0.20078125 0.07109375 0.134375
14 0.71640625 0.20390625 0.06328125 0.13203125
14 0.8171875 0.21171875 0.06171875 0.11953125