18 0.5829326923076923 0.3389423076923077 0.09014423076923077 0.16947115384615385
18 0.7524038461538461 0.34134615384615385 0.09014423076923077 0.1814903846153846
18 0.421875 0.35216346153846156 0.08413461538461539 0.1622596153846154
18 0.2512019230769231 0.359375 0.09735576923076923 0.15264423076923078
18 0.125 0.36658653846153844 0.09615384615384616 0.14302884615384615
18 0.4579326923076923 0.5829326923076923 0.08173076923076923 0.16105769230769232
18 0.171875 0.5865384615384616 0.07692307692307693 0.12740384615384615
18 0.6057692307692307 0.5913461538461539 0.08413461538461539 0.1658653846153846
18 0.7548076923076923 0.5925480769230769 0.06370192307692307 0.171875
18 0.3112980769230769 0.5949519230769231 0.0829326923076923 0.15264423076923078
18 0.47836538461538464 0.8088942307692307 0.06490384615384616 0.12860576923076922
18 0.6129807692307693 0.8125 0.07091346153846154 0.140625
18 0.328125 0.8137019230769231 0.07451923076923077 0.12980769230769232
18 0.20673076923076922 0.8137019230769231 0.07211538461538461 0.125
18 0.7331730769230769 0.8173076923076923 0.06610576923076923 0.14903846153846154