12 0.14765625 0.26484375 0.08984375 0.19453125
12 0.34296875 0.2703125 0.08125 0.2140625
12 0.50625 0.27109375 0.09609375 0.196875
12 0.6796875 0.28359375 0.0765625 0.20078125
12 0.8203125 0.29453125 0.0796875 0.21640625
12 0.1671875 0.525 0.075 0.13671875
12 0.6375 0.53828125 0.0703125 0.1578125
12 0.50625 0.5390625 0.0625 0.1578125
12 0.34453125 0.540625 0.06328125 0.14375
12 0.76328125 0.5453125 0.06953125 0.1375
12 0.7765625 0.7421875 0.06953125 0.109375
12 0.184375 0.759375 0.08203125 0.140625
12 0.6328125 0.76015625 0.06640625 0.11171875
12 0.49375 0.7609375 0.06015625 0.11875
12 0.35078125 0.76796875 0.06015625 0.1171875