16 0.51484375 0.2359375 0.140625 0.165625
16 0.6875 0.24140625 0.13125 0.1515625
16 0.1484375 0.24609375 0.165625 0.19375
16 0.828125 0.46875 0.1265625 0.1375
16 0.66015625 0.48203125 0.1359375 0.14375
16 0.509375 0.50390625 0.121875 0.13125
16 0.33671875 0.5203125 0.140625 0.140625
16 0.1609375 0.53359375 0.1375 0.1625
16 0.853125 0.7015625 0.10625 0.1265625
16 0.71171875 0.7203125 0.121875 0.13125
16 0.53828125 0.7375 0.125 0.13125
16 0.3625 0.74765625 0.1265625 0.1375
16 0.1671875 0.76875 0.1453125 0.146875
16 0.8515625 0.23125 0.10625 0.15625
16 0.3359375 0.23359375 0.1296875 0.159375