1 0.61484375 0.52734375 0.0703125 0.1734375
1 0.18515625 0.53359375 0.0734375 0.19140625
1 0.7515625 0.5359375 0.07109375 0.18671875
1 0.4703125 0.5390625 0.07734375 0.17734375
1 0.33515625 0.54375 0.0734375 0.18671875
1 0.59921875 0.81484375 0.0734375 0.16015625
1 0.73984375 0.8296875 0.0765625 0.184375
1 0.3046875 0.83828125 0.075 0.196875
1 0.446875 0.840625 0.084375 0.18828125
1 0.1796875 0.84296875 0.07265625 0.20625
1 0.6296875 0.17421875 0.0796875 0.1828125
1 0.775 0.1765625 0.08046875 0.18671875
1 0.48203125 0.1875 0.0796875 0.1671875
1 0.19296875 0.20234375 0.078125 0.19140625
1 0.346875 0.2046875 0.0578125 0.16796875