33 0.26015625 0.26484375 0.07421875 0.11875
33 0.159375 0.30859375 0.0671875 0.12578125
33 0.71796875 0.4203125 0.11328125 0.16640625
33 0.52578125 0.42734375 0.0859375 0.1375
33 0.39765625 0.44296875 0.0765625 0.1359375
33 0.2828125 0.47265625 0.06953125 0.12109375
33 0.16484375 0.48984375 0.0703125 0.140625
33 0.4296875 0.6765625 0.06640625 0.128125
33 0.2953125 0.690625 0.06640625 0.12734375
33 0.740625 0.690625 0.11015625 0.18359375
33 0.55859375 0.69140625 0.0921875 0.14765625
33 0.175 0.6953125 0.06171875 0.11796875
33 0.68359375 0.18984375 0.12421875 0.17109375
33 0.5125 0.2046875 0.0984375 0.15
33 0.38359375 0.2328125 0.084375 0.14453125