14 0.5396634615384616 0.2692307692307692 0.0889423076923077 0.11899038461538461
14 0.7139423076923077 0.2692307692307692 0.08413461538461539 0.1201923076923077
14 0.8786057692307693 0.2704326923076923 0.07451923076923077 0.12620192307692307
14 0.39302884615384615 0.28966346153846156 0.08533653846153846 0.12259615384615384
14 0.19951923076923078 0.3016826923076923 0.10336538461538461 0.13581730769230768
14 0.8389423076923077 0.46875 0.07572115384615384 0.09254807692307693
14 0.6887019230769231 0.4855769230769231 0.06850961538461539 0.09975961538461539
14 0.5625 0.49038461538461536 0.07572115384615384 0.09615384615384616
14 0.41225961538461536 0.5012019230769231 0.078125 0.10216346153846154
14 0.24158653846153846 0.5132211538461539 0.09134615384615384 0.12259615384615384
14 0.7884615384615384 0.6382211538461539 0.054086538461538464 0.07572115384615384
14 0.6875 0.6442307692307693 0.055288461538461536 0.07211538461538461
14 0.5588942307692307 0.6598557692307693 0.06009615384615385 0.07572115384615384
14 0.4266826923076923 0.6706730769230769 0.06850961538461539 0.07572115384615384
14 0.27163461538461536 0.6802884615384616 0.07692307692307693 0.0985576923076923