34 0.18046875 0.2359375 0.0875 0.14375
34 0.78828125 0.240625 0.0859375 0.13671875
34 0.50234375 0.24453125 0.08125 0.13359375
34 0.6546875 0.2453125 0.0765625 0.146875
34 0.8390625 0.471875 0.090625 0.11953125
34 0.71171875 0.48984375 0.08046875 0.1203125
34 0.16640625 0.5046875 0.084375 0.17109375
34 0.5921875 0.51328125 0.07109375 0.1265625
34 0.446875 0.53125 0.07734375 0.146875
34 0.7453125 0.73125 0.07578125 0.10859375
34 0.628125 0.73828125 0.075 0.1109375
34 0.465625 0.7515625 0.07890625 0.11796875
34 0.159375 0.75234375 0.08125 0.13828125
34 0.3296875 0.75625 0.07578125 0.1265625
34 0.3484375 0.23203125 0.0875 0.1359375