9 0.740625 0.26796875 0.09375 0.209375
9 0.5890625 0.29296875 0.096875 0.1984375
9 0.4484375 0.3 0.1015625 0.19375
9 0.30625 0.31953125 0.084375 0.171875
9 0.1515625 0.33359375 0.1046875 0.178125
9 0.759375 0.55 0.0953125 0.178125
9 0.625 0.5640625 0.1078125 0.171875
9 0.4671875 0.57265625 0.0921875 0.1703125
9 0.1859375 0.575 0.0921875 0.15
9 0.3296875 0.58046875 0.084375 0.146875
9 0.209375 0.78203125 0.0890625 0.15625
9 0.3578125 0.803125 0.096875 0.15
9 0.77421875 0.8140625 0.10625 0.178125
9 0.49453125 0.82421875 0.115625 0.16875
9 0.63671875 0.82890625 0.103125 0.15625