22 0.5828125 0.70546875 0.159375 0.103125
22 0.58203125 0.88359375 0.1375 0.0921875
22 0.5625 0.4859375 0.15 0.103125
22 0.53671875 0.296875 0.140625 0.109375
22 0.5140625 0.0953125 0.1703125 0.1015625
22 0.315625 0.703125 0.1578125 0.103125
22 0.30859375 0.8921875 0.1625 0.084375
22 0.2890625 0.49453125 0.171875 0.10625
22 0.26640625 0.29453125 0.1625 0.103125
22 0.2140625 0.103125 0.1625 0.103125
22 0.8359375 0.3109375 0.1625 0.109375
22 0.83359375 0.4875 0.1578125 0.1125
22 0.8265625 0.69921875 0.14375 0.115625
22 0.82578125 0.875 0.1453125 0.09375
22 0.8234375 0.11953125 0.14375 0.10625