3 0.74296875 0.45078125 0.0796875 0.12421875
3 0.86015625 0.4515625 0.08046875 0.12578125
3 0.60078125 0.46171875 0.0984375 0.10859375
3 0.40546875 0.48671875 0.1 0.14296875
3 0.18515625 0.50625 0.1078125 0.13671875
3 0.8890625 0.74453125 0.08125 0.128125
3 0.765625 0.7453125 0.09921875 0.11953125
3 0.61484375 0.784375 0.1046875 0.1234375
3 0.44296875 0.82265625 0.10859375 0.1421875
3 0.246875 0.875 0.11796875 0.14921875
3 0.21484375 0.19453125 0.128125 0.1578125
3 0.4515625 0.196875 0.1 0.1234375
3 0.6125 0.20625 0.08046875 0.134375
3 0.73671875 0.21875 0.07421875 0.11640625
3 0.8328125 0.228125 0.06875 0.12109375