22 0.20390625 0.45390625 0.09296875 0.12890625
22 0.6296875 0.4546875 0.08125 0.1203125
22 0.4921875 0.45546875 0.08984375 0.12265625
22 0.35546875 0.45625 0.09609375 0.125
22 0.759375 0.45703125 0.07578125 0.11171875
22 0.74609375 0.65625 0.065625 0.1078125
22 0.62421875 0.6625 0.084375 0.11171875
22 0.49765625 0.66328125 0.0828125 0.10234375
22 0.240625 0.671875 0.07578125 0.11171875
22 0.36640625 0.671875 0.084375 0.11171875
22 0.49609375 0.2234375 0.0828125 0.1453125
22 0.16171875 0.22578125 0.08671875 0.1296875
22 0.64140625 0.22734375 0.08046875 0.12578125
22 0.77265625 0.23046875 0.08046875 0.128125
22 0.34921875 0.2328125 0.09375 0.13359375