21 0.4891826923076923 0.25 0.09615384615384616 0.13701923076923078
21 0.25961538461538464 0.25721153846153844 0.08052884615384616 0.13701923076923078
21 0.16466346153846154 0.25961538461538464 0.06610576923076923 0.13942307692307693
21 0.3605769230769231 0.2608173076923077 0.08533653846153846 0.14543269230769232
21 0.6358173076923077 0.2644230769230769 0.1045673076923077 0.1658653846153846
21 0.17427884615384615 0.4651442307692308 0.06490384615384616 0.11778846153846154
21 0.2644230769230769 0.4795673076923077 0.0733173076923077 0.13822115384615385
21 0.36658653846153844 0.4855769230769231 0.08173076923076923 0.13221153846153846
21 0.5036057692307693 0.5012019230769231 0.1045673076923077 0.15865384615384615
21 0.6514423076923077 0.5252403846153846 0.10697115384615384 0.1875
21 0.1814903846153846 0.6370192307692307 0.056490384615384616 0.109375
21 0.2668269230769231 0.6646634615384616 0.0733173076923077 0.12860576923076922
21 0.375 0.6911057692307693 0.07692307692307693 0.13581730769230768
21 0.5024038461538461 0.7223557692307693 0.09735576923076923 0.16105769230769232
21 0.6454326923076923 0.7752403846153846 0.11298076923076923 0.15264423076923078