3 0.6009615384615384 0.41225961538461536 0.051682692307692304 0.15144230769230768
3 0.7596153846153846 0.4182692307692308 0.06370192307692307 0.15384615384615385
3 0.47475961538461536 0.42788461538461536 0.057692307692307696 0.14302884615384615
3 0.16466346153846154 0.4326923076923077 0.052884615384615384 0.14903846153846154
3 0.3425480769230769 0.4387019230769231 0.056490384615384616 0.14302884615384615
3 0.6682692307692307 0.7007211538461539 0.06370192307692307 0.17067307692307693
3 0.8245192307692307 0.7139423076923077 0.07692307692307693 0.17427884615384615
3 0.5144230769230769 0.7211538461538461 0.06370192307692307 0.15985576923076922
3 0.3485576923076923 0.7439903846153846 0.06610576923076923 0.15504807692307693
3 0.13701923076923078 0.7536057692307693 0.055288461538461536 0.15144230769230768
3 0.5769230769230769 0.17067307692307693 0.06009615384615385 0.12740384615384615
3 0.7223557692307693 0.17668269230769232 0.06850961538461539 0.13221153846153846
3 0.4543269230769231 0.1778846153846154 0.06610576923076923 0.1346153846153846
3 0.18269230769230768 0.17908653846153846 0.052884615384615384 0.12860576923076922
3 0.32091346153846156 0.1814903846153846 0.06850961538461539 0.13221153846153846