15 0.6984375 0.25703125 0.05703125 0.16015625
15 0.79921875 0.2921875 0.05 0.13203125
15 0.2609375 0.4265625 0.12578125 0.1796875
15 0.45 0.45625 0.06171875 0.15390625
15 0.59375 0.459375 0.059375 0.15078125
15 0.71640625 0.46640625 0.04765625 0.14140625
15 0.80625 0.48203125 0.0390625 0.13359375
15 0.8109375 0.62734375 0.05703125 0.10546875
15 0.71796875 0.63125 0.06484375 0.0984375
15 0.5765625 0.66015625 0.07421875 0.13828125
15 0.43671875 0.703125 0.09140625 0.19140625
15 0.23515625 0.759375 0.084375 0.21875
15 0.25234375 0.11875 0.1359375 0.21796875
15 0.440625 0.16328125 0.0890625 0.18984375
15 0.5828125 0.20703125 0.0734375 0.18203125