89 0.1484375 0.41015625 0.0625 0.1265625
89 0.234375 0.41640625 0.071875 0.14375
89 0.33671875 0.42421875 0.07578125 0.1359375
89 0.48203125 0.4390625 0.115625 0.16171875
89 0.66484375 0.45 0.1421875 0.1890625
89 0.16328125 0.62421875 0.06484375 0.1359375
89 0.2515625 0.64375 0.07734375 0.1421875
89 0.34921875 0.65390625 0.08671875 0.14375
89 0.4828125 0.6859375 0.11640625 0.165625
89 0.6625 0.74296875 0.14453125 0.209375
89 0.46953125 0.18359375 0.10859375 0.1828125
89 0.6453125 0.184375 0.13125 0.22265625
89 0.31796875 0.20234375 0.06875 0.17265625
89 0.215625 0.21015625 0.06953125 0.14140625
89 0.12734375 0.2203125 0.0515625 0.1390625