8 0.31009615384615385 0.24879807692307693 0.07572115384615384 0.15144230769230768
8 0.17307692307692307 0.25961538461538464 0.0673076923076923 0.14903846153846154
8 0.6526442307692307 0.5036057692307693 0.07932692307692307 0.14903846153846154
8 0.7884615384615384 0.5084134615384616 0.08653846153846154 0.140625
8 0.5 0.5108173076923077 0.07091346153846154 0.1346153846153846
8 0.35216346153846156 0.5204326923076923 0.07572115384615384 0.13581730769230768
8 0.19591346153846154 0.546875 0.07091346153846154 0.14543269230769232
8 0.6358173076923077 0.7536057692307693 0.07932692307692307 0.13701923076923078
8 0.4807692307692308 0.7572115384615384 0.0733173076923077 0.12860576923076922
8 0.7740384615384616 0.7584134615384616 0.07932692307692307 0.1502403846153846
8 0.3557692307692308 0.7620192307692307 0.0673076923076923 0.13822115384615385
8 0.21153846153846154 0.7704326923076923 0.078125 0.140625
8 0.7439903846153846 0.19591346153846154 0.10336538461538461 0.13581730769230768
8 0.5877403846153846 0.2127403846153846 0.0829326923076923 0.15865384615384615
8 0.44711538461538464 0.22716346153846154 0.08052884615384616 0.15745192307692307