22 0.6225961538461539 0.2620192307692308 0.11298076923076923 0.1310096153846154
22 0.7884615384615384 0.2644230769230769 0.10096153846153846 0.13822115384615385
22 0.4375 0.27283653846153844 0.09975961538461539 0.13822115384615385
22 0.27163461538461536 0.2776442307692308 0.12139423076923077 0.12740384615384615
22 0.10096153846153846 0.2848557692307692 0.11057692307692307 0.13221153846153846
22 0.7764423076923077 0.4074519230769231 0.10216346153846154 0.09615384615384616
22 0.6237980769230769 0.4182692307692308 0.10817307692307693 0.0985576923076923
22 0.4639423076923077 0.4254807692307692 0.08413461538461539 0.09495192307692307
22 0.32091346153846156 0.43509615384615385 0.10576923076923077 0.10336538461538461
22 0.16826923076923078 0.44591346153846156 0.1141826923076923 0.1045673076923077
22 0.7548076923076923 0.5384615384615384 0.10096153846153846 0.09495192307692307
22 0.6153846153846154 0.5444711538461539 0.10096153846153846 0.08774038461538461
22 0.47836538461538464 0.5576923076923077 0.09735576923076923 0.08653846153846154
22 0.359375 0.5757211538461539 0.09975961538461539 0.08533653846153846
22 0.22716346153846154 0.5961538461538461 0.10576923076923077 0.08533653846153846