6 0.465625 0.240625 0.09375 0.121875
6 0.32421875 0.2515625 0.1 0.134375
6 0.16484375 0.2546875 0.1265625 0.146875
6 0.64375 0.45546875 0.1 0.146875
6 0.78984375 0.465625 0.090625 0.153125
6 0.49765625 0.46796875 0.1015625 0.15
6 0.17109375 0.48046875 0.09375 0.140625
6 0.3421875 0.4828125 0.1046875 0.146875
6 0.678125 0.7203125 0.1125 0.165625
6 0.50703125 0.72578125 0.10625 0.15625
6 0.32734375 0.7359375 0.103125 0.1484375
6 0.17109375 0.73671875 0.0828125 0.1546875
6 0.840625 0.75390625 0.09375 0.13125
6 0.75390625 0.2234375 0.103125 0.13125
6 0.59921875 0.22890625 0.096875 0.1375