0 0.24140625 0.6328125 0.1375 0.0640625
0 0.246875 0.75859375 0.140625 0.0625
0 0.3921875 0.23359375 0.109375 0.0640625
0 0.4 0.365625 0.1109375 0.065625
0 0.41484375 0.49921875 0.11875 0.0703125
0 0.42734375 0.625 0.115625 0.059375
0 0.43828125 0.75546875 0.109375 0.05625
0 0.609375 0.2546875 0.134375 0.06875
0 0.6109375 0.3640625 0.1234375 0.06875
0 0.625 0.49609375 0.1390625 0.0734375
0 0.64765625 0.61796875 0.134375 0.0625
0 0.665625 0.76484375 0.159375 0.0671875
0 0.22578125 0.3765625 0.121875 0.071875
0 0.22734375 0.24921875 0.128125 0.071875
0 0.2296875 0.5078125 0.125 0.0625