12 0.63671875 0.61640625 0.11875 0.11875
12 0.63671875 0.77890625 0.1375 0.0953125
12 0.61640625 0.44609375 0.1453125 0.125
12 0.61640625 0.28515625 0.140625 0.1453125
12 0.60859375 0.1125 0.1484375 0.1421875
12 0.4640625 0.77734375 0.1125 0.0875
12 0.45625 0.62421875 0.1 0.109375
12 0.43984375 0.46953125 0.1 0.103125
12 0.43125 0.32890625 0.10625 0.1234375
12 0.41484375 0.17890625 0.1 0.1234375
12 0.31953125 0.628125 0.0875 0.096875
12 0.31875 0.759375 0.075 0.090625
12 0.309375 0.48828125 0.0890625 0.096875
12 0.296875 0.35390625 0.0828125 0.1015625
12 0.28828125 0.22421875 0.078125 0.090625