8 0.2484375 0.72109375 0.125 0.0765625
8 0.2515625 0.5828125 0.1203125 0.0875
8 0.25546875 0.85078125 0.1375 0.071875
8 0.25625 0.44453125 0.140625 0.09375
8 0.26640625 0.29609375 0.165625 0.10625
8 0.46640625 0.56171875 0.1453125 0.065625
8 0.46875 0.41328125 0.15625 0.0953125
8 0.4765625 0.86171875 0.146875 0.084375
8 0.4796875 0.7140625 0.16875 0.090625
8 0.48125 0.253125 0.165625 0.09375
8 0.73984375 0.89609375 0.1703125 0.090625
8 0.75078125 0.72734375 0.16875 0.0859375
8 0.7515625 0.55390625 0.2078125 0.0828125
8 0.75703125 0.21328125 0.2125 0.1109375
8 0.7625 0.39296875 0.209375 0.103125