14 0.203125 0.2536057692307692 0.06370192307692307 0.14903846153846154
14 0.09254807692307693 0.28365384615384615 0.052884615384615384 0.15264423076923078
14 0.5072115384615384 0.4795673076923077 0.08173076923076923 0.15745192307692307
14 0.35336538461538464 0.4855769230769231 0.08052884615384616 0.14543269230769232
14 0.7103365384615384 0.4879807692307692 0.10576923076923077 0.18629807692307693
14 0.203125 0.5144230769230769 0.06610576923076923 0.14783653846153846
14 0.09254807692307693 0.5192307692307693 0.055288461538461536 0.12620192307692307
14 0.10216346153846154 0.7572115384615384 0.0625 0.125
14 0.21033653846153846 0.7632211538461539 0.06370192307692307 0.15144230769230768
14 0.5288461538461539 0.7644230769230769 0.08533653846153846 0.1814903846153846
14 0.34975961538461536 0.7668269230769231 0.0733173076923077 0.14783653846153846
14 0.6971153846153846 0.7980769230769231 0.1045673076923077 0.1875
14 0.7115384615384616 0.18990384615384615 0.1310096153846154 0.19471153846153846
14 0.5012019230769231 0.19230769230769232 0.08052884615384616 0.1622596153846154
14 0.33653846153846156 0.23197115384615385 0.07451923076923077 0.1658653846153846