24 0.66953125 0.26875 0.10234375 0.1640625
24 0.53515625 0.278125 0.08359375 0.1453125
24 0.27734375 0.28515625 0.0796875 0.14140625
24 0.16171875 0.2859375 0.07109375 0.15234375
24 0.3953125 0.290625 0.08984375 0.128125
24 0.16875 0.49921875 0.07578125 0.14453125
24 0.28203125 0.50703125 0.07578125 0.12421875
24 0.4296875 0.51171875 0.07734375 0.13359375
24 0.55859375 0.51875 0.08828125 0.13203125
24 0.68046875 0.525 0.0890625 0.14921875
24 0.29296875 0.7328125 0.07109375 0.11328125
24 0.18203125 0.73359375 0.06875 0.1234375
24 0.42578125 0.7359375 0.084375 0.1296875
24 0.55 0.7453125 0.08828125 0.13828125
24 0.68046875 0.75234375 0.0984375 0.13828125