91 0.84921875 0.4375 0.0828125 0.13203125
91 0.66171875 0.44765625 0.08203125 0.11796875
91 0.51015625 0.453125 0.090625 0.1234375
91 0.33125 0.471875 0.07890625 0.1421875
91 0.1390625 0.49921875 0.06796875 0.1734375
91 0.80625 0.61328125 0.08125 0.1
91 0.67421875 0.63125 0.0625 0.09453125
91 0.5265625 0.6375 0.07734375 0.11171875
91 0.36640625 0.65078125 0.07421875 0.10078125
91 0.19296875 0.6859375 0.07265625 0.11796875
91 0.80546875 0.7828125 0.0703125 0.10078125
91 0.67265625 0.79140625 0.0625 0.08984375
91 0.5359375 0.80390625 0.05390625 0.1
91 0.39140625 0.8234375 0.06875 0.10625
91 0.23515625 0.84375 0.0734375 0.103125