16 0.81328125 0.41640625 0.06875 0.13984375
16 0.640625 0.425 0.08359375 0.15234375
16 0.4984375 0.4375 0.08125 0.1390625
16 0.34921875 0.45625 0.1 0.14375
16 0.17421875 0.4796875 0.08984375 0.190625
16 0.80546875 0.64609375 0.0796875 0.1328125
16 0.6578125 0.6640625 0.075 0.16015625
16 0.509375 0.69609375 0.078125 0.16796875
16 0.35234375 0.72109375 0.09296875 0.16015625
16 0.190625 0.7453125 0.07578125 0.1484375
16 0.8171875 0.20234375 0.09296875 0.1640625
16 0.65234375 0.2046875 0.10625 0.16796875
16 0.48515625 0.21875 0.08984375 0.18125
16 0.3328125 0.2203125 0.09296875 0.18515625
16 0.17265625 0.22109375 0.1078125 0.1875