13 0.45390625 0.40859375 0.11875 0.18984375
13 0.271875 0.41015625 0.1125 0.1640625
13 0.62734375 0.41953125 0.12265625 0.2125
13 0.11953125 0.42578125 0.12890625 0.1734375
13 0.78828125 0.43046875 0.134375 0.22421875
13 0.140625 0.68046875 0.11328125 0.17734375
13 0.46796875 0.690625 0.1109375 0.1796875
13 0.634375 0.6921875 0.11640625 0.17265625
13 0.284375 0.696875 0.1078125 0.17421875
13 0.81484375 0.7234375 0.128125 0.1890625
13 0.625 0.1359375 0.1015625 0.19140625
13 0.8 0.1421875 0.109375 0.18984375
13 0.275 0.14765625 0.12890625 0.1765625
13 0.45234375 0.14765625 0.10859375 0.1953125
13 0.125 0.1609375 0.121875 0.17578125