25 0.703125 0.23798076923076922 0.08052884615384616 0.14903846153846154
25 0.5745192307692307 0.24278846153846154 0.0829326923076923 0.13701923076923078
25 0.44711538461538464 0.24519230769230768 0.07932692307692307 0.14182692307692307
25 0.328125 0.25 0.07692307692307693 0.13341346153846154
25 0.20432692307692307 0.2512019230769231 0.07451923076923077 0.1346153846153846
25 0.5925480769230769 0.45913461538461536 0.09254807692307693 0.140625
25 0.7391826923076923 0.46634615384615385 0.09615384615384616 0.15985576923076922
25 0.4519230769230769 0.4723557692307692 0.09134615384615384 0.14783653846153846
25 0.16706730769230768 0.4807692307692308 0.07572115384615384 0.14423076923076922
25 0.3125 0.4831730769230769 0.0673076923076923 0.15625
25 0.7776442307692307 0.7163461538461539 0.09615384615384616 0.19471153846153846
25 0.6225961538461539 0.7199519230769231 0.08173076923076923 0.1814903846153846
25 0.4579326923076923 0.7259615384615384 0.0889423076923077 0.18389423076923078
25 0.29086538461538464 0.7475961538461539 0.09254807692307693 0.16706730769230768
25 0.12379807692307693 0.7596153846153846 0.08533653846153846 0.1778846153846154