69 0.61796875 0.346875 0.0734375 0.09921875
69 0.4671875 0.35 0.075 0.1109375
69 0.30859375 0.35546875 0.07578125 0.103125
69 0.77265625 0.35625 0.0828125 0.1046875
69 0.15546875 0.36640625 0.08359375 0.115625
69 0.64765625 0.5265625 0.08203125 0.115625
69 0.8125 0.5296875 0.08828125 0.12109375
69 0.4890625 0.53671875 0.090625 0.1171875
69 0.29921875 0.56640625 0.084375 0.13828125
69 0.11875 0.5796875 0.08359375 0.1265625
69 0.8515625 0.74609375 0.10859375 0.1546875
69 0.6953125 0.74921875 0.1 0.16484375
69 0.496875 0.7890625 0.0953125 0.1515625
69 0.29453125 0.82890625 0.09296875 0.16953125
69 0.1 0.846875 0.10390625 0.153125