31 0.81171875 0.315625 0.0796875 0.11171875
31 0.66171875 0.3171875 0.07578125 0.1203125
31 0.48671875 0.321875 0.0828125 0.1296875
31 0.3375 0.33203125 0.09140625 0.09453125
31 0.14921875 0.334375 0.1 0.11640625
31 0.76640625 0.48984375 0.06953125 0.09453125
31 0.6390625 0.5015625 0.06484375 0.08984375
31 0.49453125 0.5171875 0.0703125 0.096875
31 0.36015625 0.534375 0.0796875 0.09296875
31 0.209375 0.54296875 0.08984375 0.096875
31 0.63359375 0.64140625 0.06171875 0.08125
31 0.74296875 0.64140625 0.0625 0.08125
31 0.51015625 0.66328125 0.065625 0.06875
31 0.39453125 0.6734375 0.0640625 0.0703125
31 0.24453125 0.69296875 0.07734375 0.071875