82 0.625 0.24765625 0.13984375 0.16875
82 0.42890625 0.2796875 0.11484375 0.1390625
82 0.29375 0.29296875 0.09140625 0.13828125
82 0.1734375 0.31484375 0.08046875 0.11015625
82 0.071875 0.33125 0.06875 0.1296875
82 0.690625 0.5109375 0.12734375 0.15859375
82 0.5078125 0.515625 0.11796875 0.14921875
82 0.3421875 0.53203125 0.09609375 0.1453125
82 0.0890625 0.53359375 0.07421875 0.134375
82 0.1953125 0.53515625 0.07578125 0.11796875
82 0.103125 0.71015625 0.06328125 0.125
82 0.21484375 0.725 0.075 0.13046875
82 0.353125 0.74296875 0.1015625 0.134375
82 0.51875 0.7625 0.11484375 0.153125
82 0.68515625 0.78828125 0.1078125 0.16796875