26 0.7984375 0.396875 0.053125 0.1109375
26 0.715625 0.41953125 0.0421875 0.11796875
26 0.6 0.43671875 0.06640625 0.14765625
26 0.453125 0.45390625 0.075 0.13984375
26 0.24609375 0.53046875 0.08515625 0.19375
26 0.79375 0.6 0.0546875 0.115625
26 0.70546875 0.63203125 0.05078125 0.11953125
26 0.59140625 0.6640625 0.05078125 0.1265625
26 0.4515625 0.728125 0.06484375 0.1609375
26 0.25546875 0.815625 0.0890625 0.18984375
26 0.6078125 0.20234375 0.0703125 0.14921875
26 0.45234375 0.20390625 0.07734375 0.19140625
26 0.71484375 0.20625 0.0578125 0.134375
26 0.82421875 0.21171875 0.053125 0.1265625
26 0.2390625 0.225 0.08046875 0.265625