36 0.3421875 0.253125 0.14140625 0.11953125
36 0.1734375 0.25625 0.11953125 0.13984375
36 0.52109375 0.25625 0.11953125 0.11640625
36 0.67421875 0.25859375 0.11015625 0.1203125
36 0.80390625 0.2640625 0.103125 0.1015625
36 0.32109375 0.5 0.115625 0.15703125
36 0.12109375 0.5 0.13203125 0.19453125
36 0.5015625 0.50078125 0.10078125 0.15234375
36 0.68984375 0.5015625 0.146875 0.13984375
36 0.85234375 0.5125 0.11796875 0.14375
36 0.11640625 0.80078125 0.1578125 0.15546875
36 0.31171875 0.80390625 0.12109375 0.1484375
36 0.50546875 0.8046875 0.140625 0.15859375
36 0.71171875 0.81484375 0.14765625 0.16015625
36 0.89609375 0.8171875 0.10234375 0.16015625