14 0.8461538461538461 0.3557692307692308 0.07451923076923077 0.11778846153846154
14 0.6550480769230769 0.359375 0.08653846153846154 0.12980769230769232
14 0.48677884615384615 0.359375 0.0829326923076923 0.14783653846153846
14 0.3173076923076923 0.36899038461538464 0.10216346153846154 0.19591346153846154
14 0.13581730769230768 0.3858173076923077 0.0889423076923077 0.15504807692307693
14 0.8233173076923077 0.5685096153846154 0.07451923076923077 0.11057692307692307
14 0.671875 0.5805288461538461 0.06850961538461539 0.10576923076923077
14 0.5096153846153846 0.5985576923076923 0.06850961538461539 0.10817307692307693
14 0.328125 0.6141826923076923 0.07692307692307693 0.12139423076923077
14 0.18509615384615385 0.6213942307692307 0.07932692307692307 0.13581730769230768
14 0.8185096153846154 0.7247596153846154 0.06971153846153846 0.09615384615384616
14 0.6778846153846154 0.7379807692307693 0.06129807692307692 0.09975961538461539
14 0.5216346153846154 0.7680288461538461 0.0673076923076923 0.09495192307692307
14 0.33533653846153844 0.8040865384615384 0.0733173076923077 0.09615384615384616
14 0.22235576923076922 0.8185096153846154 0.07211538461538461 0.10096153846153846