15 0.7140625 0.3 0.08125 0.109375
15 0.5375 0.3140625 0.0734375 0.10390625
15 0.40234375 0.315625 0.06640625 0.103125
15 0.290625 0.32890625 0.0859375 0.1296875
15 0.1734375 0.33828125 0.0640625 0.10078125
15 0.70703125 0.50625 0.084375 0.13046875
15 0.53984375 0.51171875 0.071875 0.11875
15 0.13359375 0.51796875 0.07109375 0.12578125
15 0.23203125 0.51875 0.06015625 0.11953125
15 0.38359375 0.51953125 0.0625 0.11484375
15 0.53671875 0.72734375 0.07734375 0.14453125
15 0.071875 0.73203125 0.06875 0.13046875
15 0.3515625 0.7328125 0.06953125 0.1515625
15 0.725 0.7359375 0.09921875 0.1453125
15 0.165625 0.740625 0.0625 0.12890625