7 0.3015625 0.2453125 0.06484375 0.1125
7 0.140625 0.2609375 0.0578125 0.1265625
7 0.58125 0.45703125 0.0859375 0.153125
7 0.428125 0.4578125 0.0703125 0.1390625
7 0.75625 0.46171875 0.0875 0.15078125
7 0.29140625 0.471875 0.059375 0.1265625
7 0.14609375 0.47734375 0.06484375 0.11875
7 0.15 0.7234375 0.05625 0.12578125
7 0.28984375 0.7359375 0.06171875 0.13046875
7 0.42109375 0.7421875 0.06796875 0.140625
7 0.5671875 0.75546875 0.07265625 0.1359375
7 0.753125 0.77421875 0.08828125 0.13984375
7 0.7484375 0.19296875 0.09453125 0.12265625
7 0.57265625 0.21171875 0.075 0.134375
7 0.43203125 0.22734375 0.06640625 0.12578125