1 0.4483173076923077 0.24519230769230768 0.09615384615384616 0.07932692307692307
1 0.2800480769230769 0.2704326923076923 0.09134615384615384 0.06971153846153846
1 0.14302884615384615 0.2824519230769231 0.07211538461538461 0.07932692307692307
1 0.6382211538461539 0.47836538461538464 0.10697115384615384 0.08413461538461539
1 0.4675480769230769 0.47836538461538464 0.10096153846153846 0.07572115384615384
1 0.7980769230769231 0.4831730769230769 0.09014423076923077 0.09615384615384616
1 0.3088942307692308 0.49759615384615385 0.09735576923076923 0.08052884615384616
1 0.16105769230769232 0.5144230769230769 0.08173076923076923 0.07572115384615384
1 0.49038461538461536 0.7175480769230769 0.10336538461538461 0.08774038461538461
1 0.32211538461538464 0.7211538461538461 0.07932692307692307 0.07211538461538461
1 0.6706730769230769 0.7235576923076923 0.09975961538461539 0.0985576923076923
1 0.19110576923076922 0.7235576923076923 0.0673076923076923 0.07572115384615384
1 0.8209134615384616 0.7319711538461539 0.08413461538461539 0.0829326923076923
1 0.6081730769230769 0.22355769230769232 0.0985576923076923 0.07932692307692307
1 0.7776442307692307 0.22596153846153846 0.11538461538461539 0.0985576923076923