3 0.1671875 0.26171875 0.06484375 0.1328125
3 0.69375 0.4421875 0.11015625 0.12265625
3 0.52578125 0.46796875 0.07265625 0.115625
3 0.4109375 0.48359375 0.06640625 0.1078125
3 0.2875 0.50625 0.06484375 0.11796875
3 0.17421875 0.51171875 0.0625 0.11171875
3 0.18515625 0.73359375 0.05625 0.10078125
3 0.5609375 0.74296875 0.0765625 0.115625
3 0.41953125 0.746875 0.0734375 0.10390625
3 0.2875 0.74765625 0.071875 0.11875
3 0.71640625 0.7515625 0.09609375 0.12578125
3 0.70859375 0.17421875 0.0828125 0.1375
3 0.559375 0.20234375 0.0828125 0.13125
3 0.29453125 0.2265625 0.0640625 0.128125
3 0.428125 0.228125 0.07734375 0.1328125