8 0.16346153846153846 0.41225961538461536 0.08533653846153846 0.16947115384615385
8 0.45072115384615385 0.41466346153846156 0.07091346153846154 0.14182692307692307
8 0.32091346153846156 0.4206730769230769 0.08413461538461539 0.1622596153846154
8 0.5997596153846154 0.42788461538461536 0.08653846153846154 0.1346153846153846
8 0.7295673076923077 0.43509615384615385 0.078125 0.12980769230769232
8 0.12620192307692307 0.6766826923076923 0.08173076923076923 0.15745192307692307
8 0.7572115384615384 0.6862980769230769 0.08533653846153846 0.14302884615384615
8 0.4723557692307692 0.6875 0.0889423076923077 0.15504807692307693
8 0.6237980769230769 0.6887019230769231 0.0889423076923077 0.15745192307692307
8 0.296875 0.6899038461538461 0.07932692307692307 0.1466346153846154
8 0.44350961538461536 0.18629807692307693 0.08052884615384616 0.12139423076923077
8 0.328125 0.1875 0.06490384615384616 0.11899038461538461
8 0.5949519230769231 0.18990384615384615 0.07572115384615384 0.1141826923076923
8 0.18990384615384615 0.19831730769230768 0.07572115384615384 0.14182692307692307
8 0.7127403846153846 0.20072115384615385 0.08173076923076923 0.12259615384615384