7 0.8581730769230769 0.44350961538461536 0.0985576923076923 0.1502403846153846
7 0.7307692307692307 0.45552884615384615 0.09134615384615384 0.15625
7 0.5817307692307693 0.46033653846153844 0.08533653846153846 0.15144230769230768
7 0.4026442307692308 0.47596153846153844 0.10576923076923077 0.16346153846153846
7 0.19831730769230768 0.4831730769230769 0.10216346153846154 0.17548076923076922
7 0.8677884615384616 0.6778846153846154 0.07572115384615384 0.12259615384615384
7 0.7403846153846154 0.7007211538461539 0.09254807692307693 0.13942307692307693
7 0.5889423076923077 0.7163461538461539 0.11057692307692307 0.15504807692307693
7 0.43509615384615385 0.7427884615384616 0.10216346153846154 0.14182692307692307
7 0.18028846153846154 0.8040865384615384 0.11057692307692307 0.1814903846153846
7 0.19951923076923078 0.12259615384615384 0.10096153846153846 0.1622596153846154
7 0.40865384615384615 0.1310096153846154 0.11177884615384616 0.14903846153846154
7 0.5973557692307693 0.15264423076923078 0.0889423076923077 0.1346153846153846
7 0.7295673076923077 0.171875 0.09615384615384616 0.14182692307692307
7 0.8485576923076923 0.18629807692307693 0.07451923076923077 0.140625