26 0.7828125 0.34375 0.08203125 0.15390625
26 0.61328125 0.34765625 0.07734375 0.15703125
26 0.47265625 0.3515625 0.07578125 0.14140625
26 0.34375 0.35859375 0.07109375 0.14609375
26 0.21640625 0.36171875 0.071875 0.1578125
26 0.8046875 0.5578125 0.08359375 0.15
26 0.65078125 0.57265625 0.071875 0.13671875
26 0.52578125 0.59140625 0.0765625 0.140625
26 0.34375 0.5984375 0.07421875 0.1453125
26 0.23125 0.60703125 0.07578125 0.13984375
26 0.7671875 0.75 0.07109375 0.1203125
26 0.62265625 0.76171875 0.0609375 0.12421875
26 0.49609375 0.76875 0.06875 0.12421875
26 0.3578125 0.78515625 0.06484375 0.11484375
26 0.24765625 0.8046875 0.06640625 0.11640625