30 0.565625 0.45234375 0.1140625 0.1296875
30 0.771875 0.46640625 0.15 0.1734375
30 0.40078125 0.475 0.09609375 0.153125
30 0.26484375 0.47578125 0.0734375 0.1265625
30 0.1375 0.48671875 0.09765625 0.134375
30 0.1515625 0.7890625 0.0796875 0.1171875
30 0.29765625 0.81875 0.09609375 0.134375
30 0.44140625 0.821875 0.10625 0.13359375
30 0.609375 0.8390625 0.11171875 0.15859375
30 0.7734375 0.8625 0.1046875 0.1578125
30 0.76015625 0.13828125 0.13125 0.178125
30 0.5453125 0.175 0.13203125 0.17421875
30 0.37109375 0.18515625 0.109375 0.14609375
30 0.240625 0.203125 0.0875 0.1296875
30 0.1234375 0.2203125 0.0859375 0.12578125