16 0.63984375 0.4515625 0.10625 0.18203125
16 0.79375 0.45703125 0.08359375 0.17890625
16 0.46796875 0.47734375 0.09375 0.1765625
16 0.28984375 0.49296875 0.09453125 0.20859375
16 0.1125 0.50703125 0.09609375 0.2453125
16 0.796875 0.68828125 0.09140625 0.17578125
16 0.625 0.70546875 0.09375 0.171875
16 0.4609375 0.74453125 0.096875 0.184375
16 0.28515625 0.759375 0.071875 0.18125
16 0.12734375 0.7609375 0.07421875 0.1890625
16 0.596875 0.19375 0.09375 0.1703125
16 0.43203125 0.21015625 0.11796875 0.1984375
16 0.75703125 0.2125 0.096875 0.17890625
16 0.2921875 0.21484375 0.1140625 0.1890625
16 0.128125 0.21796875 0.13203125 0.19453125