1 0.5796875 0.14921875 0.1546875 0.125
1 0.578125 0.70703125 0.15 0.096875
1 0.571875 0.3390625 0.171875 0.13125
1 0.5671875 0.859375 0.14375 0.0875
1 0.56171875 0.53671875 0.140625 0.090625
1 0.3140625 0.71484375 0.15625 0.1140625
1 0.29921875 0.1515625 0.1703125 0.103125
1 0.2984375 0.88359375 0.15 0.09375
1 0.296875 0.53515625 0.159375 0.1015625
1 0.2890625 0.31796875 0.171875 0.1
1 0.86640625 0.8609375 0.159375 0.10625
1 0.8578125 0.70234375 0.1609375 0.096875
1 0.8578125 0.34296875 0.190625 0.1234375
1 0.85390625 0.14453125 0.184375 0.1046875
1 0.85390625 0.54375 0.19375 0.1359375