84 0.43984375 0.26328125 0.14375 0.153125
84 0.25703125 0.26640625 0.15625 0.1796875
84 0.08515625 0.27734375 0.13671875 0.18125
84 0.634375 0.28203125 0.13046875 0.16328125
84 0.81171875 0.29140625 0.11484375 0.1484375
84 0.28515625 0.49140625 0.13125 0.15234375
84 0.6296875 0.4953125 0.12578125 0.13671875
84 0.12109375 0.49609375 0.12890625 0.153125
84 0.44609375 0.4984375 0.13828125 0.13828125
84 0.79453125 0.5 0.11875 0.1421875
84 0.615625 0.68515625 0.11796875 0.121875
84 0.4484375 0.6859375 0.121875 0.1140625
84 0.29140625 0.68828125 0.12421875 0.128125
84 0.79375 0.6890625 0.128125 0.11953125
84 0.13828125 0.70546875 0.1265625 0.134375