7 0.5096153846153846 0.2548076923076923 0.09014423076923077 0.11658653846153846
7 0.35336538461538464 0.2548076923076923 0.08774038461538461 0.11298076923076923
7 0.6754807692307693 0.25961538461538464 0.10697115384615384 0.12860576923076922
7 0.1875 0.265625 0.0889423076923077 0.12139423076923077
7 0.8125 0.26802884615384615 0.10817307692307693 0.1310096153846154
7 0.6394230769230769 0.48197115384615385 0.09975961538461539 0.14783653846153846
7 0.16466346153846154 0.4831730769230769 0.08533653846153846 0.1310096153846154
7 0.33533653846153844 0.49038461538461536 0.09495192307692307 0.15504807692307693
7 0.4831730769230769 0.49158653846153844 0.09375 0.13942307692307693
7 0.8076923076923077 0.5072115384615384 0.10576923076923077 0.13221153846153846
7 0.3329326923076923 0.7055288461538461 0.0985576923076923 0.1346153846153846
7 0.1466346153846154 0.7079326923076923 0.09014423076923077 0.13942307692307693
7 0.4735576923076923 0.7091346153846154 0.08774038461538461 0.1466346153846154
7 0.6346153846153846 0.7247596153846154 0.11658653846153846 0.140625
7 0.8004807692307693 0.7391826923076923 0.10216346153846154 0.1310096153846154