7 0.1546875 0.43828125 0.07109375 0.13671875
7 0.36171875 0.440625 0.071875 0.13203125
7 0.5328125 0.440625 0.07265625 0.15078125
7 0.7046875 0.44921875 0.08359375 0.153125
7 0.87734375 0.46171875 0.08359375 0.15078125
7 0.14921875 0.74296875 0.075 0.13828125
7 0.51015625 0.7484375 0.0734375 0.13984375
7 0.34375 0.7515625 0.07578125 0.15546875
7 0.67734375 0.76640625 0.08125 0.1375
7 0.85390625 0.76875 0.071875 0.1328125
7 0.165625 0.16875 0.07890625 0.153125
7 0.3859375 0.18125 0.07890625 0.13125
7 0.70390625 0.19453125 0.07578125 0.134375
7 0.54453125 0.1953125 0.0703125 0.13046875
7 0.875 0.20390625 0.0859375 0.12421875