20 0.61953125 0.77578125 0.09375 0.04375
20 0.59453125 0.70078125 0.109375 0.05
20 0.5578125 0.596875 0.121875 0.053125
20 0.509375 0.4796875 0.134375 0.071875
20 0.45390625 0.309375 0.159375 0.096875
20 0.428125 0.775 0.0921875 0.04375
20 0.40390625 0.70078125 0.09375 0.05
20 0.33671875 0.60859375 0.109375 0.059375
20 0.2671875 0.5 0.109375 0.0625
20 0.15859375 0.32265625 0.13125 0.0953125
20 0.8125 0.47890625 0.1296875 0.075
20 0.81171875 0.70859375 0.121875 0.0484375
20 0.81015625 0.78671875 0.10625 0.046875
20 0.81015625 0.59609375 0.15625 0.0671875
20 0.80078125 0.28671875 0.1625 0.096875