31 0.14296875 0.396875 0.0765625 0.13828125
31 0.284375 0.403125 0.0703125 0.13203125
31 0.8203125 0.4078125 0.08125 0.11875
31 0.6828125 0.41640625 0.084375 0.125
31 0.52578125 0.4171875 0.0796875 0.12265625
31 0.796875 0.6171875 0.09140625 0.1265625
31 0.46953125 0.625 0.0875 0.13359375
31 0.64140625 0.63046875 0.08828125 0.134375
31 0.10546875 0.6421875 0.07578125 0.15859375
31 0.26484375 0.64296875 0.0765625 0.1546875
31 0.1765625 0.15 0.06328125 0.09609375
31 0.31015625 0.1578125 0.06484375 0.0984375
31 0.45703125 0.171875 0.06484375 0.10234375
31 0.75 0.18046875 0.0828125 0.125
31 0.596875 0.1875 0.08203125 0.11875