23 0.684375 0.45546875 0.10703125 0.14765625
23 0.5109375 0.46328125 0.103125 0.15859375
23 0.3453125 0.48359375 0.11328125 0.18984375
23 0.85 0.5015625 0.1140625 0.16875
23 0.16015625 0.50390625 0.1140625 0.1828125
23 0.71484375 0.775 0.125 0.1796875
23 0.53203125 0.7765625 0.140625 0.2
23 0.34296875 0.79375 0.1296875 0.1796875
23 0.15234375 0.79765625 0.13125 0.20625
23 0.88046875 0.8015625 0.12109375 0.18046875
23 0.6671875 0.17421875 0.1109375 0.140625
23 0.48984375 0.1890625 0.103125 0.14609375
23 0.15234375 0.1921875 0.0953125 0.1625
23 0.32109375 0.19375 0.1046875 0.146875
23 0.8296875 0.2046875 0.1125 0.14921875