26 0.65546875 0.240625 0.08046875 0.1453125
26 0.49921875 0.25859375 0.07578125 0.15
26 0.36953125 0.27265625 0.0671875 0.134375
26 0.23203125 0.28984375 0.06015625 0.140625
26 0.11953125 0.30703125 0.05078125 0.13671875
26 0.646875 0.53984375 0.07421875 0.1609375
26 0.49921875 0.54140625 0.05703125 0.1265625
26 0.3640625 0.5578125 0.06328125 0.13984375
26 0.23828125 0.559375 0.05859375 0.125
26 0.1296875 0.5609375 0.05625 0.13671875
26 0.25078125 0.80078125 0.059375 0.13203125
26 0.3765625 0.8078125 0.06171875 0.1453125
26 0.65546875 0.809375 0.07109375 0.153125
26 0.5125 0.81015625 0.06328125 0.15546875
26 0.14921875 0.81640625 0.053125 0.13515625