13 0.82421875 0.390625 0.05390625 0.1078125
13 0.7171875 0.40390625 0.06328125 0.134375
13 0.5859375 0.43984375 0.08359375 0.14921875
13 0.43984375 0.45078125 0.1078125 0.15703125
13 0.24375 0.50078125 0.1328125 0.18984375
13 0.81171875 0.59375 0.05078125 0.11328125
13 0.7109375 0.62265625 0.06796875 0.11484375
13 0.578125 0.67734375 0.07890625 0.13046875
13 0.434375 0.73203125 0.09375 0.19140625
13 0.24609375 0.82265625 0.11328125 0.175
13 0.240625 0.18203125 0.15078125 0.19375
13 0.44375 0.184375 0.09609375 0.165625
13 0.59453125 0.19453125 0.0890625 0.1578125
13 0.840625 0.21328125 0.05625 0.128125
13 0.728125 0.21328125 0.08125 0.165625