5 0.7560096153846154 0.23918269230769232 0.07091346153846154 0.125
5 0.6274038461538461 0.2439903846153846 0.0673076923076923 0.12980769230769232
5 0.34615384615384615 0.24759615384615385 0.08413461538461539 0.15384615384615385
5 0.49399038461538464 0.24759615384615385 0.07451923076923077 0.1346153846153846
5 0.17668269230769232 0.2512019230769231 0.07451923076923077 0.1466346153846154
5 0.625 0.5012019230769231 0.07211538461538461 0.12139423076923077
5 0.7487980769230769 0.5060096153846154 0.0733173076923077 0.12740384615384615
5 0.4831730769230769 0.5168269230769231 0.06971153846153846 0.13822115384615385
5 0.18509615384615385 0.5300480769230769 0.07572115384615384 0.13221153846153846
5 0.3329326923076923 0.5336538461538461 0.07692307692307693 0.12139423076923077
5 0.7103365384615384 0.7427884615384616 0.0625 0.10817307692307693
5 0.59375 0.7451923076923077 0.06490384615384616 0.12740384615384615
5 0.4723557692307692 0.7536057692307693 0.06971153846153846 0.10576923076923077
5 0.3425480769230769 0.7572115384615384 0.06610576923076923 0.1141826923076923
5 0.19230769230769232 0.7740384615384616 0.0673076923076923 0.13822115384615385