11 0.7920673076923077 0.23677884615384615 0.09134615384615384 0.16826923076923078
11 0.49278846153846156 0.4807692307692308 0.09375 0.17427884615384615
11 0.1310096153846154 0.48197115384615385 0.09254807692307693 0.16947115384615385
11 0.3389423076923077 0.4855769230769231 0.08774038461538461 0.15504807692307693
11 0.6502403846153846 0.5048076923076923 0.09495192307692307 0.15865384615384615
11 0.7872596153846154 0.5192307692307693 0.08774038461538461 0.171875
11 0.6490384615384616 0.7932692307692307 0.08774038461538461 0.1502403846153846
11 0.5 0.796875 0.08173076923076923 0.16346153846153846
11 0.7860576923076923 0.8040865384615384 0.0985576923076923 0.16346153846153846
11 0.12980769230769232 0.8112980769230769 0.09375 0.18028846153846154
11 0.31850961538461536 0.8112980769230769 0.09134615384615384 0.16466346153846154
11 0.671875 0.21394230769230768 0.09495192307692307 0.15264423076923078
11 0.140625 0.22235576923076922 0.08413461538461539 0.15504807692307693
11 0.3713942307692308 0.22596153846153846 0.10576923076923077 0.1466346153846154
11 0.5192307692307693 0.22956730769230768 0.10576923076923077 0.15264423076923078