14 0.23828125 0.1421875 0.1234375 0.059375
14 0.24609375 0.54453125 0.1859375 0.11875
14 0.25390625 0.74921875 0.2078125 0.1375
14 0.475 0.1765625 0.13125 0.0578125
14 0.48671875 0.29296875 0.13125 0.0609375
14 0.5140625 0.40625 0.14375 0.0671875
14 0.56015625 0.55703125 0.159375 0.090625
14 0.5953125 0.73125 0.184375 0.115625
14 0.67890625 0.17890625 0.128125 0.05
14 0.715625 0.26953125 0.1140625 0.0515625
14 0.76953125 0.39140625 0.1421875 0.075
14 0.83125 0.54453125 0.1625 0.075
14 0.90234375 0.69453125 0.1625 0.1078125
14 0.228125 0.234375 0.146875 0.078125
14 0.22890625 0.3703125 0.16875 0.0875