4 0.7171875 0.70546875 0.1203125 0.084375
4 0.71640625 0.5328125 0.11875 0.0875
4 0.7125 0.86875 0.1265625 0.078125
4 0.6953125 0.384375 0.121875 0.0859375
4 0.68515625 0.19375 0.1359375 0.103125
4 0.51484375 0.83203125 0.1 0.078125
4 0.5015625 0.6828125 0.1 0.06875
4 0.49765625 0.553125 0.096875 0.075
4 0.48671875 0.40234375 0.115625 0.08125
4 0.471875 0.23125 0.121875 0.09375
4 0.346875 0.78125 0.08125 0.05625
4 0.34296875 0.68125 0.0765625 0.0578125
4 0.328125 0.553125 0.084375 0.0625
4 0.3140625 0.41875 0.0828125 0.071875
4 0.30078125 0.26171875 0.0984375 0.0765625