31 0.7984375 0.47734375 0.06171875 0.1125
31 0.703125 0.48515625 0.0734375 0.10859375
31 0.57890625 0.49375 0.075 0.13203125
31 0.378125 0.50859375 0.084375 0.128125
31 0.2 0.5375 0.08671875 0.14609375
31 0.78203125 0.72578125 0.06171875 0.115625
31 0.6765625 0.74921875 0.06953125 0.12265625
31 0.5421875 0.76484375 0.08046875 0.1328125
31 0.384375 0.78828125 0.0890625 0.1203125
31 0.215625 0.8234375 0.10390625 0.14765625
31 0.1953125 0.16328125 0.096875 0.153125
31 0.3859375 0.1796875 0.07734375 0.13515625
31 0.54609375 0.19921875 0.07578125 0.1515625
31 0.67265625 0.2171875 0.06875 0.13125
31 0.77734375 0.2296875 0.065625 0.1171875