11 0.7091346153846154 0.3112980769230769 0.08653846153846154 0.14783653846153846
11 0.5673076923076923 0.32572115384615385 0.09134615384615384 0.13942307692307693
11 0.8233173076923077 0.3269230769230769 0.07932692307692307 0.16105769230769232
11 0.42427884615384615 0.328125 0.09735576923076923 0.13822115384615385
11 0.20192307692307693 0.33413461538461536 0.08774038461538461 0.15384615384615385
11 0.5432692307692307 0.5528846153846154 0.0889423076923077 0.14903846153846154
11 0.4074519230769231 0.5637019230769231 0.08774038461538461 0.13942307692307693
11 0.6850961538461539 0.5685096153846154 0.08653846153846154 0.14423076923076922
11 0.21394230769230768 0.5709134615384616 0.08774038461538461 0.16346153846153846
11 0.8028846153846154 0.5853365384615384 0.07572115384615384 0.15384615384615385
11 0.6742788461538461 0.796875 0.08173076923076923 0.13221153846153846
11 0.7920673076923077 0.8052884615384616 0.07932692307692307 0.12620192307692307
11 0.5480769230769231 0.8112980769230769 0.07211538461538461 0.1310096153846154
11 0.39903846153846156 0.828125 0.078125 0.13701923076923078
11 0.22716346153846154 0.8401442307692307 0.078125 0.15144230769230768