14 0.7980769230769231 0.43990384615384615 0.07692307692307693 0.09735576923076923
14 0.6538461538461539 0.44350961538461536 0.07451923076923077 0.11538461538461539
14 0.5108173076923077 0.45072115384615385 0.07451923076923077 0.11298076923076923
14 0.36177884615384615 0.4675480769230769 0.07932692307692307 0.12379807692307693
14 0.20432692307692307 0.4795673076923077 0.09254807692307693 0.14423076923076922
14 0.7992788461538461 0.6442307692307693 0.0673076923076923 0.09615384615384616
14 0.6622596153846154 0.6466346153846154 0.07211538461538461 0.10096153846153846
14 0.53125 0.6610576923076923 0.07211538461538461 0.11057692307692307
14 0.3737980769230769 0.6766826923076923 0.0673076923076923 0.1045673076923077
14 0.23918269230769232 0.6911057692307693 0.07692307692307693 0.11057692307692307
14 0.7836538461538461 0.78125 0.06971153846153846 0.08413461538461539
14 0.6550480769230769 0.8004807692307693 0.06129807692307692 0.08413461538461539
14 0.5096153846153846 0.8161057692307693 0.0673076923076923 0.0829326923076923
14 0.3798076923076923 0.8293269230769231 0.07692307692307693 0.09014423076923077
14 0.2548076923076923 0.8401442307692307 0.0673076923076923 0.10216346153846154