16 0.7625 0.3203125 0.1625 0.1453125
16 0.75625 0.8109375 0.15625 0.1125
16 0.50390625 0.6796875 0.1640625 0.1390625
16 0.4984375 0.50234375 0.153125 0.125
16 0.49375 0.8328125 0.15 0.1125
16 0.48359375 0.1671875 0.15 0.11875
16 0.4796875 0.3390625 0.14375 0.128125
16 0.25390625 0.66484375 0.1546875 0.1125
16 0.24375 0.8203125 0.1421875 0.125
16 0.2375 0.49140625 0.15 0.128125
16 0.22265625 0.18125 0.178125 0.1421875
16 0.215625 0.34765625 0.1390625 0.1109375
16 0.771875 0.13984375 0.159375 0.13125
16 0.76875 0.64453125 0.140625 0.1125
16 0.76640625 0.49921875 0.14375 0.1265625