21 0.6213942307692307 0.390625 0.1346153846153846 0.12620192307692307
21 0.07572115384615384 0.3918269230769231 0.12740384615384615 0.15985576923076922
21 0.4423076923076923 0.3954326923076923 0.15144230769230768 0.12980769230769232
21 0.8221153846153846 0.39903846153846156 0.15144230769230768 0.14783653846153846
21 0.23557692307692307 0.4050480769230769 0.14182692307692307 0.1502403846153846
21 0.7920673076923077 0.5913461538461539 0.10817307692307693 0.12620192307692307
21 0.6189903846153846 0.59375 0.11778846153846154 0.12379807692307693
21 0.4495192307692308 0.6057692307692307 0.12740384615384615 0.11899038461538461
21 0.13701923076923078 0.625 0.15625 0.14423076923076922
21 0.28725961538461536 0.6286057692307693 0.125 0.11177884615384616
21 0.7836538461538461 0.7415865384615384 0.10096153846153846 0.0985576923076923
21 0.6237980769230769 0.7572115384615384 0.11899038461538461 0.09134615384615384
21 0.47836538461538464 0.7752403846153846 0.11778846153846154 0.09014423076923077
21 0.3293269230769231 0.7884615384615384 0.11057692307692307 0.0889423076923077
21 0.18389423076923078 0.7944711538461539 0.12379807692307693 0.09014423076923077