26 0.6766826923076923 0.4723557692307692 0.11298076923076923 0.15625
26 0.5120192307692307 0.48197115384615385 0.12620192307692307 0.171875
26 0.8413461538461539 0.484375 0.09735576923076923 0.16466346153846154
26 0.33052884615384615 0.48677884615384615 0.13221153846153846 0.15745192307692307
26 0.14302884615384615 0.49399038461538464 0.11298076923076923 0.16706730769230768
26 0.6646634615384616 0.765625 0.11538461538461539 0.1502403846153846
26 0.49158653846153844 0.7716346153846154 0.11658653846153846 0.1502403846153846
26 0.8377403846153846 0.7764423076923077 0.11778846153846154 0.17307692307692307
26 0.3161057692307692 0.78125 0.12620192307692307 0.16826923076923078
26 0.13822115384615385 0.7848557692307693 0.11899038461538461 0.15625
26 0.6814903846153846 0.19230769230769232 0.11057692307692307 0.14182692307692307
26 0.14903846153846154 0.1935096153846154 0.109375 0.14543269230769232
26 0.5060096153846154 0.1935096153846154 0.12379807692307693 0.16466346153846154
26 0.3269230769230769 0.19591346153846154 0.12740384615384615 0.1658653846153846
26 0.8353365384615384 0.20192307692307693 0.10216346153846154 0.15865384615384615