22 0.40625 0.2515625 0.09140625 0.14921875
22 0.5765625 0.278125 0.06484375 0.14140625
22 0.69609375 0.31640625 0.04609375 0.11796875
22 0.77265625 0.334375 0.03359375 0.1078125
22 0.6921875 0.5203125 0.0453125 0.15
22 0.76875 0.53359375 0.0390625 0.1203125
22 0.57109375 0.5359375 0.078125 0.14296875
22 0.4 0.55 0.07890625 0.16640625
22 0.19921875 0.56484375 0.1140625 0.215625
22 0.74921875 0.72890625 0.0390625 0.11484375
22 0.65859375 0.7484375 0.04765625 0.13125
22 0.5453125 0.7671875 0.0578125 0.14375
22 0.39375 0.80859375 0.08359375 0.165625
22 0.2203125 0.86796875 0.1140625 0.19453125
22 0.20546875 0.20546875 0.134375 0.1890625