8 0.725 0.43359375 0.07109375 0.1171875
8 0.8296875 0.43828125 0.06171875 0.1265625
8 0.60390625 0.4640625 0.08046875 0.11640625
8 0.25390625 0.4765625 0.0859375 0.1515625
8 0.47890625 0.490625 0.0671875 0.12734375
8 0.81484375 0.6625 0.06015625 0.11484375
8 0.71640625 0.67734375 0.06171875 0.13046875
8 0.60546875 0.69921875 0.06640625 0.1359375
8 0.4703125 0.73671875 0.06640625 0.13984375
8 0.24609375 0.8140625 0.08828125 0.14375
8 0.8203125 0.18203125 0.0609375 0.12265625
8 0.4453125 0.18359375 0.0734375 0.15390625
8 0.71640625 0.1875 0.07109375 0.134375
8 0.5859375 0.18828125 0.071875 0.1359375
8 0.23125 0.19453125 0.09453125 0.16640625