22 0.225 0.2796875 0.11328125 0.16484375
22 0.8125 0.2796875 0.071875 0.153125
22 0.39609375 0.2890625 0.09609375 0.16171875
22 0.690625 0.2890625 0.06953125 0.1453125
22 0.57734375 0.29609375 0.078125 0.14765625
22 0.81875 0.54375 0.0609375 0.12265625
22 0.71875 0.55 0.065625 0.12890625
22 0.60078125 0.56640625 0.08125 0.11796875
22 0.4625 0.5734375 0.0796875 0.11953125
22 0.23984375 0.5859375 0.08203125 0.12890625
22 0.76015625 0.74296875 0.0625 0.10390625
22 0.65078125 0.7546875 0.0671875 0.11953125
22 0.5328125 0.7640625 0.07421875 0.115625
22 0.4078125 0.7828125 0.075 0.115625
22 0.26796875 0.79921875 0.09296875 0.1171875