22 0.25390625 0.51484375 0.16875 0.1
22 0.271875 0.66875 0.18125 0.11875
22 0.2921875 0.871875 0.1546875 0.11875
22 0.46875 0.18515625 0.1265625 0.0890625
22 0.4796875 0.49140625 0.1296875 0.084375
22 0.48125 0.35546875 0.1375 0.0765625
22 0.49140625 0.6375 0.1296875 0.0875
22 0.52578125 0.828125 0.13125 0.0984375
22 0.65234375 0.18984375 0.1171875 0.084375
22 0.6671875 0.3390625 0.1328125 0.0875
22 0.6828125 0.471875 0.1265625 0.0875
22 0.7078125 0.6078125 0.115625 0.0953125
22 0.72890625 0.77109375 0.125 0.10625
22 0.225 0.19921875 0.1421875 0.0859375
22 0.23515625 0.35546875 0.1484375 0.09375