12 0.25390625 0.30546875 0.171875 0.18125
12 0.27109375 0.496875 0.13125 0.115625
12 0.29296875 0.6234375 0.1234375 0.0984375
12 0.309375 0.82421875 0.1234375 0.0578125
12 0.3125 0.7453125 0.125 0.071875
12 0.4984375 0.4828125 0.14375 0.1109375
12 0.509375 0.615625 0.1234375 0.09375
12 0.51171875 0.30703125 0.19375 0.140625
12 0.5171875 0.80703125 0.1375 0.078125
12 0.521875 0.72421875 0.1203125 0.078125
12 0.68984375 0.78984375 0.121875 0.0703125
12 0.70625 0.70078125 0.1171875 0.075
12 0.7140625 0.59140625 0.1328125 0.1
12 0.72109375 0.4625 0.1515625 0.125
12 0.7390625 0.29140625 0.153125 0.134375