6 0.34134615384615385 0.2439903846153846 0.06370192307692307 0.14302884615384615
6 0.21153846153846154 0.2512019230769231 0.06971153846153846 0.1502403846153846
6 0.48677884615384615 0.4987980769230769 0.09014423076923077 0.14903846153846154
6 0.6153846153846154 0.5 0.09375 0.17668269230769232
6 0.21754807692307693 0.5 0.06850961538461539 0.13822115384615385
6 0.7536057692307693 0.5048076923076923 0.08413461538461539 0.1778846153846154
6 0.3545673076923077 0.5204326923076923 0.07932692307692307 0.17908653846153846
6 0.4831730769230769 0.7295673076923077 0.07932692307692307 0.14783653846153846
6 0.23677884615384615 0.7427884615384616 0.07091346153846154 0.1310096153846154
6 0.6129807692307693 0.7463942307692307 0.07932692307692307 0.1622596153846154
6 0.36658653846153844 0.7487980769230769 0.07572115384615384 0.14543269230769232
6 0.765625 0.7584134615384616 0.08413461538461539 0.16346153846153846
6 0.578125 0.21995192307692307 0.0829326923076923 0.1658653846153846
6 0.7319711538461539 0.22235576923076922 0.09014423076923077 0.203125
6 0.4579326923076923 0.2283653846153846 0.06850961538461539 0.1658653846153846