4 0.29453125 0.24453125 0.06171875 0.140625
4 0.1953125 0.26328125 0.0609375 0.171875
4 0.10546875 0.284375 0.0390625 0.125
4 0.10546875 0.49296875 0.03828125 0.1375
4 0.59921875 0.49296875 0.08203125 0.15234375
4 0.18203125 0.49375 0.05234375 0.125
4 0.44140625 0.4953125 0.06953125 0.1328125
4 0.30546875 0.49609375 0.0578125 0.12421875
4 0.1046875 0.70390625 0.04296875 0.121875
4 0.17265625 0.71328125 0.0484375 0.11640625
4 0.309375 0.72109375 0.06328125 0.14140625
4 0.45546875 0.7265625 0.0734375 0.1484375
4 0.61875 0.74609375 0.09609375 0.15859375
4 0.60625 0.2 0.09140625 0.15
4 0.42109375 0.23046875 0.07734375 0.1390625