20 0.7896634615384616 0.2548076923076923 0.09254807692307693 0.15625
20 0.46033653846153844 0.25841346153846156 0.1045673076923077 0.15865384615384615
20 0.6274038461538461 0.2608173076923077 0.09375 0.16346153846153846
20 0.2980769230769231 0.2620192307692308 0.09375 0.15504807692307693
20 0.13701923076923078 0.2668269230769231 0.11057692307692307 0.17067307692307693
20 0.8088942307692307 0.5072115384615384 0.07692307692307693 0.13822115384615385
20 0.6454326923076923 0.5096153846153846 0.09134615384615384 0.14783653846153846
20 0.49038461538461536 0.5120192307692307 0.09375 0.14423076923076922
20 0.3245192307692308 0.5168269230769231 0.09375 0.13822115384615385
20 0.14783653846153846 0.5204326923076923 0.09375 0.15504807692307693
20 0.8088942307692307 0.7391826923076923 0.06370192307692307 0.11177884615384616
20 0.6646634615384616 0.7415865384615384 0.0889423076923077 0.12620192307692307
20 0.5036057692307693 0.7415865384615384 0.08774038461538461 0.140625
20 0.35096153846153844 0.7451923076923077 0.09254807692307693 0.13822115384615385
20 0.1658653846153846 0.7644230769230769 0.11057692307692307 0.14903846153846154