18 0.7234375 0.2828125 0.0859375 0.12109375
18 0.43984375 0.28828125 0.0875 0.12421875
18 0.57578125 0.29609375 0.1015625 0.125
18 0.2984375 0.3 0.1046875 0.13203125
18 0.1578125 0.32890625 0.1015625 0.134375
18 0.7265625 0.4640625 0.09296875 0.12734375
18 0.56640625 0.47734375 0.0859375 0.115625
18 0.425 0.48828125 0.0828125 0.128125
18 0.284375 0.5 0.0984375 0.12734375
18 0.1453125 0.51953125 0.0921875 0.1296875
18 0.6203125 0.66875 0.07734375 0.11328125
18 0.5125 0.67734375 0.0875 0.11953125
18 0.39609375 0.690625 0.09140625 0.11875
18 0.2734375 0.71953125 0.08671875 0.125
18 0.15 0.728125 0.0859375 0.1375