21 0.26875 0.2625 0.096875 0.14609375
21 0.15625 0.271875 0.08671875 0.134375
21 0.40703125 0.47265625 0.09765625 0.1484375
21 0.5265625 0.4765625 0.0984375 0.15234375
21 0.284375 0.478125 0.09296875 0.140625
21 0.6671875 0.48359375 0.1046875 0.14921875
21 0.17890625 0.490625 0.08203125 0.1421875
21 0.19375 0.7109375 0.07734375 0.1421875
21 0.29375 0.71640625 0.07109375 0.13125
21 0.40859375 0.71796875 0.08515625 0.12890625
21 0.51796875 0.72578125 0.0875 0.128125
21 0.6578125 0.7296875 0.1046875 0.13203125
21 0.67578125 0.21171875 0.11015625 0.175
21 0.52265625 0.22109375 0.09765625 0.153125
21 0.39375 0.234375 0.1 0.16796875