56 0.63359375 0.4125 0.10390625 0.15078125
56 0.80390625 0.42109375 0.09453125 0.14921875
56 0.45625 0.421875 0.09765625 0.159375
56 0.26875 0.428125 0.09765625 0.1578125
56 0.11484375 0.4359375 0.09765625 0.16484375
56 0.80625 0.66953125 0.11015625 0.19453125
56 0.4375 0.68046875 0.11484375 0.17734375
56 0.62578125 0.68046875 0.134375 0.1734375
56 0.12265625 0.68203125 0.103125 0.1625
56 0.27421875 0.68359375 0.11640625 0.16640625
56 0.63125 0.16796875 0.1109375 0.16953125
56 0.2859375 0.16796875 0.1109375 0.184375
56 0.81796875 0.17265625 0.11328125 0.17890625
56 0.44921875 0.175 0.103125 0.1890625
56 0.12265625 0.1890625 0.1125 0.18359375