30 0.1875 0.24375 0.08359375 0.096875
30 0.33359375 0.25703125 0.07578125 0.10234375
30 0.63125 0.25859375 0.0828125 0.0953125
30 0.4921875 0.2609375 0.0765625 0.1046875
30 0.78125 0.2609375 0.07734375 0.10859375
30 0.1390625 0.48515625 0.07109375 0.1046875
30 0.63359375 0.48671875 0.08203125 0.0953125
30 0.796875 0.490625 0.0890625 0.10625
30 0.26171875 0.49453125 0.07265625 0.1015625
30 0.47890625 0.4984375 0.08046875 0.12109375
30 0.10703125 0.740625 0.09375 0.11171875
30 0.25546875 0.75078125 0.08203125 0.11328125
30 0.43984375 0.75078125 0.09765625 0.13203125
30 0.63203125 0.753125 0.10078125 0.11796875
30 0.78984375 0.75703125 0.090625 0.12265625