9 0.4879807692307692 0.45552884615384615 0.08774038461538461 0.12620192307692307
9 0.6490384615384616 0.47836538461538464 0.06971153846153846 0.15504807692307693
9 0.8100961538461539 0.4807692307692308 0.0829326923076923 0.13822115384615385
9 0.12139423076923077 0.48197115384615385 0.06971153846153846 0.1310096153846154
9 0.2776442307692308 0.4831730769230769 0.07932692307692307 0.12379807692307693
9 0.6346153846153846 0.7259615384615384 0.06850961538461539 0.13822115384615385
9 0.8125 0.7379807692307693 0.07932692307692307 0.15504807692307693
9 0.46875 0.7451923076923077 0.07451923076923077 0.15625
9 0.1310096153846154 0.7512019230769231 0.078125 0.15745192307692307
9 0.29447115384615385 0.7560096153846154 0.06129807692307692 0.14543269230769232
9 0.11298076923076923 0.17548076923076922 0.06850961538461539 0.1502403846153846
9 0.47115384615384615 0.18269230769230768 0.078125 0.16346153846153846
9 0.6322115384615384 0.18269230769230768 0.0733173076923077 0.12860576923076922
9 0.27403846153846156 0.18509615384615385 0.0829326923076923 0.15504807692307693
9 0.7920673076923077 0.19230769230769232 0.0829326923076923 0.14423076923076922