4 0.81328125 0.23515625 0.096875 0.1359375
4 0.1375 0.2359375 0.1 0.1546875
4 0.48984375 0.42734375 0.1140625 0.125
4 0.63359375 0.43046875 0.09765625 0.1203125
4 0.30078125 0.43125 0.08828125 0.13671875
4 0.8078125 0.4390625 0.103125 0.12890625
4 0.15078125 0.45390625 0.0921875 0.13984375
4 0.78359375 0.65234375 0.09296875 0.1359375
4 0.44296875 0.6625 0.07890625 0.1375
4 0.61171875 0.6640625 0.08828125 0.1265625
4 0.2734375 0.68203125 0.07578125 0.15859375
4 0.14921875 0.7 0.08203125 0.1609375
4 0.3078125 0.21484375 0.1234375 0.1359375
4 0.49453125 0.22734375 0.11953125 0.12890625
4 0.65625 0.23046875 0.08203125 0.13515625