7 0.4987980769230769 0.2704326923076923 0.09735576923076923 0.1310096153846154
7 0.31971153846153844 0.27524038461538464 0.10697115384615384 0.1346153846153846
7 0.6778846153846154 0.2860576923076923 0.10817307692307693 0.14182692307692307
7 0.13581730769230768 0.28966346153846156 0.10216346153846154 0.13701923076923078
7 0.8149038461538461 0.2980769230769231 0.10096153846153846 0.15865384615384615
7 0.6346153846153846 0.5204326923076923 0.09254807692307693 0.13581730769230768
7 0.4831730769230769 0.5276442307692307 0.09375 0.13221153846153846
7 0.7896634615384616 0.5324519230769231 0.09134615384615384 0.12620192307692307
7 0.328125 0.5348557692307693 0.10697115384615384 0.15264423076923078
7 0.15264423076923078 0.5420673076923077 0.10096153846153846 0.13581730769230768
7 0.4795673076923077 0.7271634615384616 0.09014423076923077 0.1201923076923077
7 0.35096153846153844 0.7283653846153846 0.09134615384615384 0.11177884615384616
7 0.6225961538461539 0.7331730769230769 0.09735576923076923 0.11177884615384616
7 0.18028846153846154 0.734375 0.10216346153846154 0.12860576923076922
7 0.765625 0.7355769230769231 0.09014423076923077 0.11298076923076923