12 0.9234375 0.246875 0.10078125 0.153125
12 0.7453125 0.25625 0.08125 0.1796875
12 0.5609375 0.2578125 0.12109375 0.19609375
12 0.10078125 0.2625 0.121875 0.1765625
12 0.32890625 0.2640625 0.14375 0.2265625
12 0.89140625 0.5625 0.0859375 0.14609375
12 0.72265625 0.56640625 0.08125 0.17109375
12 0.53203125 0.57265625 0.0890625 0.1515625
12 0.09296875 0.5828125 0.096875 0.17890625
12 0.29765625 0.584375 0.10625 0.1890625
12 0.71953125 0.85703125 0.06875 0.14375
12 0.89765625 0.86328125 0.08046875 0.14140625
12 0.28125 0.87421875 0.08359375 0.1515625
12 0.5296875 0.875 0.08359375 0.171875
12 0.09921875 0.88515625 0.08515625 0.16953125