20 0.6953125 0.25625 0.06875 0.12109375
20 0.4578125 0.25859375 0.07734375 0.11640625
20 0.5734375 0.26015625 0.075 0.128125
20 0.3453125 0.26640625 0.07109375 0.1125
20 0.23515625 0.26796875 0.065625 0.1015625
20 0.2296875 0.434375 0.05625 0.1046875
20 0.628125 0.43671875 0.08203125 0.11875
20 0.36796875 0.45 0.078125 0.13203125
20 0.5015625 0.45234375 0.08671875 0.1359375
20 0.76484375 0.4546875 0.1125 0.16484375
20 0.21953125 0.6609375 0.0671875 0.18203125
20 0.6703125 0.6625 0.08984375 0.175
20 0.8140625 0.66328125 0.09375 0.18125
20 0.52734375 0.66484375 0.09296875 0.16640625
20 0.37578125 0.67265625 0.0828125 0.1859375