118 0.72109375 0.24453125 0.11015625 0.16328125
118 0.53828125 0.24765625 0.1 0.16015625
118 0.859375 0.2484375 0.09375 0.14375
118 0.33203125 0.26796875 0.11953125 0.1625
118 0.1375 0.284375 0.14375 0.17734375
118 0.79765625 0.49765625 0.08359375 0.1046875
118 0.65625 0.5078125 0.11484375 0.10390625
118 0.50234375 0.5359375 0.11328125 0.115625
118 0.3375 0.56484375 0.09765625 0.1296875
118 0.16796875 0.59921875 0.09765625 0.14296875
118 0.79140625 0.721875 0.10859375 0.10546875
118 0.6515625 0.74140625 0.0796875 0.0890625
118 0.5078125 0.77421875 0.09609375 0.10234375
118 0.3828125 0.79921875 0.096875 0.1140625
118 0.20546875 0.82578125 0.10234375 0.1015625