4 0.6390625 0.4953125 0.08046875 0.1484375
4 0.78359375 0.50234375 0.08671875 0.1265625
4 0.4796875 0.5203125 0.07421875 0.15078125
4 0.14453125 0.52578125 0.0734375 0.15859375
4 0.3125 0.53203125 0.08984375 0.13828125
4 0.609375 0.78671875 0.075 0.153125
4 0.74921875 0.7984375 0.07578125 0.13359375
4 0.465625 0.80078125 0.078125 0.125
4 0.3140625 0.8078125 0.07578125 0.12578125
4 0.14609375 0.8140625 0.0734375 0.15390625
4 0.77265625 0.19765625 0.07890625 0.14375
4 0.63046875 0.20625 0.07578125 0.1390625
4 0.48125 0.20859375 0.0828125 0.14921875
4 0.32890625 0.2109375 0.0890625 0.1546875
4 0.14375 0.2171875 0.07734375 0.15078125