83 0.60390625 0.271875 0.08359375 0.146875
83 0.76171875 0.2734375 0.08828125 0.1359375
83 0.44375 0.2765625 0.09140625 0.15234375
83 0.28125 0.2765625 0.08046875 0.12890625
83 0.15078125 0.2875 0.075 0.13125
83 0.63515625 0.5140625 0.0890625 0.14765625
83 0.48515625 0.51796875 0.07890625 0.1546875
83 0.78984375 0.51796875 0.08125 0.1546875
83 0.17734375 0.5203125 0.0890625 0.13984375
83 0.32265625 0.5234375 0.08984375 0.15546875
83 0.8125 0.7484375 0.0703125 0.13125
83 0.4984375 0.75078125 0.0796875 0.13046875
83 0.65078125 0.75546875 0.071875 0.13984375
83 0.20234375 0.75859375 0.08828125 0.1375
83 0.3453125 0.76015625 0.084375 0.1453125