1 0.7788461538461539 0.24158653846153846 0.10576923076923077 0.09254807692307693
1 0.6129807692307693 0.25721153846153844 0.09615384615384616 0.0889423076923077
1 0.4855769230769231 0.27283653846153844 0.09975961538461539 0.09254807692307693
1 0.3137019230769231 0.296875 0.1045673076923077 0.09615384615384616
1 0.18028846153846154 0.31971153846153844 0.08052884615384616 0.08173076923076923
1 0.8016826923076923 0.48677884615384615 0.11778846153846154 0.09254807692307693
1 0.6478365384615384 0.49158653846153844 0.10817307692307693 0.0829326923076923
1 0.48677884615384615 0.49759615384615385 0.09735576923076923 0.08653846153846154
1 0.33413461538461536 0.5144230769230769 0.078125 0.08052884615384616
1 0.20192307692307693 0.5240384615384616 0.07692307692307693 0.078125
1 0.19591346153846154 0.7151442307692307 0.0733173076923077 0.078125
1 0.35697115384615385 0.7475961538461539 0.07572115384615384 0.06850961538461539
1 0.5060096153846154 0.7572115384615384 0.09134615384615384 0.08774038461538461
1 0.6526442307692307 0.7728365384615384 0.09615384615384616 0.0985576923076923
1 0.8221153846153846 0.7776442307692307 0.1045673076923077 0.109375