7 0.3581730769230769 0.25 0.11177884615384616 0.16466346153846154
7 0.6850961538461539 0.25240384615384615 0.10576923076923077 0.14543269230769232
7 0.53125 0.2548076923076923 0.09375 0.14543269230769232
7 0.8377403846153846 0.25600961538461536 0.09254807692307693 0.15865384615384615
7 0.17427884615384615 0.27283653846153844 0.1045673076923077 0.17548076923076922
7 0.8425480769230769 0.4987980769230769 0.08413461538461539 0.14543269230769232
7 0.6911057692307693 0.5108173076923077 0.10096153846153846 0.16706730769230768
7 0.3485576923076923 0.5132211538461539 0.09495192307692307 0.14302884615384615
7 0.1658653846153846 0.5180288461538461 0.09615384615384616 0.1658653846153846
7 0.53125 0.5192307692307693 0.10096153846153846 0.14182692307692307
7 0.8173076923076923 0.7836538461538461 0.10216346153846154 0.15144230769230768
7 0.6514423076923077 0.7884615384615384 0.10817307692307693 0.13581730769230768
7 0.49399038461538464 0.7920673076923077 0.0985576923076923 0.14543269230769232
7 0.15625 0.7956730769230769 0.109375 0.1658653846153846
7 0.3245192307692308 0.8004807692307693 0.09495192307692307 0.14423076923076922