101 0.703125 0.23828125 0.08125 0.15
101 0.575 0.24296875 0.0828125 0.13671875
101 0.446875 0.24609375 0.07890625 0.1421875
101 0.328125 0.25 0.0765625 0.13359375
101 0.20390625 0.2515625 0.07421875 0.13515625
101 0.59296875 0.459375 0.0921875 0.140625
101 0.7390625 0.46640625 0.09609375 0.16015625
101 0.45234375 0.47265625 0.09140625 0.1484375
101 0.1671875 0.48046875 0.07578125 0.14375
101 0.31328125 0.48359375 0.0671875 0.15703125
101 0.77734375 0.7171875 0.0953125 0.19453125
101 0.62265625 0.71953125 0.08125 0.18125
101 0.4578125 0.72578125 0.08828125 0.184375
101 0.290625 0.74765625 0.09296875 0.1671875
101 0.1234375 0.759375 0.08515625 0.17734375