10 0.6359375 0.27578125 0.0984375 0.134375
10 0.45625 0.28515625 0.1125 0.140625
10 0.80546875 0.29140625 0.0875 0.14375
10 0.2984375 0.30546875 0.1078125 0.14375
10 0.11484375 0.32265625 0.1078125 0.16875
10 0.66875 0.4859375 0.078125 0.128125
10 0.79453125 0.48671875 0.071875 0.1125
10 0.515625 0.5015625 0.11875 0.140625
10 0.34921875 0.53046875 0.11875 0.1375
10 0.17734375 0.54140625 0.1171875 0.1453125
10 0.796875 0.65234375 0.0703125 0.09375
10 0.68359375 0.6578125 0.08125 0.109375
10 0.52265625 0.67890625 0.0984375 0.11875
10 0.371875 0.6921875 0.096875 0.115625
10 0.215625 0.70234375 0.1 0.103125