24 0.7223557692307693 0.2800480769230769 0.109375 0.11778846153846154
24 0.5817307692307693 0.2932692307692308 0.08413461538461539 0.11538461538461539
24 0.4543269230769231 0.3112980769230769 0.078125 0.11899038461538461
24 0.31971153846153844 0.33413461538461536 0.08653846153846154 0.12620192307692307
24 0.16947115384615385 0.34975961538461536 0.07451923076923077 0.125
24 0.7872596153846154 0.46274038461538464 0.1141826923076923 0.15625
24 0.6045673076923077 0.46875 0.09495192307692307 0.13701923076923078
24 0.453125 0.4963942307692308 0.09254807692307693 0.140625
24 0.2860576923076923 0.5180288461538461 0.08052884615384616 0.12620192307692307
24 0.1310096153846154 0.5372596153846154 0.06370192307692307 0.12379807692307693
24 0.8413461538461539 0.6935096153846154 0.12139423076923077 0.18389423076923078
24 0.6502403846153846 0.6959134615384616 0.09615384615384616 0.15745192307692307
24 0.4495192307692308 0.7247596153846154 0.09014423076923077 0.16346153846153846
24 0.2776442307692308 0.75 0.11538461538461539 0.1622596153846154
24 0.10697115384615384 0.7704326923076923 0.0889423076923077 0.18870192307692307