21 0.56953125 0.2609375 0.08515625 0.1765625
21 0.70625 0.2921875 0.0625 0.1359375
21 0.80859375 0.34140625 0.05234375 0.13515625
21 0.5984375 0.5171875 0.09765625 0.190625
21 0.72265625 0.51875 0.05546875 0.1421875
21 0.80625 0.52890625 0.05 0.1296875
21 0.2109375 0.53125 0.13828125 0.2421875
21 0.43046875 0.53359375 0.1140625 0.19140625
21 0.8078125 0.72109375 0.0484375 0.1140625
21 0.72734375 0.73203125 0.0625 0.13046875
21 0.590625 0.75703125 0.08828125 0.17109375
21 0.43359375 0.78984375 0.1 0.1765625
21 0.215625 0.82421875 0.12578125 0.18359375
21 0.20234375 0.18671875 0.1375 0.2453125
21 0.41640625 0.23515625 0.096875 0.20078125