11 0.2091346153846154 0.25600961538461536 0.06009615384615385 0.11658653846153846
11 0.19831730769230768 0.49158653846153844 0.05889423076923077 0.13341346153846154
11 0.3125 0.49158653846153844 0.057692307692307696 0.13942307692307693
11 0.4266826923076923 0.4963942307692308 0.06370192307692307 0.15745192307692307
11 0.5528846153846154 0.49759615384615385 0.078125 0.15504807692307693
11 0.7235576923076923 0.5120192307692307 0.09014423076923077 0.15625
11 0.1971153846153846 0.7259615384615384 0.057692307692307696 0.13822115384615385
11 0.3233173076923077 0.7572115384615384 0.056490384615384616 0.13341346153846154
11 0.43509615384615385 0.7644230769230769 0.06370192307692307 0.14903846153846154
11 0.5444711538461539 0.7944711538461539 0.0733173076923077 0.14783653846153846
11 0.7211538461538461 0.8305288461538461 0.10336538461538461 0.15865384615384615
11 0.7271634615384616 0.1971153846153846 0.0889423076923077 0.15745192307692307
11 0.5829326923076923 0.20673076923076922 0.08774038461538461 0.16346153846153846
11 0.4495192307692308 0.2127403846153846 0.07932692307692307 0.14302884615384615
11 0.3245192307692308 0.234375 0.07692307692307693 0.12980769230769232