15 0.24140625 0.30625 0.14375 0.0515625
15 0.246875 0.19375 0.13125 0.04375
15 0.25234375 0.43125 0.184375 0.0671875
15 0.25625 0.5734375 0.184375 0.06875
15 0.28125 0.73828125 0.2171875 0.0828125
15 0.48671875 0.221875 0.121875 0.046875
15 0.51875 0.32421875 0.1453125 0.046875
15 0.53515625 0.4453125 0.146875 0.05625
15 0.59453125 0.58515625 0.1640625 0.0734375
15 0.64296875 0.734375 0.1921875 0.078125
15 0.66953125 0.2453125 0.1265625 0.04375
15 0.7125 0.33359375 0.140625 0.046875
15 0.7625 0.4484375 0.14375 0.053125
15 0.83125 0.5703125 0.1609375 0.0578125
15 0.903125 0.7296875 0.153125 0.0671875