20 0.6953125 0.2484375 0.05 0.128125
20 0.79140625 0.26953125 0.046875 0.1015625
20 0.6921875 0.45234375 0.05 0.125
20 0.2265625 0.45234375 0.1 0.178125
20 0.40390625 0.45703125 0.084375 0.134375
20 0.78125 0.459375 0.040625 0.103125
20 0.571875 0.46953125 0.071875 0.128125
20 0.775 0.7484375 0.046875 0.1015625
20 0.70078125 0.76328125 0.05625 0.1140625
20 0.55625 0.77265625 0.0671875 0.10625
20 0.40546875 0.80703125 0.078125 0.134375
20 0.2296875 0.8421875 0.1 0.1625
20 0.24609375 0.1171875 0.0890625 0.18125
20 0.4296875 0.18125 0.065625 0.13125
20 0.5890625 0.23359375 0.06875 0.1546875