5 0.64921875 0.25859375 0.075 0.17265625
5 0.7875 0.26171875 0.07578125 0.16953125
5 0.509375 0.27265625 0.071875 0.1671875
5 0.3671875 0.28046875 0.0828125 0.17421875
5 0.178125 0.3015625 0.090625 0.159375
5 0.628125 0.56875 0.0640625 0.14375
5 0.76328125 0.575 0.0703125 0.1546875
5 0.51015625 0.578125 0.06875 0.14765625
5 0.37734375 0.5828125 0.07578125 0.153125
5 0.20390625 0.58828125 0.078125 0.15
5 0.63046875 0.75546875 0.06640625 0.12578125
5 0.74921875 0.75546875 0.0671875 0.13984375
5 0.5078125 0.76171875 0.0609375 0.12421875
5 0.38125 0.77890625 0.065625 0.1265625
5 0.2109375 0.78828125 0.07109375 0.13046875