34 0.5484375 0.2375 0.09375 0.14296875
34 0.4171875 0.2546875 0.08046875 0.12109375
34 0.28046875 0.27734375 0.0765625 0.125
34 0.13359375 0.3046875 0.090625 0.1453125
34 0.27265625 0.5484375 0.06953125 0.11640625
34 0.14140625 0.55 0.06953125 0.13671875
34 0.41484375 0.5703125 0.0921875 0.140625
34 0.71953125 0.57265625 0.10546875 0.1515625
34 0.55703125 0.575 0.09375 0.1421875
34 0.14140625 0.78515625 0.065625 0.14453125
34 0.259375 0.809375 0.07421875 0.121875
34 0.3953125 0.83203125 0.08046875 0.13046875
34 0.53515625 0.853125 0.096875 0.1515625
34 0.7125 0.86953125 0.11796875 0.13125
34 0.69296875 0.221875 0.0984375 0.1296875