2 0.703125 0.41586538461538464 0.06009615384615385 0.14783653846153846
2 0.8317307692307693 0.4230769230769231 0.055288461538461536 0.14302884615384615
2 0.5396634615384616 0.4266826923076923 0.0625 0.16346153846153846
2 0.390625 0.44471153846153844 0.07091346153846154 0.18870192307692307
2 0.2247596153846154 0.47475961538461536 0.09134615384615384 0.19951923076923078
2 0.8293269230769231 0.6694711538461539 0.057692307692307696 0.15745192307692307
2 0.6971153846153846 0.7007211538461539 0.06370192307692307 0.15504807692307693
2 0.5420673076923077 0.7439903846153846 0.06850961538461539 0.171875
2 0.4026442307692308 0.7800480769230769 0.06610576923076923 0.17067307692307693
2 0.24158653846153846 0.8016826923076923 0.07692307692307693 0.17908653846153846
2 0.5516826923076923 0.11298076923076923 0.0733173076923077 0.15985576923076922
2 0.39302884615384615 0.11538461538461539 0.0733173076923077 0.16826923076923078
2 0.21634615384615385 0.11658653846153846 0.08533653846153846 0.1814903846153846
2 0.7007211538461539 0.13221153846153846 0.06850961538461539 0.14302884615384615
2 0.8257211538461539 0.1466346153846154 0.054086538461538464 0.13822115384615385