12 0.7956730769230769 0.23677884615384615 0.06490384615384616 0.15504807692307693
12 0.3701923076923077 0.25 0.09014423076923077 0.19951923076923078
12 0.1935096153846154 0.2548076923076923 0.09615384615384616 0.21634615384615385
12 0.7944711538461539 0.4254807692307692 0.05889423076923077 0.12259615384615384
12 0.6706730769230769 0.44350961538461536 0.06850961538461539 0.12980769230769232
12 0.5300480769230769 0.4699519230769231 0.07692307692307693 0.14302884615384615
12 0.38100961538461536 0.4963942307692308 0.0733173076923077 0.1466346153846154
12 0.2127403846153846 0.5240384615384616 0.08052884615384616 0.15384615384615385
12 0.7572115384615384 0.6538461538461539 0.05889423076923077 0.13581730769230768
12 0.65625 0.6730769230769231 0.0673076923076923 0.12980769230769232
12 0.5276442307692307 0.7127403846153846 0.07572115384615384 0.1502403846153846
12 0.3942307692307692 0.7596153846153846 0.07692307692307693 0.15264423076923078
12 0.21634615384615385 0.8052884615384616 0.08774038461538461 0.17668269230769232
12 0.5264423076923077 0.23317307692307693 0.07211538461538461 0.17668269230769232
12 0.6730769230769231 0.23317307692307693 0.06610576923076923 0.15625