3 0.6165865384615384 0.44711538461538464 0.07451923076923077 0.1658653846153846
3 0.7740384615384616 0.4495192307692308 0.06009615384615385 0.14903846153846154
3 0.8990384615384616 0.453125 0.06850961538461539 0.15264423076923078
3 0.4567307692307692 0.46875 0.06850961538461539 0.15865384615384615
3 0.2127403846153846 0.49278846153846156 0.08173076923076923 0.1935096153846154
3 0.8870192307692307 0.6899038461538461 0.05048076923076923 0.13581730769230768
3 0.7752403846153846 0.6983173076923077 0.057692307692307696 0.14182692307692307
3 0.6382211538461539 0.7247596153846154 0.06610576923076923 0.13701923076923078
3 0.48197115384615385 0.7680288461538461 0.06490384615384616 0.14903846153846154
3 0.2403846153846154 0.8425480769230769 0.07451923076923077 0.17307692307692307
3 0.4206730769230769 0.171875 0.06850961538461539 0.14903846153846154
3 0.19110576923076922 0.18028846153846154 0.06850961538461539 0.15504807692307693
3 0.5913461538461539 0.1875 0.06129807692307692 0.16706730769230768
3 0.7475961538461539 0.1935096153846154 0.06370192307692307 0.15264423076923078
3 0.8725961538461539 0.21394230769230768 0.06009615384615385 0.16105769230769232