24 0.19296875 0.2390625 0.0953125 0.1625
24 0.70703125 0.45234375 0.07578125 0.13984375
24 0.5921875 0.46875 0.06796875 0.1296875
24 0.465625 0.49609375 0.0703125 0.1578125
24 0.3484375 0.51484375 0.07578125 0.14609375
24 0.2109375 0.53515625 0.09453125 0.16640625
24 0.71171875 0.7296875 0.0828125 0.15
24 0.57734375 0.75390625 0.07265625 0.14296875
24 0.45703125 0.7796875 0.07578125 0.1375
24 0.328125 0.8078125 0.0828125 0.1640625
24 0.21015625 0.83984375 0.07578125 0.1484375
24 0.7359375 0.19140625 0.0890625 0.1453125
24 0.5875 0.2109375 0.0828125 0.13671875
24 0.45703125 0.2203125 0.08203125 0.14375
24 0.3296875 0.22734375 0.07890625 0.140625