22 0.675 0.390625 0.103125 0.16875
22 0.509375 0.39375 0.109375 0.165625
22 0.8546875 0.39453125 0.109375 0.153125
22 0.32890625 0.421875 0.1015625 0.159375
22 0.12734375 0.428125 0.090625 0.16875
22 0.6953125 0.63359375 0.1109375 0.16875
22 0.875 0.63984375 0.121875 0.153125
22 0.51484375 0.64140625 0.10625 0.15625
22 0.33046875 0.6765625 0.1125 0.15625
22 0.11875 0.7125 0.11875 0.1625
22 0.7734375 0.15234375 0.1296875 0.1015625
22 0.6109375 0.15390625 0.0984375 0.1140625
22 0.47734375 0.16328125 0.103125 0.121875
22 0.31484375 0.17578125 0.109375 0.115625
22 0.14375 0.1828125 0.0953125 0.125