27 0.6766826923076923 0.24158653846153846 0.04927884615384615 0.12860576923076922
27 0.7740384615384616 0.25841346153846156 0.04567307692307692 0.10216346153846154
27 0.6766826923076923 0.44711538461538464 0.04927884615384615 0.125
27 0.7644230769230769 0.4483173076923077 0.040865384615384616 0.10336538461538461
27 0.38461538461538464 0.453125 0.08413461538461539 0.13341346153846154
27 0.20192307692307693 0.4543269230769231 0.09975961538461539 0.1778846153846154
27 0.5540865384615384 0.4579326923076923 0.07211538461538461 0.12860576923076922
27 0.7596153846153846 0.7391826923076923 0.04807692307692308 0.10216346153846154
27 0.6826923076923077 0.7512019230769231 0.057692307692307696 0.1141826923076923
27 0.5372596153846154 0.7668269230769231 0.0673076923076923 0.10576923076923077
27 0.3870192307692308 0.7992788461538461 0.07692307692307693 0.1346153846153846
27 0.21033653846153846 0.8425480769230769 0.10096153846153846 0.1622596153846154
27 0.21634615384615385 0.11177884615384616 0.0889423076923077 0.18028846153846154
27 0.40865384615384615 0.17668269230769232 0.06610576923076923 0.13221153846153846
27 0.5721153846153846 0.22596153846153846 0.06971153846153846 0.15504807692307693