2 0.5721153846153846 0.48677884615384615 0.06490384615384616 0.1466346153846154
2 0.40384615384615385 0.48677884615384615 0.07091346153846154 0.1502403846153846
2 0.7259615384615384 0.49158653846153844 0.0673076923076923 0.14543269230769232
2 0.265625 0.5024038461538461 0.0673076923076923 0.16826923076923078
2 0.13341346153846154 0.5180288461538461 0.0673076923076923 0.17307692307692307
2 0.71875 0.7487980769230769 0.07091346153846154 0.16105769230769232
2 0.5576923076923077 0.7596153846153846 0.06971153846153846 0.16346153846153846
2 0.40024038461538464 0.7740384615384616 0.06009615384615385 0.15865384615384615
2 0.14423076923076922 0.7800480769230769 0.06370192307692307 0.15384615384615385
2 0.27403846153846156 0.7824519230769231 0.06370192307692307 0.14903846153846154
2 0.4206730769230769 0.1875 0.07091346153846154 0.15144230769230768
2 0.5793269230769231 0.19110576923076922 0.06971153846153846 0.15264423076923078
2 0.734375 0.19591346153846154 0.06490384615384616 0.15264423076923078
2 0.27403846153846156 0.2091346153846154 0.07091346153846154 0.15865384615384615
2 0.1310096153846154 0.2247596153846154 0.0673076923076923 0.16466346153846154