22 0.8064903846153846 0.26322115384615385 0.09615384615384616 0.12139423076923077
22 0.49278846153846156 0.2704326923076923 0.10336538461538461 0.12980769230769232
22 0.34375 0.27163461538461536 0.09254807692307693 0.13581730769230768
22 0.6514423076923077 0.28125 0.1141826923076923 0.14903846153846154
22 0.17668269230769232 0.29086538461538464 0.11177884615384616 0.12980769230769232
22 0.8173076923076923 0.45072115384615385 0.09014423076923077 0.125
22 0.6610576923076923 0.46153846153846156 0.09134615384615384 0.13581730769230768
22 0.4987980769230769 0.4951923076923077 0.09975961538461539 0.15144230769230768
22 0.3401442307692308 0.4963942307692308 0.10697115384615384 0.15264423076923078
22 0.1622596153846154 0.5288461538461539 0.10576923076923077 0.16346153846153846
22 0.8449519230769231 0.6959134615384616 0.09375 0.14903846153846154
22 0.6899038461538461 0.7127403846153846 0.11177884615384616 0.1502403846153846
22 0.5048076923076923 0.7524038461538461 0.1045673076923077 0.1466346153846154
22 0.33413461538461536 0.7848557692307693 0.10216346153846154 0.20793269230769232
22 0.140625 0.8377403846153846 0.1045673076923077 0.171875