29 0.49140625 0.49140625 0.0640625 0.17890625
29 0.36640625 0.49296875 0.0734375 0.18671875
29 0.23046875 0.49921875 0.05703125 0.18203125
29 0.6109375 0.5046875 0.0671875 0.1859375
29 0.7515625 0.515625 0.08359375 0.209375
29 0.2421875 0.75234375 0.06015625 0.13828125
29 0.35703125 0.7609375 0.06328125 0.1515625
29 0.47890625 0.78671875 0.07421875 0.1796875
29 0.621875 0.7921875 0.07890625 0.18359375
29 0.76953125 0.82890625 0.096875 0.2078125
29 0.72265625 0.19140625 0.10390625 0.22421875
29 0.5703125 0.196875 0.0703125 0.2171875
29 0.46875 0.19921875 0.0828125 0.178125
29 0.35 0.20078125 0.0921875 0.15703125
29 0.21328125 0.22734375 0.0609375 0.159375