15 0.58359375 0.26484375 0.07890625 0.15703125
15 0.703125 0.27265625 0.0734375 0.13984375
15 0.79609375 0.27265625 0.06484375 0.13984375
15 0.83828125 0.46640625 0.0671875 0.12265625
15 0.7515625 0.46796875 0.07109375 0.12265625
15 0.6515625 0.48359375 0.065625 0.12265625
15 0.546875 0.49921875 0.071875 0.13203125
15 0.20546875 0.51875 0.10234375 0.15078125
15 0.78203125 0.6640625 0.06484375 0.12265625
15 0.68828125 0.67890625 0.0859375 0.1234375
15 0.5703125 0.69609375 0.07578125 0.13828125
15 0.44296875 0.7234375 0.09296875 0.14765625
15 0.2140625 0.778125 0.1015625 0.18125
15 0.22421875 0.22109375 0.09453125 0.16875
15 0.39453125 0.23125 0.09609375 0.1640625