12 0.78984375 0.30859375 0.0859375 0.0609375
12 0.66953125 0.3140625 0.06640625 0.0765625
12 0.546875 0.31953125 0.0859375 0.07734375
12 0.38046875 0.32265625 0.1015625 0.0890625
12 0.21953125 0.3234375 0.0859375 0.0734375
12 0.82890625 0.44609375 0.09453125 0.08046875
12 0.69453125 0.45390625 0.08359375 0.09375
12 0.53828125 0.459375 0.078125 0.08515625
12 0.340625 0.471875 0.0875 0.10859375
12 0.159375 0.475 0.08828125 0.10546875
12 0.9171875 0.6375 0.11171875 0.11640625
12 0.74609375 0.63828125 0.0921875 0.11171875
12 0.55703125 0.6609375 0.09140625 0.140625
12 0.29765625 0.671875 0.08046875 0.1296875
12 0.08515625 0.690625 0.096875 0.15234375