14 0.76328125 0.68125 0.125 0.08125
14 0.75703125 0.82734375 0.15 0.08125
14 0.465625 0.5203125 0.1453125 0.09375
14 0.4609375 0.6859375 0.1546875 0.09375
14 0.45859375 0.84140625 0.16875 0.0921875
14 0.45 0.16640625 0.15 0.090625
14 0.44453125 0.34609375 0.1640625 0.1
14 0.209375 0.85703125 0.153125 0.0828125
14 0.1953125 0.7 0.146875 0.0765625
14 0.1734375 0.521875 0.159375 0.0875
14 0.1625 0.334375 0.1609375 0.103125
14 0.16171875 0.1578125 0.19375 0.1046875
14 0.7734375 0.37109375 0.1578125 0.1046875
14 0.76953125 0.184375 0.16875 0.1125
14 0.76875 0.51640625 0.1328125 0.084375