116 0.79921875 0.4671875 0.096875 0.11796875
116 0.53046875 0.46796875 0.08828125 0.134375
116 0.659375 0.46953125 0.0953125 0.11328125
116 0.36953125 0.478125 0.0984375 0.140625
116 0.19375 0.4859375 0.1140625 0.14765625
116 0.1796875 0.76015625 0.1 0.17265625
116 0.35859375 0.78671875 0.10390625 0.1375
116 0.5171875 0.8046875 0.1140625 0.14375
116 0.6640625 0.82421875 0.11640625 0.14609375
116 0.8171875 0.83828125 0.10390625 0.13203125
116 0.5359375 0.1734375 0.11328125 0.12421875
116 0.67578125 0.18203125 0.10078125 0.12265625
116 0.375 0.18984375 0.14140625 0.125
116 0.81953125 0.1953125 0.09453125 0.11171875
116 0.18984375 0.196875 0.14140625 0.13828125