15 0.7139423076923077 0.24519230769230768 0.10216346153846154 0.10216346153846154
15 0.546875 0.24879807692307693 0.0889423076923077 0.09495192307692307
15 0.2860576923076923 0.25841346153846156 0.09975961538461539 0.09254807692307693
15 0.41466346153846156 0.25961538461538464 0.08413461538461539 0.0889423076923077
15 0.13942307692307693 0.265625 0.11177884615384616 0.11658653846153846
15 0.17908653846153846 0.5348557692307693 0.08533653846153846 0.109375
15 0.4795673076923077 0.5372596153846154 0.07932692307692307 0.12379807692307693
15 0.6262019230769231 0.5384615384615384 0.08173076923076923 0.11538461538461539
15 0.33533653846153844 0.5420673076923077 0.09375 0.1141826923076923
15 0.7439903846153846 0.5432692307692307 0.08173076923076923 0.1201923076923077
15 0.19110576923076922 0.7139423076923077 0.06610576923076923 0.12620192307692307
15 0.33533653846153844 0.734375 0.09014423076923077 0.11177884615384616
15 0.6334134615384616 0.7463942307692307 0.08173076923076923 0.12139423076923077
15 0.47115384615384615 0.7487980769230769 0.09014423076923077 0.12740384615384615
15 0.7644230769230769 0.7524038461538461 0.07692307692307693 0.11538461538461539