14 0.49375 0.23671875 0.07109375 0.1484375
14 0.36328125 0.265625 0.05703125 0.14375
14 0.25390625 0.29296875 0.05078125 0.12734375
14 0.1625 0.32578125 0.04921875 0.109375
14 0.66015625 0.40234375 0.1015625 0.1453125
14 0.50390625 0.43125 0.0609375 0.15546875
14 0.36875 0.4625 0.0765625 0.15703125
14 0.259375 0.49140625 0.05859375 0.15234375
14 0.15078125 0.4984375 0.05625 0.1109375
14 0.63984375 0.67265625 0.08515625 0.15390625
14 0.471875 0.69375 0.07734375 0.16171875
14 0.346875 0.70234375 0.0671875 0.14765625
14 0.2296875 0.71484375 0.0625 0.14296875
14 0.121875 0.73046875 0.0546875 0.12265625
14 0.64609375 0.2 0.09609375 0.1546875