26 0.784375 0.44765625 0.09140625 0.1875
26 0.61484375 0.45234375 0.0796875 0.16953125
26 0.47265625 0.46953125 0.08359375 0.17578125
26 0.2671875 0.4734375 0.0890625 0.16875
26 0.14140625 0.48515625 0.0859375 0.1828125
26 0.77109375 0.69609375 0.0828125 0.16171875
26 0.59765625 0.70625 0.07109375 0.159375
26 0.44296875 0.72265625 0.08359375 0.16796875
26 0.2703125 0.74296875 0.07890625 0.1609375
26 0.134375 0.76328125 0.07734375 0.165625
26 0.7296875 0.1890625 0.0921875 0.153125
26 0.5625 0.1921875 0.0796875 0.16953125
26 0.41875 0.19375 0.07578125 0.13984375
26 0.15859375 0.19453125 0.07734375 0.15
26 0.28671875 0.19765625 0.07265625 0.146875