9 0.4734375 0.4375 0.09140625 0.19609375
9 0.79609375 0.4390625 0.07890625 0.20390625
9 0.63515625 0.44453125 0.09609375 0.19609375
9 0.146875 0.446875 0.09140625 0.15390625
9 0.3125 0.4546875 0.0859375 0.1921875
9 0.48828125 0.721875 0.0890625 0.18515625
9 0.653125 0.72265625 0.096875 0.19140625
9 0.79140625 0.72265625 0.084375 0.2015625
9 0.30859375 0.73828125 0.08515625 0.18125
9 0.15625 0.746875 0.08203125 0.1796875
9 0.76953125 0.165625 0.09765625 0.17421875
9 0.60625 0.16796875 0.09140625 0.165625
9 0.4484375 0.17890625 0.0875 0.15859375
9 0.26953125 0.1859375 0.09609375 0.159375
9 0.140625 0.1984375 0.08984375 0.15625