23 0.72734375 0.403125 0.071875 0.128125
23 0.6125 0.4265625 0.0890625 0.146875
23 0.82265625 0.43125 0.06875 0.1375
23 0.4796875 0.45703125 0.10625 0.1875
23 0.30390625 0.496875 0.134375 0.2015625
23 0.85234375 0.65 0.071875 0.1359375
23 0.7625 0.65859375 0.08125 0.153125
23 0.646875 0.6953125 0.109375 0.184375
23 0.5046875 0.753125 0.115625 0.1828125
23 0.325 0.81640625 0.15 0.253125
23 0.25703125 0.14921875 0.128125 0.184375
23 0.43515625 0.1640625 0.103125 0.146875
23 0.6984375 0.16875 0.078125 0.125
23 0.57578125 0.1703125 0.084375 0.1375
23 0.7953125 0.2015625 0.071875 0.125