2 0.175 0.2484375 0.05234375 0.1140625
2 0.5765625 0.4109375 0.05078125 0.14765625
2 0.71875 0.4140625 0.0546875 0.1296875
2 0.44140625 0.415625 0.04765625 0.1296875
2 0.3078125 0.440625 0.05234375 0.11796875
2 0.15390625 0.46328125 0.05546875 0.12109375
2 0.72421875 0.65703125 0.06953125 0.159375
2 0.58359375 0.659375 0.06484375 0.1359375
2 0.44609375 0.659375 0.0546875 0.13203125
2 0.29296875 0.70390625 0.06171875 0.14921875
2 0.134375 0.71796875 0.0546875 0.14453125
2 0.6828125 0.18359375 0.05390625 0.11640625
2 0.55625 0.18671875 0.059375 0.128125
2 0.44140625 0.2 0.05546875 0.1125
2 0.3125 0.2265625 0.0546875 0.1125