17 0.54296875 0.2578125 0.10703125 0.18984375
17 0.7234375 0.26171875 0.125 0.19296875
17 0.3703125 0.26796875 0.1078125 0.17265625
17 0.0890625 0.27265625 0.0890625 0.153125
17 0.225 0.2875 0.11015625 0.1828125
17 0.10390625 0.53515625 0.1046875 0.1703125
17 0.5984375 0.5375 0.11796875 0.16953125
17 0.24765625 0.54375 0.11640625 0.16796875
17 0.4125 0.54453125 0.1171875 0.184375
17 0.7453125 0.5453125 0.10625 0.18046875
17 0.5828125 0.77578125 0.109375 0.15625
17 0.1234375 0.778125 0.09375 0.14296875
17 0.4203125 0.7796875 0.090625 0.140625
17 0.265625 0.78515625 0.103125 0.15625
17 0.76015625 0.79921875 0.08515625 0.128125