15 0.67890625 0.246875 0.046875 0.159375
15 0.3828125 0.246875 0.096875 0.1921875
15 0.56328125 0.25234375 0.0625 0.1890625
15 0.7796875 0.25546875 0.046875 0.15625
15 0.15625 0.28671875 0.121875 0.290625
15 0.78515625 0.48125 0.040625 0.11875
15 0.6953125 0.4890625 0.046875 0.134375
15 0.5703125 0.53125 0.0625 0.146875
15 0.39765625 0.57109375 0.0734375 0.1625
15 0.18515625 0.6359375 0.09375 0.2171875
15 0.77265625 0.653125 0.040625 0.11875
15 0.66796875 0.690625 0.05625 0.128125
15 0.53046875 0.7375 0.046875 0.1421875
15 0.39140625 0.81015625 0.0640625 0.15625
15 0.21640625 0.89140625 0.0640625 0.1578125