26 0.5793269230769231 0.25721153846153844 0.09495192307692307 0.09735576923076923
26 0.7355769230769231 0.25841346153846156 0.1045673076923077 0.11658653846153846
26 0.4483173076923077 0.26322115384615385 0.09495192307692307 0.10096153846153846
26 0.3137019230769231 0.2704326923076923 0.09735576923076923 0.1141826923076923
26 0.1814903846153846 0.27403846153846156 0.09254807692307693 0.10697115384615384
26 0.6009615384615384 0.47115384615384615 0.10096153846153846 0.11298076923076923
26 0.29447115384615385 0.47716346153846156 0.1141826923076923 0.12980769230769232
26 0.45552884615384615 0.4807692307692308 0.09975961538461539 0.13701923076923078
26 0.13822115384615385 0.4831730769230769 0.09014423076923077 0.13701923076923078
26 0.75 0.49759615384615385 0.12139423076923077 0.15985576923076922
26 0.265625 0.7584134615384616 0.10697115384615384 0.14783653846153846
26 0.09495192307692307 0.7632211538461539 0.11298076923076923 0.16706730769230768
26 0.4338942307692308 0.7776442307692307 0.10336538461538461 0.16346153846153846
26 0.6141826923076923 0.7884615384615384 0.109375 0.15745192307692307
26 0.7896634615384616 0.8197115384615384 0.12740384615384615 0.1935096153846154