20 0.440625 0.28671875 0.0890625 0.16953125
20 0.5796875 0.2953125 0.09375 0.18515625
20 0.30390625 0.29765625 0.090625 0.15859375
20 0.71328125 0.3 0.096875 0.18828125
20 0.14609375 0.3015625 0.096875 0.15546875
20 0.17109375 0.53359375 0.09765625 0.1578125
20 0.696875 0.5359375 0.09921875 0.16171875
20 0.57265625 0.5359375 0.08984375 0.1453125
20 0.4328125 0.53671875 0.08984375 0.1515625
20 0.3015625 0.53828125 0.09296875 0.15234375
20 0.6546875 0.7328125 0.09296875 0.15859375
20 0.55390625 0.73984375 0.0875 0.15546875
20 0.43515625 0.7453125 0.0953125 0.153125
20 0.3109375 0.75 0.09453125 0.14296875
20 0.18359375 0.76171875 0.08671875 0.13046875