0 0.2 0.2359375 0.071875 0.184375
0 0.38125 0.2453125 0.0640625 0.18125
0 0.52421875 0.24765625 0.053125 0.159375
0 0.79453125 0.26953125 0.053125 0.1171875
0 0.671875 0.27109375 0.046875 0.16875
0 0.646875 0.4625 0.0515625 0.13125
0 0.76328125 0.46875 0.046875 0.11875
0 0.51171875 0.48984375 0.0609375 0.15
0 0.3890625 0.50625 0.0640625 0.134375
0 0.2125 0.540625 0.071875 0.18125
0 0.73984375 0.63828125 0.0546875 0.1171875
0 0.63046875 0.66171875 0.0546875 0.1
0 0.50546875 0.7078125 0.059375 0.125
0 0.38984375 0.73046875 0.0640625 0.153125
0 0.22109375 0.7875 0.078125 0.1484375