32 0.6109375 0.29609375 0.1125 0.16484375
32 0.45546875 0.3015625 0.08984375 0.16953125
32 0.3234375 0.3078125 0.0765625 0.1375
32 0.20625 0.31484375 0.07421875 0.13203125
32 0.0984375 0.315625 0.05859375 0.1375
32 0.1359375 0.5234375 0.0703125 0.159375
32 0.2328125 0.53046875 0.06875 0.14140625
32 0.47421875 0.5390625 0.0859375 0.1578125
32 0.34296875 0.54296875 0.07421875 0.165625
32 0.61328125 0.5578125 0.10078125 0.18125
32 0.1640625 0.72265625 0.06875 0.13828125
32 0.25703125 0.7484375 0.065625 0.12421875
32 0.3640625 0.7609375 0.07265625 0.14765625
32 0.484375 0.78046875 0.07421875 0.1578125
32 0.62109375 0.81171875 0.10625 0.17421875