16 0.6971153846153846 0.31850961538461536 0.08052884615384616 0.11298076923076923
16 0.4411057692307692 0.32091346153846156 0.07451923076923077 0.10817307692307693
16 0.5625 0.32572115384615385 0.0889423076923077 0.10336538461538461
16 0.3112980769230769 0.3269230769230769 0.09134615384615384 0.1201923076923077
16 0.1814903846153846 0.35096153846153844 0.08653846153846154 0.12259615384615384
16 0.6983173076923077 0.4879807692307692 0.08653846153846154 0.12139423076923077
16 0.5504807692307693 0.4963942307692308 0.08052884615384616 0.10697115384615384
16 0.421875 0.5036057692307693 0.06850961538461539 0.10576923076923077
16 0.296875 0.5096153846153846 0.0829326923076923 0.109375
16 0.16947115384615385 0.5240384615384616 0.08052884615384616 0.11538461538461539
16 0.5973557692307693 0.6730769230769231 0.06850961538461539 0.10817307692307693
16 0.4987980769230769 0.6802884615384616 0.07451923076923077 0.10216346153846154
16 0.390625 0.6899038461538461 0.07451923076923077 0.10216346153846154
16 0.2824519230769231 0.7091346153846154 0.0733173076923077 0.11298076923076923
16 0.16947115384615385 0.7127403846153846 0.07211538461538461 0.125