7 0.72421875 0.73515625 0.1125 0.0953125
7 0.7046875 0.5828125 0.103125 0.103125
7 0.703125 0.44375 0.1078125 0.084375
7 0.68828125 0.296875 0.11875 0.09375
7 0.64921875 0.14453125 0.13125 0.090625
7 0.54375 0.75859375 0.125 0.1109375
7 0.52265625 0.5796875 0.1125 0.0953125
7 0.5 0.41953125 0.1234375 0.0828125
7 0.4796875 0.26484375 0.125 0.1015625
7 0.45390625 0.1140625 0.1359375 0.090625
7 0.30390625 0.64765625 0.134375 0.096875
7 0.284375 0.5203125 0.14375 0.1
7 0.26328125 0.38203125 0.140625 0.1
7 0.22734375 0.23671875 0.146875 0.09375
7 0.2078125 0.0859375 0.1609375 0.0875