19 0.61640625 0.4984375 0.08046875 0.190625
19 0.42578125 0.50234375 0.09765625 0.19375
19 0.78046875 0.503125 0.08046875 0.1859375
19 0.0875 0.503125 0.09375 0.1625
19 0.25546875 0.5125 0.09921875 0.18125
19 0.61015625 0.77578125 0.08515625 0.17109375
19 0.7640625 0.7765625 0.090625 0.16875
19 0.4453125 0.78359375 0.0875 0.1484375
19 0.1171875 0.78515625 0.09453125 0.17109375
19 0.2734375 0.78671875 0.09296875 0.16875
19 0.80078125 0.19453125 0.07734375 0.18515625
19 0.62578125 0.1953125 0.10234375 0.18671875
19 0.43984375 0.19765625 0.115625 0.1921875
19 0.09140625 0.2015625 0.12109375 0.19609375
19 0.265625 0.203125 0.11953125 0.19765625