21 0.16328125 0.25 0.09921875 0.1640625
21 0.8453125 0.47734375 0.10703125 0.17265625
21 0.6734375 0.48515625 0.10078125 0.1640625
21 0.51015625 0.49765625 0.1 0.165625
21 0.33671875 0.52109375 0.1 0.18203125
21 0.12734375 0.55 0.08828125 0.18515625
21 0.85859375 0.78671875 0.1 0.19453125
21 0.69921875 0.78984375 0.0921875 0.18046875
21 0.525 0.8078125 0.10625 0.18984375
21 0.33828125 0.8140625 0.09609375 0.178125
21 0.115625 0.84609375 0.08984375 0.2
21 0.80703125 0.18515625 0.09609375 0.1390625
21 0.64375 0.20390625 0.0859375 0.13828125
21 0.4953125 0.21328125 0.09609375 0.13828125
21 0.33984375 0.2328125 0.10078125 0.134375