7 0.8390625 0.4328125 0.065625 0.1296875
7 0.71875 0.43359375 0.0734375 0.13203125
7 0.57421875 0.44140625 0.0734375 0.128125
7 0.40703125 0.46328125 0.08515625 0.13984375
7 0.20703125 0.46953125 0.0703125 0.13828125
7 0.71796875 0.70546875 0.07265625 0.14921875
7 0.58671875 0.70625 0.0703125 0.1359375
7 0.83671875 0.70703125 0.06953125 0.128125
7 0.428125 0.72265625 0.07109375 0.13046875
7 0.20625 0.75625 0.0859375 0.14609375
7 0.56640625 0.15390625 0.0765625 0.14140625
7 0.1984375 0.1546875 0.084375 0.12890625
7 0.40859375 0.1546875 0.0671875 0.12421875
7 0.8234375 0.15546875 0.07734375 0.1265625
7 0.7 0.15546875 0.0640625 0.121875