3 0.6514423076923077 0.2403846153846154 0.057692307692307696 0.15384615384615385
3 0.515625 0.25841346153846156 0.06850961538461539 0.14783653846153846
3 0.3954326923076923 0.27283653846153844 0.0625 0.13581730769230768
3 0.28365384615384615 0.3112980769230769 0.06490384615384616 0.12379807692307693
3 0.16466346153846154 0.34615384615384615 0.04807692307692308 0.12139423076923077
3 0.5420673076923077 0.5288461538461539 0.056490384615384616 0.15625
3 0.4110576923076923 0.5348557692307693 0.04807692307692308 0.14543269230769232
3 0.6826923076923077 0.5360576923076923 0.057692307692307696 0.15264423076923078
3 0.29447115384615385 0.5528846153846154 0.056490384615384616 0.12620192307692307
3 0.17427884615384615 0.5685096153846154 0.055288461538461536 0.12860576923076922
3 0.4206730769230769 0.7800480769230769 0.06009615384615385 0.12860576923076922
3 0.5444711538461539 0.7932692307692307 0.06129807692307692 0.14423076923076922
3 0.18990384615384615 0.7932692307692307 0.052884615384615384 0.12139423076923077
3 0.6802884615384616 0.7980769230769231 0.06971153846153846 0.16466346153846154
3 0.30649038461538464 0.8004807692307693 0.054086538461538464 0.13581730769230768