27 0.859375 0.5036057692307693 0.09014423076923077 0.12860576923076922
27 0.5276442307692307 0.5216346153846154 0.1141826923076923 0.15504807692307693
27 0.7043269230769231 0.5216346153846154 0.09615384615384616 0.15144230769230768
27 0.31971153846153844 0.5384615384615384 0.12620192307692307 0.1622596153846154
27 0.10817307692307693 0.5576923076923077 0.12379807692307693 0.17427884615384615
27 0.8786057692307693 0.7932692307692307 0.06971153846153846 0.13581730769230768
27 0.71875 0.7992788461538461 0.09975961538461539 0.15144230769230768
27 0.5480769230769231 0.8293269230769231 0.09495192307692307 0.1346153846153846
27 0.33653846153846156 0.8377403846153846 0.0889423076923077 0.1346153846153846
27 0.10817307692307693 0.8581730769230769 0.10096153846153846 0.15384615384615385
27 0.1045673076923077 0.19471153846153846 0.09495192307692307 0.14543269230769232
27 0.2980769230769231 0.20673076923076922 0.0985576923076923 0.140625
27 0.5204326923076923 0.2091346153846154 0.08533653846153846 0.14783653846153846
27 0.7019230769230769 0.2247596153846154 0.10096153846153846 0.14783653846153846
27 0.8641826923076923 0.2247596153846154 0.09254807692307693 0.13822115384615385