29 0.8221153846153846 0.4254807692307692 0.07211538461538461 0.13341346153846154
29 0.5721153846153846 0.43509615384615385 0.08052884615384616 0.1466346153846154
29 0.6935096153846154 0.4362980769230769 0.07692307692307693 0.16105769230769232
29 0.42427884615384615 0.44350961538461536 0.09615384615384616 0.16105769230769232
29 0.1971153846153846 0.4879807692307692 0.11658653846153846 0.18028846153846154
29 0.8413461538461539 0.6298076923076923 0.07091346153846154 0.13221153846153846
29 0.7163461538461539 0.65625 0.08533653846153846 0.1622596153846154
29 0.5949519230769231 0.6850961538461539 0.09014423076923077 0.16346153846153846
29 0.45072115384615385 0.7331730769230769 0.11177884615384616 0.15504807692307693
29 0.24639423076923078 0.7896634615384616 0.13221153846153846 0.18509615384615385
29 0.17668269230769232 0.1778846153846154 0.13341346153846154 0.19471153846153846
29 0.5504807692307693 0.18028846153846154 0.09014423076923077 0.17067307692307693
29 0.40024038461538464 0.1814903846153846 0.1141826923076923 0.19831730769230768
29 0.6826923076923077 0.1875 0.07572115384615384 0.13822115384615385
29 0.7956730769230769 0.19230769230769232 0.06850961538461539 0.1346153846153846