19 0.8296875 0.41328125 0.0984375 0.11875
19 0.1609375 0.4203125 0.071875 0.12109375
19 0.69140625 0.42265625 0.084375 0.1265625
19 0.54140625 0.42734375 0.0796875 0.11484375
19 0.41015625 0.440625 0.07109375 0.10234375
19 0.36484375 0.65859375 0.0734375 0.13046875
19 0.5296875 0.6640625 0.0828125 0.14921875
19 0.1359375 0.6640625 0.071875 0.1375
19 0.690625 0.68046875 0.0828125 0.15078125
19 0.84453125 0.68828125 0.0890625 0.1609375
19 0.7703125 0.17734375 0.08125 0.109375
19 0.65703125 0.184375 0.071875 0.10703125
19 0.5375 0.19375 0.0671875 0.103125
19 0.36640625 0.2 0.0703125 0.09765625
19 0.20546875 0.20078125 0.07578125 0.10390625