11 0.2 0.2359375 0.07109375 0.184375
11 0.38125 0.24765625 0.0640625 0.18125
11 0.52421875 0.24765625 0.05390625 0.15859375
11 0.79453125 0.26953125 0.053125 0.1171875
11 0.671875 0.27109375 0.04765625 0.16796875
11 0.646875 0.4625 0.0515625 0.13046875
11 0.76328125 0.46875 0.04609375 0.11875
11 0.51171875 0.48984375 0.0609375 0.15
11 0.3890625 0.50625 0.0640625 0.134375
11 0.2125 0.540625 0.07265625 0.18203125
11 0.73984375 0.63828125 0.0546875 0.1171875
11 0.63046875 0.66171875 0.0546875 0.09921875
11 0.50703125 0.7078125 0.06015625 0.12421875
11 0.38984375 0.73046875 0.0640625 0.15234375
11 0.22109375 0.7875 0.078125 0.1484375