118 0.6109375 0.29609375 0.12421875 0.11328125
118 0.43515625 0.3 0.09921875 0.11640625
118 0.1421875 0.30234375 0.0875 0.1234375
118 0.28828125 0.30546875 0.09140625 0.11015625
118 0.78515625 0.3078125 0.15390625 0.12734375
118 0.44296875 0.51171875 0.11484375 0.11875
118 0.27421875 0.5140625 0.11796875 0.13984375
118 0.634375 0.52265625 0.14453125 0.10859375
118 0.11015625 0.52734375 0.11953125 0.15546875
118 0.815625 0.53828125 0.125 0.121875
118 0.65078125 0.7984375 0.14296875 0.12578125
118 0.85625 0.8 0.153125 0.14453125
118 0.46171875 0.80078125 0.13984375 0.13203125
118 0.2671875 0.81484375 0.12890625 0.134375
118 0.09296875 0.84375 0.11875 0.1515625