101 0.48984375 0.47578125 0.0640625 0.17890625
101 0.3640625 0.47734375 0.0734375 0.18671875
101 0.228125 0.4796875 0.0515625 0.18203125
101 0.6078125 0.49140625 0.0671875 0.1859375
101 0.7484375 0.50078125 0.08359375 0.209375
101 0.240625 0.73359375 0.06015625 0.13828125
101 0.35703125 0.7421875 0.06328125 0.1515625
101 0.47734375 0.765625 0.07421875 0.1796875
101 0.6171875 0.771875 0.075 0.178125
101 0.76171875 0.80546875 0.09296875 0.20234375
101 0.71953125 0.1765625 0.10390625 0.22421875
101 0.5671875 0.18203125 0.0703125 0.2171875
101 0.46796875 0.18828125 0.0828125 0.17734375
101 0.3484375 0.1890625 0.0921875 0.15625
101 0.21171875 0.2140625 0.05859375 0.159375