4 0.50703125 0.47265625 0.0828125 0.14375
4 0.6515625 0.47265625 0.08125 0.14375
4 0.784375 0.47734375 0.084375 0.15703125
4 0.13046875 0.48046875 0.07890625 0.15078125
4 0.31953125 0.48671875 0.084375 0.16171875
4 0.3078125 0.75703125 0.07421875 0.15625
4 0.6484375 0.759375 0.07734375 0.17265625
4 0.490625 0.76328125 0.08984375 0.16953125
4 0.11484375 0.76484375 0.07109375 0.15546875
4 0.79375 0.775 0.0859375 0.17265625
4 0.50703125 0.17265625 0.10234375 0.11484375
4 0.3703125 0.1734375 0.08515625 0.12109375
4 0.659375 0.1765625 0.08046875 0.1296875
4 0.18359375 0.184375 0.0859375 0.1359375
4 0.753125 0.19296875 0.06953125 0.134375