11 0.325 0.19921875 0.13125 0.134375
11 0.32734375 0.40234375 0.13125 0.096875
11 0.334375 0.8890625 0.134375 0.0984375
11 0.334375 0.74296875 0.1078125 0.084375
11 0.33515625 0.57109375 0.11875 0.096875
11 0.56640625 0.87109375 0.171875 0.0875
11 0.578125 0.52890625 0.153125 0.1
11 0.58203125 0.16640625 0.140625 0.0953125
11 0.58203125 0.3578125 0.15 0.0859375
11 0.58515625 0.71171875 0.1375 0.084375
11 0.79453125 0.31171875 0.109375 0.096875
11 0.79921875 0.65546875 0.128125 0.08125
11 0.80234375 0.4984375 0.1109375 0.0765625
11 0.803125 0.1328125 0.1171875 0.08125
11 0.8046875 0.81875 0.115625 0.09375