14 0.5793269230769231 0.2764423076923077 0.06009615384615385 0.13701923076923078
14 0.6862980769230769 0.3245192307692308 0.055288461538461536 0.12620192307692307
14 0.7896634615384616 0.36658653846153844 0.039663461538461536 0.09975961538461539
14 0.2776442307692308 0.48677884615384615 0.07572115384615384 0.17668269230769232
14 0.42427884615384615 0.5060096153846154 0.0625 0.14543269230769232
14 0.5757211538461539 0.5252403846153846 0.04807692307692308 0.11298076923076923
14 0.6887019230769231 0.5384615384615384 0.04447115384615385 0.09615384615384616
14 0.7764423076923077 0.546875 0.037259615384615384 0.09975961538461539
14 0.7764423076923077 0.7055288461538461 0.046875 0.09615384615384616
14 0.6899038461538461 0.7151442307692307 0.04567307692307692 0.11538461538461539
14 0.5673076923076923 0.7355769230769231 0.057692307692307696 0.13341346153846154
14 0.3894230769230769 0.7716346153846154 0.06490384615384616 0.14182692307692307
14 0.25600961538461536 0.7884615384615384 0.0733173076923077 0.15985576923076922
14 0.28846153846153844 0.18509615384615385 0.08774038461538461 0.1658653846153846
14 0.46033653846153844 0.23557692307692307 0.09134615384615384 0.18990384615384615