1 0.71953125 0.38359375 0.07890625 0.10234375
1 0.325 0.38671875 0.075 0.1125
1 0.5515625 0.38828125 0.08984375 0.0984375
1 0.871875 0.396875 0.08828125 0.1125
1 0.12578125 0.40390625 0.07421875 0.13515625
1 0.93828125 0.62109375 0.1046875 0.115625
1 0.7609375 0.62265625 0.0921875 0.13828125
1 0.278125 0.62890625 0.0640625 0.140625
1 0.5390625 0.63828125 0.07109375 0.1515625
1 0.06171875 0.63984375 0.0796875 0.1625
1 0.36484375 0.2 0.06796875 0.084375
1 0.1734375 0.20625 0.0765625 0.08984375
1 0.5515625 0.2109375 0.08125 0.0953125
1 0.8296875 0.21484375 0.1015625 0.090625
1 0.69296875 0.215625 0.084375 0.0921875