5 0.6165865384615384 0.5180288461538461 0.06370192307692307 0.12980769230769232
5 0.7379807692307693 0.5216346153846154 0.06610576923076923 0.14182692307692307
5 0.4807692307692308 0.5216346153846154 0.07572115384615384 0.13581730769230768
5 0.13581730769230768 0.5276442307692307 0.07932692307692307 0.12740384615384615
5 0.30649038461538464 0.53125 0.0829326923076923 0.13942307692307693
5 0.3233173076923077 0.7463942307692307 0.06850961538461539 0.1141826923076923
5 0.171875 0.7487980769230769 0.0673076923076923 0.11899038461538461
5 0.6069711538461539 0.7512019230769231 0.0673076923076923 0.11899038461538461
5 0.4723557692307692 0.7512019230769231 0.08052884615384616 0.11778846153846154
5 0.7235576923076923 0.7572115384615384 0.07091346153846154 0.12860576923076922
5 0.6382211538461539 0.1935096153846154 0.0733173076923077 0.14423076923076922
5 0.4723557692307692 0.19471153846153846 0.10336538461538461 0.14302884615384615
5 0.3233173076923077 0.19831730769230768 0.09375 0.14302884615384615
5 0.7439903846153846 0.21153846153846154 0.06490384615384616 0.15865384615384615
5 0.1201923076923077 0.21875 0.0985576923076923 0.15144230769230768