25 0.7125 0.490625 0.14375 0.15625
25 0.32890625 0.49140625 0.115625 0.171875
25 0.5140625 0.49140625 0.1125 0.159375
25 0.11640625 0.49296875 0.1359375 0.2125
25 0.884375 0.5015625 0.121875 0.1546875
25 0.51640625 0.78203125 0.1421875 0.146875
25 0.334375 0.78828125 0.1234375 0.134375
25 0.146875 0.78984375 0.1625 0.1375
25 0.7140625 0.79375 0.1375 0.15
25 0.88515625 0.79375 0.103125 0.1421875
25 0.328125 0.19765625 0.1671875 0.159375
25 0.13125 0.2 0.1375 0.171875
25 0.53203125 0.20546875 0.140625 0.15
25 0.71171875 0.2078125 0.125 0.146875
25 0.85546875 0.21796875 0.1109375 0.128125