19 0.8040865384615384 0.3004807692307692 0.08774038461538461 0.171875
19 0.453125 0.3076923076923077 0.11057692307692307 0.1622596153846154
19 0.6418269230769231 0.3088942307692308 0.10697115384615384 0.16346153846153846
19 0.25 0.3245192307692308 0.11057692307692307 0.16826923076923078
19 0.0889423076923077 0.33052884615384615 0.11658653846153846 0.203125
19 0.8461538461538461 0.5360576923076923 0.08774038461538461 0.1346153846153846
19 0.6658653846153846 0.5492788461538461 0.11658653846153846 0.13701923076923078
19 0.45552884615384615 0.5528846153846154 0.1201923076923077 0.13942307692307693
19 0.29086538461538464 0.5625 0.1141826923076923 0.140625
19 0.11538461538461539 0.578125 0.1201923076923077 0.14783653846153846
19 0.8665865384615384 0.7259615384615384 0.08413461538461539 0.11298076923076923
19 0.7079326923076923 0.7259615384615384 0.11057692307692307 0.11899038461538461
19 0.5300480769230769 0.7283653846153846 0.11538461538461539 0.11057692307692307
19 0.3449519230769231 0.7427884615384616 0.12259615384615384 0.109375
19 0.15144230769230768 0.7572115384615384 0.1310096153846154 0.11899038461538461