30 0.66484375 0.4546875 0.10625 0.13125
30 0.32109375 0.46015625 0.1296875 0.1515625
30 0.13828125 0.46484375 0.103125 0.1609375
30 0.50234375 0.465625 0.1109375 0.15859375
30 0.82578125 0.48671875 0.12109375 0.1765625
30 0.325 0.7578125 0.10546875 0.13984375
30 0.14921875 0.7609375 0.1140625 0.16015625
30 0.49140625 0.77265625 0.103125 0.15078125
30 0.66640625 0.7828125 0.10234375 0.13828125
30 0.82890625 0.80625 0.11796875 0.16484375
30 0.646875 0.16796875 0.11171875 0.1421875
30 0.48828125 0.171875 0.1140625 0.1484375
30 0.14609375 0.1765625 0.11796875 0.14921875
30 0.31640625 0.178125 0.12578125 0.1640625
30 0.83671875 0.18203125 0.1203125 0.16015625