8 0.6328125 0.271875 0.07734375 0.15703125
8 0.30078125 0.2734375 0.08203125 0.15078125
8 0.48203125 0.27421875 0.0875 0.15234375
8 0.79765625 0.27578125 0.0796875 0.16015625
8 0.13046875 0.2953125 0.08671875 0.16015625
8 0.6375 0.534375 0.0796875 0.1453125
8 0.4921875 0.5359375 0.07890625 0.13828125
8 0.7984375 0.54375 0.0671875 0.1453125
8 0.3171875 0.55078125 0.071875 0.13125
8 0.16640625 0.553125 0.07734375 0.13046875
8 0.76953125 0.75703125 0.075 0.125
8 0.6234375 0.76171875 0.0765625 0.115625
8 0.49375 0.76484375 0.071875 0.12109375
8 0.334375 0.7703125 0.0703125 0.11328125
8 0.20234375 0.7734375 0.06484375 0.1234375