16 0.65078125 0.8171875 0.1359375 0.1125
16 0.640625 0.659375 0.14375 0.11875
16 0.63046875 0.49765625 0.146875 0.1296875
16 0.62421875 0.32265625 0.140625 0.15
16 0.6203125 0.1734375 0.1421875 0.1203125
16 0.44453125 0.89375 0.125 0.09375
16 0.440625 0.73203125 0.121875 0.1171875
16 0.42890625 0.584375 0.121875 0.103125
16 0.4125 0.43984375 0.125 0.10625
16 0.40546875 0.25703125 0.1453125 0.128125
16 0.25859375 0.8796875 0.1 0.084375
16 0.25546875 0.7546875 0.1140625 0.1015625
16 0.240625 0.609375 0.109375 0.121875
16 0.22421875 0.4390625 0.115625 0.1203125
16 0.21171875 0.27109375 0.1125 0.11875