14 0.70546875 0.275 0.14921875 0.19609375
14 0.49453125 0.2921875 0.12265625 0.1734375
14 0.34765625 0.3078125 0.0828125 0.1578125
14 0.22421875 0.3140625 0.07890625 0.16015625
14 0.12109375 0.33984375 0.0640625 0.12734375
14 0.5171875 0.53515625 0.090625 0.146875
14 0.38125 0.53671875 0.09453125 0.1359375
14 0.25859375 0.54609375 0.08125 0.12578125
14 0.1609375 0.55 0.06953125 0.13359375
14 0.7 0.5578125 0.13515625 0.16875
14 0.1875 0.73046875 0.0625 0.09921875
14 0.2765625 0.74765625 0.08203125 0.125
14 0.403125 0.7796875 0.10546875 0.1515625
14 0.53984375 0.80390625 0.125 0.15625
14 0.7125 0.840625 0.14609375 0.1734375