21 0.1671875 0.33984375 0.09140625 0.13828125
21 0.66171875 0.34296875 0.0875 0.13984375
21 0.8078125 0.34296875 0.09453125 0.146875
21 0.53984375 0.34921875 0.0921875 0.14140625
21 0.31328125 0.35546875 0.10703125 0.15234375
21 0.79453125 0.5484375 0.08203125 0.1359375
21 0.6484375 0.55703125 0.10234375 0.12578125
21 0.5109375 0.57109375 0.103125 0.12734375
21 0.18671875 0.5859375 0.103125 0.14375
21 0.3171875 0.6 0.0875 0.15
21 0.33671875 0.775 0.0796875 0.11953125
21 0.20234375 0.7765625 0.09453125 0.1328125
21 0.4546875 0.778125 0.078125 0.125
21 0.71640625 0.77890625 0.08359375 0.11875
21 0.59140625 0.78515625 0.08125 0.12578125