18 0.49140625 0.49140625 0.0640625 0.178125
18 0.36640625 0.49296875 0.0734375 0.1875
18 0.23046875 0.4984375 0.05625 0.18125
18 0.6109375 0.5046875 0.0671875 0.1859375
18 0.7515625 0.515625 0.084375 0.209375
18 0.2421875 0.75234375 0.059375 0.1375
18 0.35703125 0.7609375 0.0625 0.1515625
18 0.47890625 0.78671875 0.075 0.1796875
18 0.621875 0.7921875 0.078125 0.184375
18 0.76953125 0.82890625 0.096875 0.2078125
18 0.72265625 0.19140625 0.103125 0.225
18 0.5703125 0.196875 0.0703125 0.2171875
18 0.46875 0.2 0.0828125 0.178125
18 0.35 0.20078125 0.0921875 0.15625
18 0.21328125 0.22734375 0.0609375 0.159375