81 0.13046875 0.4359375 0.06875 0.12734375
81 0.62890625 0.45859375 0.09140625 0.16796875
81 0.296875 0.465625 0.09453125 0.18125
81 0.46796875 0.47421875 0.1015625 0.18984375
81 0.80390625 0.490625 0.1171875 0.23203125
81 0.1546875 0.71953125 0.07109375 0.2
81 0.32109375 0.74375 0.090625 0.215625
81 0.48828125 0.7453125 0.09921875 0.19453125
81 0.659375 0.75546875 0.0859375 0.20078125
81 0.8265625 0.76953125 0.08828125 0.20625
81 0.41015625 0.178125 0.0953125 0.190625
81 0.7359375 0.18125 0.0890625 0.1875
81 0.5671875 0.18203125 0.084375 0.19765625
81 0.2578125 0.1875 0.0875 0.171875
81 0.1203125 0.19375 0.08359375 0.15546875