23 0.3765625 0.23984375 0.11796875 0.17734375
23 0.540625 0.25859375 0.08828125 0.15625
23 0.6734375 0.26015625 0.0859375 0.14609375
23 0.78203125 0.2828125 0.090625 0.1375
23 0.790625 0.48515625 0.07890625 0.1390625
23 0.6859375 0.4984375 0.09453125 0.14453125
23 0.14765625 0.50078125 0.12890625 0.1828125
23 0.559375 0.50703125 0.08984375 0.16015625
23 0.31640625 0.51171875 0.13125 0.16328125
23 0.70625 0.70234375 0.0953125 0.128125
23 0.5984375 0.71640625 0.10234375 0.13515625
23 0.47578125 0.7359375 0.1109375 0.1578125
23 0.3234375 0.75546875 0.134375 0.16953125
23 0.14765625 0.76796875 0.12734375 0.18984375
23 0.1859375 0.2234375 0.12890625 0.19765625