13 0.7015625 0.290625 0.13125 0.121875
13 0.68046875 0.121875 0.153125 0.1125
13 0.67734375 0.65546875 0.128125 0.125
13 0.67578125 0.8390625 0.14375 0.13125
13 0.675 0.4609375 0.1265625 0.1078125
13 0.49140625 0.4703125 0.1171875 0.1203125
13 0.48984375 0.6625 0.125 0.11875
13 0.48125 0.29609375 0.13125 0.125
13 0.47734375 0.83828125 0.1265625 0.128125
13 0.459375 0.1359375 0.153125 0.125
13 0.23671875 0.85 0.128125 0.1375
13 0.234375 0.6609375 0.128125 0.1453125
13 0.2171875 0.48046875 0.134375 0.121875
13 0.21328125 0.31328125 0.146875 0.10625
13 0.20234375 0.15546875 0.1390625 0.11875