7 0.74921875 0.325 0.0875 0.0625
7 0.7484375 0.42109375 0.0921875 0.065625
7 0.74765625 0.53203125 0.0984375 0.0703125
7 0.74375 0.65234375 0.10625 0.08125
7 0.74140625 0.22265625 0.09375 0.0734375
7 0.540625 0.3 0.1125 0.06875
7 0.53984375 0.1796875 0.128125 0.09375
7 0.53828125 0.67734375 0.13125 0.09375
7 0.5359375 0.41875 0.1359375 0.0875
7 0.53046875 0.553125 0.14375 0.0875
7 0.3078125 0.70859375 0.15 0.1125
7 0.3046875 0.56328125 0.146875 0.096875
7 0.2890625 0.42109375 0.146875 0.078125
7 0.27734375 0.2984375 0.153125 0.0796875
7 0.2625 0.13828125 0.1796875 0.0984375