20 0.6069711538461539 0.23798076923076922 0.07692307692307693 0.10216346153846154
20 0.4411057692307692 0.24158653846153846 0.07572115384615384 0.09014423076923077
20 0.2920673076923077 0.24639423076923078 0.07451923076923077 0.09615384615384616
20 0.7860576923076923 0.24759615384615385 0.078125 0.09375
20 0.12860576923076922 0.25721153846153844 0.06850961538461539 0.11298076923076923
20 0.29447115384615385 0.4807692307692308 0.08533653846153846 0.13221153846153846
20 0.6490384615384616 0.48197115384615385 0.09615384615384616 0.13341346153846154
20 0.47716346153846156 0.4855769230769231 0.08533653846153846 0.12860576923076922
20 0.8341346153846154 0.4879807692307692 0.09975961538461539 0.12860576923076922
20 0.12980769230769232 0.5084134615384616 0.07451923076923077 0.13581730769230768
20 0.8557692307692307 0.7259615384615384 0.10096153846153846 0.13822115384615385
20 0.6899038461538461 0.7379807692307693 0.08533653846153846 0.1141826923076923
20 0.5048076923076923 0.7487980769230769 0.09615384615384616 0.13581730769230768
20 0.27524038461538464 0.7620192307692307 0.06850961538461539 0.14302884615384615
20 0.11057692307692307 0.7752403846153846 0.07091346153846154 0.12740384615384615