3 0.74375 0.4109375 0.078125 0.12109375
3 0.59453125 0.41953125 0.08046875 0.1078125
3 0.4328125 0.4375 0.0875 0.12890625
3 0.27890625 0.459375 0.084375 0.121875
3 0.109375 0.48203125 0.07578125 0.1328125
3 0.778125 0.6875 0.09765625 0.11796875
3 0.60078125 0.69296875 0.0890625 0.12578125
3 0.4359375 0.69609375 0.09453125 0.13046875
3 0.2828125 0.7203125 0.08203125 0.11953125
3 0.11328125 0.73828125 0.08515625 0.1328125
3 0.61484375 0.17578125 0.08203125 0.1125
3 0.734375 0.1765625 0.07109375 0.11875
3 0.48046875 0.184375 0.0796875 0.1109375
3 0.33828125 0.19609375 0.09296875 0.109375
3 0.146875 0.20859375 0.0859375 0.10625