5 0.75625 0.51875 0.0984375 0.065625
5 0.74609375 0.65078125 0.096875 0.071875
5 0.7328125 0.76875 0.090625 0.059375
5 0.58203125 0.1984375 0.115625 0.0796875
5 0.56875 0.5140625 0.096875 0.0609375
5 0.565625 0.66015625 0.1 0.065625
5 0.56328125 0.35546875 0.103125 0.0609375
5 0.53984375 0.79140625 0.115625 0.065625
5 0.36171875 0.52265625 0.140625 0.071875
5 0.34921875 0.66171875 0.121875 0.0640625
5 0.3421875 0.34296875 0.140625 0.0671875
5 0.3375 0.80234375 0.1203125 0.0625
5 0.33203125 0.17265625 0.15 0.071875
5 0.77265625 0.21484375 0.109375 0.075
5 0.76484375 0.37578125 0.0921875 0.05625