19 0.15078125 0.4203125 0.0703125 0.1140625
19 0.54921875 0.43515625 0.08046875 0.11640625
19 0.6859375 0.4375 0.08125 0.1203125
19 0.78828125 0.43828125 0.08828125 0.12265625
19 0.43125 0.4390625 0.07421875 0.10546875
19 0.1203125 0.66484375 0.08359375 0.12890625
19 0.2984375 0.67421875 0.0828125 0.1328125
19 0.60390625 0.675 0.0953125 0.14296875
19 0.45 0.67578125 0.0875 0.14921875
19 0.75390625 0.68359375 0.08046875 0.14140625
19 0.18984375 0.1640625 0.07109375 0.11015625
19 0.34921875 0.16953125 0.065625 0.09375
19 0.72265625 0.17421875 0.0640625 0.11171875
19 0.49453125 0.175 0.06953125 0.09921875
19 0.5984375 0.17578125 0.06640625 0.10078125