18 0.17890625 0.51484375 0.115625 0.1765625
18 0.325 0.51640625 0.09140625 0.146875
18 0.78125 0.52265625 0.09921875 0.1703125
18 0.6296875 0.52890625 0.096875 0.18984375
18 0.47109375 0.53203125 0.10703125 0.1828125
18 0.7890625 0.79375 0.10390625 0.15078125
18 0.6375 0.8015625 0.1015625 0.153125
18 0.48515625 0.8171875 0.08984375 0.15546875
18 0.35703125 0.8265625 0.0953125 0.16015625
18 0.19140625 0.8375 0.11953125 0.18671875
18 0.32578125 0.19609375 0.0921875 0.1421875
18 0.18125 0.20078125 0.1078125 0.15625
18 0.60625 0.20234375 0.09140625 0.1640625
18 0.4546875 0.203125 0.096875 0.15546875
18 0.77265625 0.21015625 0.1 0.18359375