7 0.24296875 0.21796875 0.121875 0.078125
7 0.25078125 0.36953125 0.1140625 0.0984375
7 0.2609375 0.52109375 0.115625 0.0875
7 0.26171875 0.6640625 0.11875 0.1015625
7 0.27109375 0.81171875 0.140625 0.0890625
7 0.53125 0.3703125 0.10625 0.0953125
7 0.53515625 0.515625 0.109375 0.08125
7 0.5359375 0.2265625 0.115625 0.090625
7 0.54609375 0.6625 0.103125 0.090625
7 0.54609375 0.821875 0.1171875 0.090625
7 0.72421875 0.8125 0.115625 0.08125
7 0.725 0.26015625 0.125 0.078125
7 0.72578125 0.65234375 0.1125 0.0859375
7 0.7265625 0.38671875 0.11875 0.071875
7 0.72890625 0.521875 0.134375 0.075