24 0.25390625 0.259375 0.12109375 0.1265625
24 0.775 0.26640625 0.11796875 0.12265625
24 0.6015625 0.26875 0.12109375 0.11796875
24 0.41796875 0.275 0.1 0.11015625
24 0.09453125 0.28046875 0.1140625 0.13203125
24 0.60546875 0.42890625 0.10859375 0.09921875
24 0.4328125 0.4328125 0.1125 0.096875
24 0.76484375 0.4359375 0.1125 0.10390625
24 0.27578125 0.4421875 0.11953125 0.10234375
24 0.134375 0.465625 0.12265625 0.11640625
24 0.76796875 0.61875 0.11484375 0.09296875
24 0.60625 0.6234375 0.11640625 0.10234375
24 0.4515625 0.63984375 0.10390625 0.0921875
24 0.31171875 0.64765625 0.09296875 0.103125
24 0.178125 0.659375 0.11171875 0.103125