10 0.1875 0.5012019230769231 0.07692307692307693 0.16706730769230768
10 0.3245192307692308 0.5012019230769231 0.07932692307692307 0.15865384615384615
10 0.625 0.5048076923076923 0.07692307692307693 0.15144230769230768
10 0.4735576923076923 0.5060096153846154 0.07692307692307693 0.14903846153846154
10 0.8028846153846154 0.5228365384615384 0.08052884615384616 0.14543269230769232
10 0.78125 0.7524038461538461 0.08533653846153846 0.14302884615384615
10 0.6069711538461539 0.7572115384615384 0.07572115384615384 0.14783653846153846
10 0.4723557692307692 0.7596153846153846 0.0733173076923077 0.14783653846153846
10 0.1814903846153846 0.7728365384615384 0.08173076923076923 0.13822115384615385
10 0.3269230769230769 0.7752403846153846 0.0733173076923077 0.13822115384615385
10 0.18870192307692307 0.18389423076923078 0.08653846153846154 0.17307692307692307
10 0.36538461538461536 0.18990384615384615 0.07692307692307693 0.17067307692307693
10 0.5360576923076923 0.20072115384615385 0.0829326923076923 0.15985576923076922
10 0.6935096153846154 0.2127403846153846 0.0829326923076923 0.15985576923076922
10 0.8509615384615384 0.22235576923076922 0.09014423076923077 0.1622596153846154