19 0.24140625 0.23828125 0.13125 0.10625
19 0.24296875 0.690625 0.125 0.103125
19 0.24609375 0.3828125 0.146875 0.103125
19 0.246875 0.5390625 0.14375 0.0875
19 0.24765625 0.84765625 0.134375 0.0984375
19 0.46171875 0.234375 0.125 0.1
19 0.47109375 0.37265625 0.109375 0.1
19 0.49921875 0.5453125 0.13125 0.115625
19 0.50859375 0.696875 0.1359375 0.096875
19 0.5125 0.86015625 0.140625 0.09375
19 0.70703125 0.2328125 0.15 0.1140625
19 0.70859375 0.390625 0.134375 0.121875
19 0.7203125 0.55078125 0.1390625 0.1
19 0.7203125 0.6921875 0.1234375 0.103125
19 0.72578125 0.84453125 0.1328125 0.103125