80 0.47890625 0.4296875 0.08046875 0.1703125
80 0.13515625 0.43359375 0.09296875 0.16640625
80 0.6453125 0.44296875 0.103125 0.184375
80 0.30546875 0.44453125 0.10859375 0.196875
80 0.8265625 0.46328125 0.0953125 0.19609375
80 0.12578125 0.72578125 0.0875 0.1796875
80 0.3 0.74453125 0.08828125 0.18046875
80 0.4828125 0.75625 0.08203125 0.20234375
80 0.84375 0.76796875 0.10390625 0.22109375
80 0.659375 0.76953125 0.103125 0.2203125
80 0.28984375 0.1578125 0.090625 0.1609375
80 0.134375 0.16171875 0.0734375 0.16328125
80 0.4515625 0.16484375 0.09765625 0.14921875
80 0.61640625 0.17578125 0.109375 0.171875
80 0.78984375 0.1890625 0.12109375 0.21328125