8 0.6899038461538461 0.48677884615384615 0.06610576923076923 0.11538461538461539
8 0.8028846153846154 0.49038461538461536 0.0625 0.11298076923076923
8 0.5564903846153846 0.49038461538461536 0.0673076923076923 0.12379807692307693
8 0.40384615384615385 0.5120192307692307 0.07932692307692307 0.13701923076923078
8 0.21033653846153846 0.5192307692307693 0.08052884615384616 0.13822115384615385
8 0.7788461538461539 0.7151442307692307 0.06009615384615385 0.11538461538461539
8 0.6778846153846154 0.7175480769230769 0.0625 0.11658653846153846
8 0.5637019230769231 0.7271634615384616 0.06610576923076923 0.11057692307692307
8 0.4206730769230769 0.7403846153846154 0.06009615384615385 0.1141826923076923
8 0.22115384615384615 0.7692307692307693 0.078125 0.12860576923076922
8 0.18990384615384615 0.20673076923076922 0.08774038461538461 0.13822115384615385
8 0.4074519230769231 0.20793269230769232 0.07211538461538461 0.12740384615384615
8 0.5612980769230769 0.21634615384615385 0.08173076923076923 0.15504807692307693
8 0.6911057692307693 0.2247596153846154 0.0673076923076923 0.13221153846153846
8 0.8076923076923077 0.2283653846153846 0.07451923076923077 0.125