31 0.6921875 0.23828125 0.096875 0.12265625
31 0.8375 0.24375 0.08828125 0.11953125
31 0.86015625 0.47109375 0.09140625 0.11640625
31 0.53125 0.49140625 0.10859375 0.1453125
31 0.70703125 0.4921875 0.0984375 0.14296875
31 0.325 0.49921875 0.11328125 0.1515625
31 0.1109375 0.50859375 0.109375 0.16796875
31 0.91953125 0.7734375 0.0890625 0.153125
31 0.74609375 0.7796875 0.11640625 0.17421875
31 0.31796875 0.8125 0.08671875 0.15078125
31 0.5546875 0.8125 0.10859375 0.16484375
31 0.0625 0.834375 0.090625 0.1890625
31 0.153125 0.209375 0.07578125 0.1171875
31 0.32890625 0.221875 0.08203125 0.11640625
31 0.52578125 0.22265625 0.0765625 0.11328125