28 0.17265625 0.2921875 0.1 0.178125
28 0.375 0.32109375 0.08828125 0.1796875
28 0.5578125 0.33046875 0.08046875 0.16484375
28 0.6921875 0.33984375 0.07265625 0.15703125
28 0.7921875 0.3421875 0.06875 0.14140625
28 0.81640625 0.55859375 0.05703125 0.12734375
28 0.209375 0.565625 0.0890625 0.1546875
28 0.7078125 0.565625 0.06875 0.13203125
28 0.5546875 0.5671875 0.0734375 0.1359375
28 0.34296875 0.575 0.0734375 0.1359375
28 0.640625 0.72734375 0.07265625 0.12109375
28 0.76875 0.72734375 0.06328125 0.1171875
28 0.51953125 0.74453125 0.07421875 0.1171875
28 0.36640625 0.76484375 0.07109375 0.1109375
28 0.2359375 0.77421875 0.096875 0.12109375