3 0.28984375 0.64375 0.2015625 0.103125
3 0.3234375 0.46484375 0.1796875 0.090625
3 0.346875 0.340625 0.146875 0.0640625
3 0.3609375 0.23671875 0.140625 0.053125
3 0.37578125 0.1484375 0.134375 0.040625
3 0.5453125 0.23828125 0.134375 0.05
3 0.54609375 0.153125 0.125 0.05
3 0.54765625 0.35 0.14375 0.05625
3 0.5640625 0.49296875 0.153125 0.06875
3 0.56796875 0.67109375 0.1796875 0.08125
3 0.7234375 0.1578125 0.1375 0.0515625
3 0.72890625 0.24921875 0.14375 0.053125
3 0.75 0.35078125 0.1625 0.0625
3 0.778125 0.4984375 0.1625 0.06875
3 0.81953125 0.665625 0.2125 0.084375