8 0.72890625 0.446875 0.071875 0.1359375
8 0.86640625 0.446875 0.06171875 0.12421875
8 0.584375 0.465625 0.07265625 0.13515625
8 0.4171875 0.47578125 0.07265625 0.12265625
8 0.2109375 0.478125 0.07578125 0.12890625
8 0.86171875 0.67421875 0.0765625 0.1484375
8 0.73125 0.678125 0.06953125 0.12578125
8 0.59140625 0.68515625 0.06640625 0.1265625
8 0.42578125 0.7109375 0.0734375 0.13515625
8 0.23671875 0.7265625 0.06953125 0.15703125
8 0.728125 0.16640625 0.06953125 0.13046875
8 0.846875 0.16875 0.065625 0.11875
8 0.58203125 0.17109375 0.06171875 0.12578125
8 0.41640625 0.17421875 0.071875 0.1375
8 0.221875 0.1796875 0.0703125 0.13125