15 0.08828125 0.240625 0.084375 0.1828125
15 0.8625 0.24375 0.109375 0.16171875
15 0.66640625 0.48515625 0.0859375 0.15
15 0.48984375 0.49140625 0.0984375 0.1484375
15 0.8609375 0.49296875 0.09296875 0.1609375
15 0.2828125 0.51953125 0.09453125 0.16328125
15 0.1046875 0.5234375 0.09140625 0.14765625
15 0.6921875 0.73984375 0.08671875 0.16015625
15 0.84765625 0.74453125 0.08359375 0.15546875
15 0.49296875 0.76484375 0.08359375 0.1359375
15 0.3078125 0.7890625 0.0921875 0.15546875
15 0.140625 0.796875 0.09921875 0.14296875
15 0.66171875 0.2140625 0.08984375 0.153125
15 0.46484375 0.21875 0.09140625 0.17734375
15 0.2734375 0.22265625 0.09296875 0.1578125