22 0.25078125 0.25390625 0.07578125 0.1109375
22 0.14921875 0.27109375 0.0609375 0.103125
22 0.5890625 0.459375 0.09921875 0.19296875
22 0.76171875 0.47109375 0.1171875 0.19296875
22 0.4171875 0.47421875 0.0984375 0.15234375
22 0.26875 0.48046875 0.0671875 0.13203125
22 0.165625 0.4890625 0.05859375 0.13828125
22 0.1890625 0.678125 0.06328125 0.1359375
22 0.28203125 0.684375 0.0640625 0.1390625
22 0.41015625 0.69921875 0.0703125 0.15
22 0.55625 0.7328125 0.09453125 0.184375
22 0.740625 0.771875 0.11015625 0.196875
22 0.740625 0.15546875 0.11015625 0.1640625
22 0.56796875 0.18984375 0.08984375 0.15234375
22 0.3984375 0.2109375 0.08515625 0.1390625