9 0.7331730769230769 0.390625 0.06971153846153846 0.14543269230769232
9 0.5769230769230769 0.3942307692307692 0.08052884615384616 0.1346153846153846
9 0.44350961538461536 0.4026442307692308 0.07211538461538461 0.13701923076923078
9 0.28125 0.4230769230769231 0.0625 0.12379807692307693
9 0.15384615384615385 0.4326923076923077 0.056490384615384616 0.11899038461538461
9 0.7379807692307693 0.6382211538461539 0.09014423076923077 0.15504807692307693
9 0.5709134615384616 0.6490384615384616 0.08173076923076923 0.14903846153846154
9 0.42788461538461536 0.6538461538461539 0.06490384615384616 0.15865384615384615
9 0.2548076923076923 0.6682692307692307 0.07091346153846154 0.13581730769230768
9 0.12379807692307693 0.6790865384615384 0.06971153846153846 0.12740384615384615
9 0.7019230769230769 0.17668269230769232 0.07572115384615384 0.12139423076923077
9 0.5685096153846154 0.18389423076923078 0.06610576923076923 0.11177884615384616
9 0.4519230769230769 0.19831730769230768 0.07692307692307693 0.11658653846153846
9 0.3137019230769231 0.20673076923076922 0.06370192307692307 0.11057692307692307
9 0.18509615384615385 0.22956730769230768 0.06490384615384616 0.14302884615384615