6 0.82421875 0.24375 0.08984375 0.16171875
6 0.66484375 0.246875 0.103125 0.1546875
6 0.50625 0.24765625 0.09296875 0.15
6 0.3359375 0.2546875 0.11171875 0.16484375
6 0.15390625 0.2703125 0.10234375 0.1640625
6 0.809375 0.4828125 0.08828125 0.14609375
6 0.66328125 0.49765625 0.0890625 0.146875
6 0.50703125 0.50390625 0.10546875 0.13125
6 0.3359375 0.5046875 0.09140625 0.12890625
6 0.16875 0.50625 0.0890625 0.1453125
6 0.77734375 0.73046875 0.0984375 0.1328125
6 0.621875 0.73515625 0.1015625 0.1171875
6 0.478125 0.73671875 0.09296875 0.12109375
6 0.18515625 0.73984375 0.09375 0.1265625
6 0.3265625 0.74609375 0.084375 0.12109375