15 0.490625 0.325 0.090625 0.15703125
15 0.80234375 0.3265625 0.08203125 0.14921875
15 0.33203125 0.328125 0.09453125 0.16171875
15 0.16484375 0.3328125 0.10625 0.14140625
15 0.653125 0.33359375 0.09375 0.16640625
15 0.63359375 0.57421875 0.08359375 0.1296875
15 0.77109375 0.575 0.0828125 0.1359375
15 0.49140625 0.578125 0.08828125 0.125
15 0.33984375 0.5796875 0.08515625 0.1265625
15 0.18359375 0.5796875 0.08046875 0.11796875
15 0.49140625 0.7453125 0.07421875 0.11953125
15 0.35546875 0.74609375 0.0734375 0.12109375
15 0.2046875 0.75 0.07578125 0.1203125
15 0.62890625 0.75625 0.084375 0.1234375
15 0.759375 0.759375 0.08046875 0.12421875