7 0.171875 0.23798076923076922 0.07572115384615384 0.1466346153846154
7 0.7728365384615384 0.44711538461538464 0.09615384615384616 0.1778846153846154
7 0.29447115384615385 0.4495192307692308 0.078125 0.13701923076923078
7 0.1658653846153846 0.45072115384615385 0.0673076923076923 0.13942307692307693
7 0.6021634615384616 0.453125 0.1045673076923077 0.16706730769230768
7 0.45072115384615385 0.4567307692307692 0.10216346153846154 0.14543269230769232
7 0.16706730769230768 0.6911057692307693 0.07692307692307693 0.14423076923076922
7 0.28365384615384615 0.71875 0.07211538461538461 0.14182692307692307
7 0.4182692307692308 0.7271634615384616 0.0889423076923077 0.140625
7 0.5612980769230769 0.7415865384615384 0.11658653846153846 0.14182692307692307
7 0.7463942307692307 0.7764423076923077 0.11778846153846154 0.18509615384615385
7 0.7740384615384616 0.15985576923076922 0.11778846153846154 0.19471153846153846
7 0.5973557692307693 0.17668269230769232 0.11177884615384616 0.16346153846153846
7 0.44591346153846156 0.19591346153846154 0.09134615384615384 0.15865384615384615
7 0.30649038461538464 0.20432692307692307 0.09254807692307693 0.15985576923076922