8 0.53125 0.30288461538461536 0.06971153846153846 0.13581730769230768
8 0.2283653846153846 0.30649038461538464 0.07692307692307693 0.14903846153846154
8 0.38221153846153844 0.30649038461538464 0.0733173076923077 0.12980769230769232
8 0.6586538461538461 0.3125 0.07932692307692307 0.13221153846153846
8 0.7896634615384616 0.328125 0.06490384615384616 0.13581730769230768
8 0.65625 0.5504807692307693 0.07091346153846154 0.12740384615384615
8 0.7704326923076923 0.5504807692307693 0.08052884615384616 0.12740384615384615
8 0.5324519230769231 0.5600961538461539 0.0625 0.11778846153846154
8 0.23076923076923078 0.5685096153846154 0.08052884615384616 0.14903846153846154
8 0.390625 0.5685096153846154 0.08173076923076923 0.140625
8 0.7548076923076923 0.7896634615384616 0.0673076923076923 0.12740384615384615
8 0.23076923076923078 0.7908653846153846 0.06490384615384616 0.13221153846153846
8 0.6430288461538461 0.7932692307692307 0.06370192307692307 0.11658653846153846
8 0.5204326923076923 0.7944711538461539 0.0673076923076923 0.11057692307692307
8 0.38100961538461536 0.8016826923076923 0.06129807692307692 0.10697115384615384