21 0.80703125 0.24375 0.08125 0.134375
21 0.6875 0.2453125 0.08125 0.13125
21 0.56015625 0.2546875 0.084375 0.128125
21 0.42734375 0.25703125 0.078125 0.140625
21 0.26328125 0.26328125 0.084375 0.153125
21 0.80390625 0.46640625 0.06875 0.1265625
21 0.67578125 0.4765625 0.071875 0.125
21 0.5546875 0.490625 0.078125 0.1375
21 0.42734375 0.5078125 0.078125 0.1375
21 0.26875 0.53359375 0.0984375 0.1578125
21 0.78203125 0.6359375 0.0875 0.1265625
21 0.66953125 0.65859375 0.078125 0.11875
21 0.55390625 0.68671875 0.071875 0.134375
21 0.43515625 0.71953125 0.078125 0.14375
21 0.2828125 0.75546875 0.0953125 0.159375