10 0.753125 0.828125 0.159375 0.1015625
10 0.7453125 0.65859375 0.1546875 0.09375
10 0.74296875 0.48125 0.146875 0.1203125
10 0.72734375 0.29296875 0.14375 0.11875
10 0.72265625 0.09453125 0.16875 0.13125
10 0.52578125 0.8140625 0.159375 0.1125
10 0.51640625 0.64296875 0.159375 0.1015625
10 0.5 0.4546875 0.1421875 0.121875
10 0.478125 0.27265625 0.1390625 0.1125
10 0.4609375 0.08984375 0.178125 0.103125
10 0.31328125 0.821875 0.134375 0.1
10 0.2984375 0.6640625 0.134375 0.1125
10 0.27421875 0.471875 0.146875 0.125
10 0.25859375 0.28671875 0.1453125 0.11875
10 0.24140625 0.0921875 0.175 0.0984375