14 0.77421875 0.47578125 0.06015625 0.1265625
14 0.65234375 0.48203125 0.0671875 0.1296875
14 0.52734375 0.49296875 0.06796875 0.12265625
14 0.39765625 0.5015625 0.090625 0.13125
14 0.2390625 0.5125 0.08828125 0.12890625
14 0.771875 0.6296875 0.0625 0.10546875
14 0.65703125 0.63671875 0.0515625 0.11015625
14 0.52734375 0.6484375 0.06015625 0.10546875
14 0.3890625 0.66796875 0.0671875 0.115625
14 0.25234375 0.68046875 0.06484375 0.1125
14 0.7671875 0.771875 0.06328125 0.103125
14 0.65 0.778125 0.059375 0.11015625
14 0.53828125 0.79140625 0.0578125 0.103125
14 0.4015625 0.8046875 0.06015625 0.10625
14 0.278125 0.821875 0.0609375 0.1171875