15 0.1734375 0.24765625 0.08125 0.13828125
15 0.79453125 0.45625 0.07265625 0.125
15 0.6453125 0.47421875 0.08125 0.13359375
15 0.5109375 0.4765625 0.07578125 0.128125
15 0.36171875 0.49296875 0.0828125 0.14140625
15 0.19140625 0.5046875 0.09140625 0.16640625
15 0.7890625 0.7109375 0.0671875 0.1078125
15 0.6734375 0.7140625 0.0671875 0.11796875
15 0.53046875 0.73359375 0.075 0.12421875
15 0.37890625 0.7484375 0.07890625 0.12109375
15 0.20546875 0.7609375 0.08203125 0.1515625
15 0.63203125 0.209375 0.08203125 0.13125
15 0.475 0.2109375 0.0875 0.125
15 0.78671875 0.21171875 0.0859375 0.13515625
15 0.34140625 0.23515625 0.078125 0.12578125