31 0.2109375 0.2546875 0.0765625 0.0984375
31 0.34453125 0.2546875 0.08125 0.09375
31 0.46640625 0.26015625 0.08828125 0.10546875
31 0.60546875 0.26328125 0.07890625 0.10234375
31 0.725 0.265625 0.0828125 0.10234375
31 0.33046875 0.45859375 0.07421875 0.11171875
31 0.471875 0.4609375 0.08046875 0.115625
31 0.18203125 0.46171875 0.0734375 0.12734375
31 0.6171875 0.46484375 0.0859375 0.10390625
31 0.75625 0.4859375 0.0921875 0.1328125
31 0.78828125 0.7078125 0.1078125 0.12578125
31 0.465625 0.71328125 0.08125 0.121875
31 0.63046875 0.715625 0.09921875 0.13046875
31 0.31015625 0.71953125 0.084375 0.14765625
31 0.15 0.72421875 0.08359375 0.146875