21 0.6359375 0.27578125 0.0984375 0.13515625
21 0.45625 0.28515625 0.11328125 0.14140625
21 0.80546875 0.29140625 0.0875 0.14453125
21 0.2984375 0.30546875 0.1078125 0.14375
21 0.11484375 0.32265625 0.1078125 0.16875
21 0.66875 0.4859375 0.07890625 0.12890625
21 0.79453125 0.48671875 0.07265625 0.11171875
21 0.515625 0.5015625 0.11875 0.13984375
21 0.34921875 0.53046875 0.11796875 0.1375
21 0.17734375 0.54140625 0.1171875 0.1453125
21 0.796875 0.65234375 0.0703125 0.09375
21 0.68359375 0.6578125 0.08046875 0.109375
21 0.5234375 0.67890625 0.0984375 0.11953125
21 0.371875 0.6921875 0.09609375 0.11640625
21 0.215625 0.70234375 0.10078125 0.10390625