21 0.7078125 0.44921875 0.0859375 0.13125
21 0.8359375 0.45234375 0.0859375 0.1171875
21 0.55703125 0.45546875 0.096875 0.15625
21 0.390625 0.48359375 0.1125 0.1796875
21 0.17734375 0.5015625 0.1125 0.20625
21 0.81796875 0.7421875 0.075 0.1703125
21 0.69453125 0.75234375 0.084375 0.165625
21 0.5546875 0.79140625 0.08125 0.165625
21 0.37578125 0.82421875 0.09375 0.184375
21 0.190625 0.878125 0.1 0.2109375
21 0.1640625 0.11015625 0.1125 0.1953125
21 0.40234375 0.1234375 0.1125 0.15625
21 0.5453125 0.13828125 0.1 0.1375
21 0.7015625 0.16171875 0.0984375 0.1484375
21 0.82734375 0.184375 0.075 0.128125