6 0.81640625 0.50703125 0.11953125 0.16171875
6 0.50390625 0.521875 0.08828125 0.14375
6 0.66640625 0.5234375 0.1 0.16015625
6 0.3375 0.534375 0.09453125 0.159375
6 0.153125 0.5375 0.08203125 0.15078125
6 0.83359375 0.75703125 0.0875 0.12890625
6 0.5171875 0.775 0.115625 0.15078125
6 0.68203125 0.7765625 0.09453125 0.15
6 0.3640625 0.7875 0.09453125 0.14765625
6 0.140625 0.82109375 0.09296875 0.153125
6 0.340625 0.21953125 0.1015625 0.14609375
6 0.5203125 0.2234375 0.09296875 0.12578125
6 0.15859375 0.22421875 0.08203125 0.146875
6 0.803125 0.23203125 0.08984375 0.14296875
6 0.66640625 0.23515625 0.09609375 0.1484375