30 0.2359375 0.2609375 0.09453125 0.16015625
30 0.11484375 0.28203125 0.08828125 0.14140625
30 0.55 0.5015625 0.11328125 0.14765625
30 0.24921875 0.51875 0.1109375 0.14609375
30 0.4 0.51953125 0.10625 0.16640625
30 0.72734375 0.5296875 0.15078125 0.2
30 0.11796875 0.5296875 0.08125 0.15
30 0.1375 0.78828125 0.090625 0.14296875
30 0.26171875 0.79453125 0.09375 0.140625
30 0.40078125 0.821875 0.09765625 0.1609375
30 0.56640625 0.84765625 0.11171875 0.15546875
30 0.74921875 0.89140625 0.14375 0.20078125
30 0.721875 0.18359375 0.15625 0.209375
30 0.5203125 0.20390625 0.12109375 0.15390625
30 0.3734375 0.23125 0.10703125 0.15625