4 0.70546875 0.4765625 0.0734375 0.146875
4 0.81171875 0.48359375 0.0609375 0.1265625
4 0.57421875 0.490625 0.07890625 0.1390625
4 0.446875 0.4984375 0.07265625 0.14921875
4 0.24765625 0.50078125 0.07578125 0.17109375
4 0.8015625 0.771875 0.07265625 0.1234375
4 0.70625 0.7859375 0.06796875 0.12890625
4 0.58046875 0.803125 0.08046875 0.1390625
4 0.434375 0.82578125 0.08125 0.1546875
4 0.24765625 0.840625 0.07265625 0.18046875
4 0.2640625 0.14453125 0.0828125 0.1640625
4 0.4625 0.16953125 0.084375 0.16328125
4 0.70546875 0.1765625 0.06484375 0.13671875
4 0.60703125 0.17734375 0.0828125 0.146875
4 0.809375 0.19296875 0.07421875 0.1265625