24 0.453125 0.13828125 0.196875 0.121875
24 0.4515625 0.32109375 0.184375 0.1375
24 0.44375 0.5484375 0.221875 0.125
24 0.4421875 0.71015625 0.2 0.128125
24 0.41875 0.865625 0.1984375 0.1234375
24 0.17578125 0.1671875 0.1765625 0.121875
24 0.14375 0.5453125 0.15625 0.11875
24 0.13515625 0.35703125 0.159375 0.115625
24 0.10078125 0.71796875 0.1609375 0.1109375
24 0.09375 0.86484375 0.15625 0.096875
24 0.82890625 0.6671875 0.2015625 0.140625
24 0.81796875 0.83671875 0.1875 0.1015625
24 0.809375 0.4921875 0.240625 0.09375
24 0.7890625 0.3234375 0.196875 0.125
24 0.78671875 0.11484375 0.184375 0.09375