35 0.32109375 0.42734375 0.090625 0.15234375
35 0.13515625 0.43671875 0.10703125 0.1640625
35 0.621875 0.4375 0.09140625 0.18125
35 0.47734375 0.43828125 0.103125 0.14140625
35 0.790625 0.43828125 0.10390625 0.175
35 0.51484375 0.7109375 0.11328125 0.1875
35 0.31015625 0.72265625 0.11875 0.2015625
35 0.67578125 0.7265625 0.11796875 0.19453125
35 0.1140625 0.73125 0.11796875 0.18046875
35 0.871875 0.74765625 0.1359375 0.21171875
35 0.60625 0.16796875 0.08046875 0.11328125
35 0.46953125 0.17109375 0.0875 0.11015625
35 0.753125 0.175 0.09609375 0.1328125
35 0.33125 0.18203125 0.10390625 0.12734375
35 0.17421875 0.18828125 0.10390625 0.1359375