11 0.31490384615384615 0.27524038461538464 0.10697115384615384 0.15865384615384615
11 0.4855769230769231 0.2764423076923077 0.09134615384615384 0.15144230769230768
11 0.14182692307692307 0.2848557692307692 0.0889423076923077 0.1622596153846154
11 0.6454326923076923 0.2860576923076923 0.09495192307692307 0.16706730769230768
11 0.796875 0.30288461538461536 0.08173076923076923 0.16706730769230768
11 0.14543269230769232 0.5649038461538461 0.08173076923076923 0.14903846153846154
11 0.3125 0.5685096153846154 0.07211538461538461 0.14783653846153846
11 0.4543269230769231 0.5685096153846154 0.0733173076923077 0.14423076923076922
11 0.5961538461538461 0.5733173076923077 0.0889423076923077 0.13822115384615385
11 0.7644230769230769 0.5877403846153846 0.09495192307692307 0.13942307692307693
11 0.16826923076923078 0.8028846153846154 0.078125 0.1310096153846154
11 0.46875 0.8161057692307693 0.06971153846153846 0.12860576923076922
11 0.5793269230769231 0.8173076923076923 0.07692307692307693 0.10697115384615384
11 0.33653846153846156 0.8185096153846154 0.07211538461538461 0.1201923076923077
11 0.7403846153846154 0.8269230769230769 0.08052884615384616 0.1141826923076923