9 0.50625 0.384375 0.19375 0.0828125
9 0.51484375 0.55703125 0.2 0.096875
9 0.5171875 0.2234375 0.2140625 0.08125
9 0.521875 0.8765625 0.18125 0.1
9 0.5265625 0.7171875 0.190625 0.09375
9 0.78203125 0.54375 0.165625 0.0953125
9 0.7890625 0.8734375 0.1703125 0.096875
9 0.79140625 0.39765625 0.1875 0.084375
9 0.7953125 0.7296875 0.1625 0.084375
9 0.80625 0.23828125 0.184375 0.10625
9 0.20234375 0.55546875 0.190625 0.1015625
9 0.203125 0.3875 0.19375 0.084375
9 0.203125 0.71953125 0.1703125 0.0875
9 0.20546875 0.8796875 0.19375 0.09375
9 0.209375 0.21875 0.20625 0.096875