8 0.5504807692307693 0.4579326923076923 0.07451923076923077 0.1466346153846154
8 0.4170673076923077 0.45913461538461536 0.06490384615384616 0.12139423076923077
8 0.6862980769230769 0.46033653846153844 0.0889423076923077 0.14543269230769232
8 0.15504807692307693 0.47716346153846156 0.06129807692307692 0.14302884615384615
8 0.2860576923076923 0.47836538461538464 0.07091346153846154 0.15985576923076922
8 0.14423076923076922 0.7079326923076923 0.054086538461538464 0.13581730769230768
8 0.2704326923076923 0.7355769230769231 0.0673076923076923 0.13221153846153846
8 0.4074519230769231 0.7548076923076923 0.06971153846153846 0.13822115384615385
8 0.5420673076923077 0.7680288461538461 0.07451923076923077 0.14182692307692307
8 0.6875 0.7956730769230769 0.08774038461538461 0.15144230769230768
8 0.6971153846153846 0.16826923076923078 0.08173076923076923 0.15144230769230768
8 0.5432692307692307 0.17067307692307693 0.08774038461538461 0.140625
8 0.41466346153846156 0.17427884615384615 0.07091346153846154 0.15264423076923078
8 0.28365384615384615 0.19951923076923078 0.06490384615384616 0.12980769230769232
8 0.15985576923076922 0.22235576923076922 0.0625 0.14302884615384615