19 0.73671875 0.41328125 0.0671875 0.1234375
19 0.61015625 0.41640625 0.075 0.125
19 0.48125 0.41640625 0.075 0.12109375
19 0.18984375 0.41953125 0.09296875 0.1453125
19 0.3484375 0.4234375 0.0703125 0.1296875
19 0.15078125 0.66640625 0.084375 0.13046875
19 0.334375 0.67265625 0.084375 0.14375
19 0.73984375 0.67578125 0.08984375 0.140625
19 0.60546875 0.678125 0.07265625 0.13203125
19 0.4796875 0.68125 0.08203125 0.1421875
19 0.240625 0.17578125 0.07109375 0.115625
19 0.38515625 0.178125 0.0625 0.09609375
19 0.50234375 0.18671875 0.0609375 0.109375
19 0.61171875 0.19921875 0.06640625 0.10625
19 0.73125 0.20625 0.06640625 0.1046875