14 0.65234375 0.2375 0.10078125 0.15078125
14 0.3140625 0.25625 0.09296875 0.1546875
14 0.47265625 0.25859375 0.0953125 0.14765625
14 0.1421875 0.2609375 0.0984375 0.153125
14 0.81015625 0.55390625 0.0984375 0.14375
14 0.47109375 0.56484375 0.09609375 0.14765625
14 0.140625 0.5671875 0.0875 0.14375
14 0.30546875 0.56796875 0.08203125 0.134375
14 0.634375 0.56953125 0.07734375 0.146875
14 0.80859375 0.7796875 0.07890625 0.11015625
14 0.63515625 0.784375 0.075 0.11640625
14 0.4671875 0.78828125 0.08125 0.11171875
14 0.30078125 0.80859375 0.08359375 0.11953125
14 0.1578125 0.82109375 0.07890625 0.12109375
14 0.82109375 0.234375 0.09453125 0.14921875