10 0.68125 0.47734375 0.08671875 0.16875
10 0.54453125 0.484375 0.08359375 0.17734375
10 0.3890625 0.484375 0.08125 0.203125
10 0.1765625 0.49140625 0.1109375 0.209375
10 0.82734375 0.4921875 0.06640625 0.14296875
10 0.8171875 0.77421875 0.09296875 0.1484375
10 0.67734375 0.7890625 0.075 0.13671875
10 0.5609375 0.7984375 0.07578125 0.1828125
10 0.403125 0.83203125 0.0921875 0.1796875
10 0.17109375 0.8578125 0.10546875 0.20703125
10 0.20859375 0.1234375 0.10625 0.17578125
10 0.40703125 0.14453125 0.11015625 0.17890625
10 0.578125 0.15703125 0.09296875 0.15625
10 0.7171875 0.1859375 0.07734375 0.16015625
10 0.83046875 0.2109375 0.0703125 0.1515625