19 0.23984375 0.2375 0.1390625 0.084375
19 0.26875 0.1234375 0.13125 0.0703125
19 0.4875 0.78671875 0.23125 0.15
19 0.51171875 0.53984375 0.171875 0.11875
19 0.51640625 0.23125 0.13125 0.078125
19 0.521875 0.12421875 0.125 0.06875
19 0.53046875 0.37421875 0.1796875 0.10625
19 0.77734375 0.09140625 0.13125 0.0765625
19 0.78125 0.21796875 0.134375 0.090625
19 0.81484375 0.5484375 0.15 0.096875
19 0.82265625 0.37421875 0.1609375 0.0953125
19 0.85390625 0.78203125 0.1765625 0.1203125
19 0.134375 0.75546875 0.20625 0.1765625
19 0.17421875 0.52109375 0.159375 0.11875
19 0.21328125 0.3609375 0.165625 0.1078125