19 0.7953125 0.46875 0.06875 0.121875
19 0.14375 0.471875 0.0875 0.15703125
19 0.69453125 0.4734375 0.0703125 0.12734375
19 0.5671875 0.4796875 0.078125 0.1296875
19 0.4421875 0.49375 0.07421875 0.12421875
19 0.79296875 0.709375 0.059375 0.12734375
19 0.6921875 0.7125 0.065625 0.12421875
19 0.56640625 0.71796875 0.075 0.14453125
19 0.41640625 0.7296875 0.07265625 0.128125
19 0.1546875 0.76484375 0.08203125 0.15859375
19 0.15234375 0.1484375 0.0875 0.15546875
19 0.3734375 0.1796875 0.07421875 0.1421875
19 0.56015625 0.20234375 0.0671875 0.13515625
19 0.67265625 0.209375 0.0625 0.13125
19 0.76953125 0.21796875 0.06484375 0.1296875