4 0.6109375 0.265625 0.08125 0.17734375
4 0.7890625 0.2765625 0.08984375 0.15625
4 0.1265625 0.4953125 0.11484375 0.1546875
4 0.48046875 0.50390625 0.06953125 0.16015625
4 0.65859375 0.509375 0.0828125 0.15703125
4 0.30625 0.51171875 0.0703125 0.15234375
4 0.8140625 0.52265625 0.0703125 0.17265625
4 0.6765625 0.71015625 0.09453125 0.11484375
4 0.8359375 0.71171875 0.10078125 0.12265625
4 0.46953125 0.72734375 0.084375 0.1359375
4 0.30546875 0.7546875 0.090625 0.17578125
4 0.12265625 0.784375 0.075 0.18359375
4 0.10859375 0.2234375 0.103125 0.1640625
4 0.27890625 0.22421875 0.096875 0.17421875
4 0.45 0.2328125 0.08671875 0.1828125