27 0.72890625 0.2609375 0.09140625 0.14609375
27 0.84453125 0.29453125 0.08046875 0.15078125
27 0.21640625 0.4671875 0.159375 0.1890625
27 0.4078125 0.4671875 0.1234375 0.16640625
27 0.57109375 0.47421875 0.0984375 0.14140625
27 0.70859375 0.484375 0.0921875 0.13203125
27 0.8359375 0.49453125 0.09453125 0.1453125
27 0.828125 0.709375 0.08828125 0.15625
27 0.6984375 0.7125 0.09921875 0.14296875
27 0.57578125 0.7375 0.0984375 0.14609375
27 0.42421875 0.7546875 0.140625 0.15625
27 0.21328125 0.7625 0.1703125 0.1828125
27 0.225 0.1546875 0.15078125 0.19609375
27 0.41796875 0.19296875 0.11796875 0.15703125
27 0.59140625 0.228125 0.11796875 0.1546875