30 0.4703125 0.3453125 0.10625 0.1203125
30 0.325 0.3453125 0.09609375 0.12109375
30 0.17109375 0.346875 0.1046875 0.11796875
30 0.79921875 0.353125 0.0921875 0.13046875
30 0.634375 0.35703125 0.10546875 0.13671875
30 0.6375 0.56875 0.09296875 0.0984375
30 0.7828125 0.575 0.0984375 0.1140625
30 0.49453125 0.58671875 0.08671875 0.11796875
30 0.3625 0.5890625 0.07734375 0.10703125
30 0.21015625 0.60078125 0.11484375 0.121875
30 0.75859375 0.81015625 0.0671875 0.09453125
30 0.6546875 0.81640625 0.08046875 0.10078125
30 0.528125 0.825 0.08671875 0.08984375
30 0.4 0.8390625 0.09296875 0.10078125
30 0.246875 0.84609375 0.08671875 0.090625