69 0.4609375 0.240625 0.0703125 0.13671875
69 0.28828125 0.2484375 0.09140625 0.15859375
69 0.76328125 0.42578125 0.0484375 0.10625
69 0.675 0.45390625 0.05234375 0.11796875
69 0.58671875 0.4703125 0.06171875 0.1265625
69 0.4625 0.5046875 0.07578125 0.14453125
69 0.2984375 0.5453125 0.1046875 0.19140625
69 0.74921875 0.62578125 0.0421875 0.090625
69 0.6828125 0.65 0.04296875 0.0984375
69 0.58828125 0.7015625 0.053125 0.1125
69 0.46953125 0.759375 0.06953125 0.1171875
69 0.30234375 0.83203125 0.08828125 0.16796875
69 0.56875 0.2265625 0.0671875 0.11640625
69 0.67734375 0.2296875 0.05859375 0.1171875
69 0.765625 0.23046875 0.0515625 0.11640625