11 0.13828125 0.240625 0.0875 0.16015625
11 0.85234375 0.45234375 0.08671875 0.15859375
11 0.69453125 0.471875 0.09296875 0.1765625
11 0.528125 0.4796875 0.07421875 0.15703125
11 0.3296875 0.5125 0.08125 0.15
11 0.15703125 0.5390625 0.0765625 0.1625
11 0.82265625 0.6828125 0.07578125 0.1515625
11 0.675 0.709375 0.08515625 0.17421875
11 0.509375 0.71171875 0.078125 0.1890625
11 0.33203125 0.74609375 0.07734375 0.16328125
11 0.16796875 0.775 0.07734375 0.17109375
11 0.82109375 0.19140625 0.075 0.1484375
11 0.6546875 0.20390625 0.08046875 0.17578125
11 0.49921875 0.20546875 0.075 0.1875
11 0.3140625 0.2328125 0.09609375 0.2046875