29 0.1453125 0.2578125 0.0796875 0.15546875
29 0.30859375 0.26875 0.07734375 0.15625
29 0.6078125 0.27578125 0.0703125 0.13515625
29 0.4546875 0.2828125 0.07109375 0.153125
29 0.75078125 0.29140625 0.0703125 0.15859375
29 0.15625 0.53828125 0.07421875 0.13984375
29 0.62734375 0.54140625 0.07578125 0.15078125
29 0.4859375 0.55234375 0.071875 0.13046875
29 0.76171875 0.55390625 0.06171875 0.13515625
29 0.28515625 0.5625 0.06484375 0.13203125
29 0.47109375 0.7546875 0.0609375 0.10859375
29 0.72734375 0.75703125 0.05859375 0.10859375
29 0.6125 0.7578125 0.06875 0.1109375
29 0.19453125 0.77578125 0.07578125 0.1203125
29 0.32421875 0.77734375 0.06875 0.1140625