20 0.5484375 0.2421875 0.10546875 0.2171875
20 0.41015625 0.26875 0.090625 0.18671875
20 0.29375 0.27734375 0.09765625 0.16640625
20 0.16171875 0.30390625 0.09375 0.16875
20 0.71796875 0.5390625 0.1078125 0.2140625
20 0.1625 0.5453125 0.103125 0.17265625
20 0.56953125 0.54921875 0.1171875 0.21328125
20 0.4171875 0.55859375 0.1 0.1984375
20 0.290625 0.5609375 0.11015625 0.190625
20 0.17421875 0.8046875 0.09921875 0.1625
20 0.30546875 0.82421875 0.1109375 0.190625
20 0.44921875 0.8390625 0.10625 0.21328125
20 0.596875 0.8578125 0.1078125 0.20625
20 0.7375 0.8640625 0.11640625 0.209375
20 0.703125 0.21953125 0.10703125 0.2359375