6 0.6045673076923077 0.4423076923076923 0.0673076923076923 0.171875
6 0.7211538461538461 0.44471153846153844 0.06610576923076923 0.16105769230769232
6 0.4651442307692308 0.4519230769230769 0.0625 0.15865384615384615
6 0.30408653846153844 0.4567307692307692 0.05889423076923077 0.13942307692307693
6 0.13581730769230768 0.45913461538461536 0.06610576923076923 0.15985576923076922
6 0.46274038461538464 0.6911057692307693 0.0673076923076923 0.15745192307692307
6 0.6081730769230769 0.6935096153846154 0.0673076923076923 0.17668269230769232
6 0.7548076923076923 0.6935096153846154 0.06971153846153846 0.18389423076923078
6 0.10817307692307693 0.7079326923076923 0.06370192307692307 0.1658653846153846
6 0.28365384615384615 0.7115384615384616 0.06129807692307692 0.16346153846153846
6 0.171875 0.19831730769230768 0.078125 0.14903846153846154
6 0.49399038461538464 0.19951923076923078 0.06971153846153846 0.15504807692307693
6 0.33774038461538464 0.20192307692307693 0.07091346153846154 0.1622596153846154
6 0.6201923076923077 0.20432692307692307 0.08052884615384616 0.15384615384615385
6 0.7283653846153846 0.21153846153846154 0.06850961538461539 0.15384615384615385