16 0.68125 0.4390625 0.07890625 0.12734375
16 0.50234375 0.44609375 0.07421875 0.1171875
16 0.83984375 0.45390625 0.0796875 0.134375
16 0.121875 0.46328125 0.08515625 0.1390625
16 0.3125 0.46640625 0.07578125 0.121875
16 0.521875 0.6859375 0.07734375 0.14765625
16 0.6734375 0.68671875 0.0671875 0.1265625
16 0.83046875 0.690625 0.065625 0.1296875
16 0.32265625 0.72109375 0.0796875 0.1453125
16 0.13828125 0.73984375 0.0796875 0.14921875
16 0.67421875 0.19375 0.0875 0.13515625
16 0.49921875 0.196875 0.084375 0.1375
16 0.834375 0.1984375 0.078125 0.125
16 0.31171875 0.2 0.0734375 0.128125
16 0.103125 0.20703125 0.08984375 0.14609375