13 0.6081730769230769 0.4795673076923077 0.078125 0.16105769230769232
13 0.4735576923076923 0.48197115384615385 0.0829326923076923 0.15625
13 0.30649038461538464 0.4891826923076923 0.07932692307692307 0.18269230769230768
13 0.78125 0.4963942307692308 0.08173076923076923 0.17908653846153846
13 0.1466346153846154 0.49759615384615385 0.09735576923076923 0.1935096153846154
13 0.7920673076923077 0.6947115384615384 0.0829326923076923 0.16826923076923078
13 0.6141826923076923 0.6971153846153846 0.07692307692307693 0.17427884615384615
13 0.4699519230769231 0.7019230769230769 0.08413461538461539 0.18389423076923078
13 0.328125 0.7151442307692307 0.07692307692307693 0.18629807692307693
13 0.17908653846153846 0.734375 0.0889423076923077 0.16826923076923078
13 0.10336538461538461 0.20552884615384615 0.09975961538461539 0.15504807692307693
13 0.6237980769230769 0.21754807692307693 0.08533653846153846 0.19471153846153846
13 0.8016826923076923 0.22115384615384615 0.09495192307692307 0.17668269230769232
13 0.2776442307692308 0.22355769230769232 0.0985576923076923 0.18629807692307693
13 0.44711538461538464 0.2247596153846154 0.1045673076923077 0.18870192307692307