21 0.2625 0.3328125 0.0859375 0.1328125
21 0.425 0.33359375 0.09375 0.1203125
21 0.12734375 0.334375 0.09375 0.16015625
21 0.58359375 0.34453125 0.09609375 0.128125
21 0.71484375 0.3453125 0.0828125 0.134375
21 0.275 0.53046875 0.096875 0.12734375
21 0.4234375 0.53046875 0.1109375 0.12734375
21 0.61171875 0.53125 0.11953125 0.12890625
21 0.778125 0.53828125 0.09765625 0.11953125
21 0.1109375 0.53828125 0.09765625 0.13828125
21 0.48828125 0.70078125 0.1171875 0.1203125
21 0.303125 0.71015625 0.1109375 0.125
21 0.66640625 0.715625 0.1171875 0.12578125
21 0.11015625 0.71875 0.11328125 0.1421875
21 0.815625 0.72734375 0.09453125 0.13125