11 0.4484375 0.29921875 0.0734375 0.1453125
11 0.753125 0.29921875 0.07421875 0.1453125
11 0.58125 0.30625 0.0734375 0.1453125
11 0.33828125 0.3125 0.07890625 0.15859375
11 0.2078125 0.31953125 0.0828125 0.15703125
11 0.5671875 0.58671875 0.05625 0.13125
11 0.7 0.58828125 0.078125 0.13125
11 0.459375 0.590625 0.06640625 0.134375
11 0.35234375 0.6015625 0.06796875 0.13828125
11 0.23203125 0.609375 0.07734375 0.1453125
11 0.69296875 0.78984375 0.0671875 0.12421875
11 0.5671875 0.790625 0.0640625 0.115625
11 0.47265625 0.7921875 0.05390625 0.11953125
11 0.37109375 0.7953125 0.0625 0.12109375
11 0.2546875 0.80859375 0.07421875 0.11953125