5 0.20546875 0.2375 0.06953125 0.15078125
5 0.6125 0.484375 0.09453125 0.17734375
5 0.21171875 0.4890625 0.06875 0.13828125
5 0.4765625 0.4890625 0.08984375 0.1484375
5 0.75625 0.49140625 0.084375 0.17734375
5 0.34921875 0.51328125 0.07578125 0.1640625
5 0.478125 0.721875 0.07890625 0.14765625
5 0.23359375 0.72734375 0.0703125 0.13125
5 0.60859375 0.73125 0.0796875 0.1625
5 0.3625 0.73984375 0.07578125 0.1453125
5 0.76328125 0.753125 0.084375 0.16328125
5 0.72890625 0.1984375 0.090625 0.203125
5 0.57734375 0.20390625 0.08359375 0.16640625
5 0.4515625 0.21328125 0.06875 0.16640625
5 0.3359375 0.225 0.06328125 0.1421875