21 0.46640625 0.2140625 0.1375 0.0875
21 0.4734375 0.378125 0.146875 0.090625
21 0.4765625 0.521875 0.1546875 0.0984375
21 0.48828125 0.6625 0.15 0.08125
21 0.49609375 0.83046875 0.171875 0.096875
21 0.659375 0.2375 0.1375 0.1
21 0.67578125 0.38359375 0.1375 0.0890625
21 0.69921875 0.52265625 0.140625 0.0859375
21 0.71640625 0.65234375 0.146875 0.0859375
21 0.73359375 0.8078125 0.153125 0.1
21 0.2015625 0.2046875 0.146875 0.1
21 0.20390625 0.36171875 0.15 0.096875
21 0.215625 0.51796875 0.146875 0.090625
21 0.22265625 0.66796875 0.1578125 0.096875
21 0.23046875 0.8375 0.16875 0.0875