8 0.19591346153846154 0.24519230769230768 0.06129807692307692 0.13581730769230768
8 0.18990384615384615 0.4375 0.057692307692307696 0.13942307692307693
8 0.3954326923076923 0.4483173076923077 0.0625 0.13221153846153846
8 0.296875 0.4495192307692308 0.0673076923076923 0.13701923076923078
8 0.5276442307692307 0.46153846153846156 0.08173076923076923 0.13581730769230768
8 0.6598557692307693 0.47836538461538464 0.09014423076923077 0.14543269230769232
8 0.1875 0.6574519230769231 0.056490384615384616 0.1141826923076923
8 0.2920673076923077 0.6814903846153846 0.054086538461538464 0.125
8 0.41466346153846156 0.7043269230769231 0.07692307692307693 0.14543269230769232
8 0.5408653846153846 0.7295673076923077 0.08173076923076923 0.13942307692307693
8 0.6682692307692307 0.7524038461538461 0.09254807692307693 0.15745192307692307
8 0.6598557692307693 0.18028846153846154 0.09615384615384616 0.15264423076923078
8 0.5276442307692307 0.18509615384615385 0.08052884615384616 0.14302884615384615
8 0.38822115384615385 0.20192307692307693 0.07572115384615384 0.12860576923076922
8 0.2932692307692308 0.21754807692307693 0.055288461538461536 0.13822115384615385