14 0.2453125 0.35390625 0.1734375 0.128125
14 0.2453125 0.5296875 0.16875 0.1109375
14 0.25234375 0.9109375 0.1703125 0.1125
14 0.253125 0.1578125 0.165625 0.11875
14 0.48828125 0.35390625 0.15 0.0984375
14 0.49921875 0.51953125 0.159375 0.121875
14 0.49921875 0.1765625 0.15 0.1125
14 0.5203125 0.71328125 0.1578125 0.125
14 0.53984375 0.89765625 0.1828125 0.1296875
14 0.76875 0.18515625 0.175 0.134375
14 0.77578125 0.35859375 0.159375 0.134375
14 0.7875 0.534375 0.18125 0.14375
14 0.78828125 0.7265625 0.1578125 0.1296875
14 0.79609375 0.89375 0.1375 0.109375
14 0.23515625 0.71875 0.1859375 0.1203125