10 0.6838942307692307 0.24639423076923078 0.0673076923076923 0.125
10 0.8076923076923077 0.2620192307692308 0.08052884615384616 0.11778846153846154
10 0.6586538461538461 0.5048076923076923 0.06490384615384616 0.13221153846153846
10 0.7992788461538461 0.5108173076923077 0.05889423076923077 0.13581730769230768
10 0.5240384615384616 0.5132211538461539 0.07211538461538461 0.1310096153846154
10 0.3762019230769231 0.5228365384615384 0.05889423076923077 0.12620192307692307
10 0.18028846153846154 0.5336538461538461 0.06009615384615385 0.1310096153846154
10 0.7848557692307693 0.7331730769230769 0.07211538461538461 0.12379807692307693
10 0.6610576923076923 0.7415865384615384 0.08052884615384616 0.14543269230769232
10 0.3762019230769231 0.7548076923076923 0.0673076923076923 0.14903846153846154
10 0.5180288461538461 0.7572115384615384 0.07451923076923077 0.15264423076923078
10 0.18509615384615385 0.7596153846153846 0.0733173076923077 0.15384615384615385
10 0.21634615384615385 0.21634615384615385 0.07692307692307693 0.14423076923076922
10 0.5528846153846154 0.22716346153846154 0.07451923076923077 0.12379807692307693
10 0.42788461538461536 0.234375 0.07932692307692307 0.12980769230769232