3 0.7223557692307693 0.24278846153846154 0.05889423076923077 0.15144230769230768
3 0.5673076923076923 0.2548076923076923 0.0733173076923077 0.15504807692307693
3 0.41586538461538464 0.25961538461538464 0.07091346153846154 0.14783653846153846
3 0.27283653846153844 0.28725961538461536 0.06370192307692307 0.16466346153846154
3 0.12980769230769232 0.30528846153846156 0.06009615384615385 0.14783653846153846
3 0.7403846153846154 0.5348557692307693 0.06009615384615385 0.13221153846153846
3 0.5961538461538461 0.5360576923076923 0.06009615384615385 0.12980769230769232
3 0.44711538461538464 0.5528846153846154 0.052884615384615384 0.12620192307692307
3 0.3088942307692308 0.5588942307692307 0.055288461538461536 0.12259615384615384
3 0.16706730769230768 0.5925480769230769 0.06129807692307692 0.12620192307692307
3 0.5973557692307693 0.7451923076923077 0.054086538461538464 0.12740384615384615
3 0.7463942307692307 0.7451923076923077 0.05048076923076923 0.11899038461538461
3 0.46634615384615385 0.7584134615384616 0.06370192307692307 0.12740384615384615
3 0.33052884615384615 0.7872596153846154 0.06610576923076923 0.1141826923076923
3 0.1971153846153846 0.7956730769230769 0.056490384615384616 0.10096153846153846