21 0.4891826923076923 0.24639423076923078 0.09615384615384616 0.13701923076923078
21 0.2644230769230769 0.25240384615384615 0.07692307692307693 0.13341346153846154
21 0.3641826923076923 0.2536057692307692 0.08533653846153846 0.14543269230769232
21 0.171875 0.2548076923076923 0.06370192307692307 0.13822115384615385
21 0.6370192307692307 0.25600961538461536 0.1045673076923077 0.1658653846153846
21 0.1814903846153846 0.46153846153846156 0.06490384615384616 0.11778846153846154
21 0.2704326923076923 0.4723557692307692 0.0733173076923077 0.13822115384615385
21 0.37259615384615385 0.484375 0.08173076923076923 0.13221153846153846
21 0.5048076923076923 0.4951923076923077 0.1045673076923077 0.15264423076923078
21 0.6538461538461539 0.515625 0.10697115384615384 0.1875
21 0.18870192307692307 0.6370192307692307 0.056490384615384616 0.109375
21 0.27403846153846156 0.6538461538461539 0.0733173076923077 0.12860576923076922
21 0.3798076923076923 0.6778846153846154 0.07692307692307693 0.13581730769230768
21 0.5084134615384616 0.7091346153846154 0.09735576923076923 0.16105769230769232
21 0.6490384615384616 0.765625 0.11298076923076923 0.15264423076923078