21 0.2359375 0.6921875 0.1734375 0.1140625
21 0.23671875 0.903125 0.1671875 0.0984375
21 0.4671875 0.14765625 0.178125 0.103125
21 0.4734375 0.31328125 0.165625 0.1078125
21 0.49921875 0.48828125 0.178125 0.096875
21 0.51328125 0.6640625 0.178125 0.109375
21 0.534375 0.85078125 0.20625 0.1125
21 0.728125 0.16640625 0.165625 0.1046875
21 0.7375 0.3234375 0.1421875 0.0875
21 0.76328125 0.484375 0.15625 0.0984375
21 0.784375 0.64921875 0.15 0.0953125
21 0.796875 0.81953125 0.15625 0.10625
21 0.20078125 0.13203125 0.165625 0.1140625
21 0.2078125 0.3109375 0.1796875 0.109375
21 0.22109375 0.48828125 0.1640625 0.10625