12 0.79609375 0.48359375 0.08984375 0.1484375
12 0.65 0.49296875 0.08828125 0.15625
12 0.3578125 0.50390625 0.08984375 0.14140625
12 0.51171875 0.5046875 0.09375 0.1546875
12 0.1859375 0.5140625 0.09296875 0.16640625
12 0.79453125 0.7921875 0.07265625 0.1453125
12 0.64453125 0.79296875 0.08203125 0.1375
12 0.5015625 0.8015625 0.09140625 0.15078125
12 0.35078125 0.80390625 0.07734375 0.13671875
12 0.171875 0.81328125 0.07890625 0.15625
12 0.771875 0.17734375 0.0921875 0.1421875
12 0.63125 0.18125 0.08359375 0.13203125
12 0.48984375 0.19140625 0.08125 0.14921875
12 0.34453125 0.20546875 0.07734375 0.1578125
12 0.1859375 0.20859375 0.0875 0.1640625