4 0.63515625 0.48203125 0.08828125 0.140625
4 0.80234375 0.49140625 0.0984375 0.1484375
4 0.4734375 0.5 0.07734375 0.15703125
4 0.18671875 0.503125 0.05625 0.1390625
4 0.31875 0.509375 0.06953125 0.134375
4 0.18359375 0.7703125 0.0609375 0.14375
4 0.3203125 0.77265625 0.06328125 0.1359375
4 0.45625 0.7890625 0.0703125 0.1328125
4 0.60390625 0.79765625 0.0859375 0.16484375
4 0.76015625 0.8234375 0.0796875 0.1515625
4 0.78984375 0.1421875 0.0953125 0.14140625
4 0.6296875 0.16640625 0.08046875 0.13828125
4 0.47890625 0.18671875 0.07421875 0.14609375
4 0.3359375 0.2046875 0.07734375 0.1453125
4 0.1875 0.22265625 0.06328125 0.1359375