28 0.8401442307692307 0.4326923076923077 0.1201923076923077 0.12139423076923077
28 0.65625 0.4338942307692308 0.10817307692307693 0.12860576923076922
28 0.4735576923076923 0.4483173076923077 0.10576923076923077 0.13701923076923078
28 0.3004807692307692 0.47716346153846156 0.10817307692307693 0.15865384615384615
28 0.11298076923076923 0.4951923076923077 0.09495192307692307 0.17067307692307693
28 0.6622596153846154 0.7896634615384616 0.11658653846153846 0.203125
28 0.8641826923076923 0.796875 0.11658653846153846 0.2247596153846154
28 0.47115384615384615 0.8161057692307693 0.10096153846153846 0.20793269230769232
28 0.25961538461538464 0.8221153846153846 0.10576923076923077 0.2127403846153846
28 0.07572115384615384 0.8449519230769231 0.08173076923076923 0.22956730769230768
28 0.7824519230769231 0.18269230769230768 0.09975961538461539 0.11778846153846154
28 0.6286057692307693 0.1875 0.10817307692307693 0.11899038461538461
28 0.4651442307692308 0.1935096153846154 0.09375 0.10576923076923077
28 0.33653846153846156 0.19951923076923078 0.0985576923076923 0.10697115384615384
28 0.15264423076923078 0.21875 0.08533653846153846 0.125