16 0.78125 0.24278846153846154 0.07932692307692307 0.12139423076923077
16 0.6310096153846154 0.25 0.0985576923076923 0.1141826923076923
16 0.4795673076923077 0.2608173076923077 0.08774038461538461 0.11538461538461539
16 0.33533653846153844 0.2620192307692308 0.10096153846153846 0.11778846153846154
16 0.1875 0.2704326923076923 0.0889423076923077 0.140625
16 0.6298076923076923 0.53125 0.09615384615384616 0.10576923076923077
16 0.484375 0.5348557692307693 0.08052884615384616 0.109375
16 0.7728365384615384 0.5360576923076923 0.09014423076923077 0.11538461538461539
16 0.33774038461538464 0.5456730769230769 0.09134615384615384 0.10216346153846154
16 0.1778846153846154 0.546875 0.0889423076923077 0.11778846153846154
16 0.1875 0.7247596153846154 0.08052884615384616 0.11538461538461539
16 0.7403846153846154 0.7247596153846154 0.07692307692307693 0.12620192307692307
16 0.3473557692307692 0.7259615384615384 0.08653846153846154 0.11298076923076923
16 0.6129807692307693 0.7259615384615384 0.07091346153846154 0.11899038461538461
16 0.47836538461538464 0.7283653846153846 0.07572115384615384 0.13341346153846154