18 0.4735576923076923 0.4375 0.09134615384615384 0.19591346153846154
18 0.7956730769230769 0.4387019230769231 0.07932692307692307 0.20432692307692307
18 0.6346153846153846 0.44471153846153844 0.09615384615384616 0.19591346153846154
18 0.1466346153846154 0.44711538461538464 0.09134615384615384 0.15384615384615385
18 0.3125 0.4543269230769231 0.08653846153846154 0.19230769230769232
18 0.4879807692307692 0.7211538461538461 0.0889423076923077 0.18509615384615385
18 0.6526442307692307 0.7223557692307693 0.09615384615384616 0.19110576923076922
18 0.7920673076923077 0.7223557692307693 0.08413461538461539 0.20192307692307693
18 0.3076923076923077 0.7379807692307693 0.08533653846153846 0.1814903846153846
18 0.15625 0.7475961538461539 0.08173076923076923 0.17908653846153846
18 0.7692307692307693 0.1658653846153846 0.09735576923076923 0.17427884615384615
18 0.6057692307692307 0.16826923076923078 0.09134615384615384 0.1658653846153846
18 0.4483173076923077 0.17908653846153846 0.08774038461538461 0.15865384615384615
18 0.2692307692307692 0.18629807692307693 0.09615384615384616 0.15985576923076922
18 0.140625 0.19831730769230768 0.09014423076923077 0.15625