29 0.7872596153846154 0.43028846153846156 0.11177884615384616 0.14543269230769232
29 0.6153846153846154 0.44350961538461536 0.09375 0.13341346153846154
29 0.4639423076923077 0.47115384615384615 0.08653846153846154 0.13581730769230768
29 0.32091346153846156 0.49158653846153844 0.10336538461538461 0.15504807692307693
29 0.15264423076923078 0.5 0.09495192307692307 0.16105769230769232
29 0.7824519230769231 0.6754807692307693 0.10576923076923077 0.12620192307692307
29 0.6117788461538461 0.6838942307692307 0.09254807692307693 0.125
29 0.47596153846153844 0.6947115384615384 0.0889423076923077 0.13221153846153846
29 0.3293269230769231 0.71875 0.08533653846153846 0.1310096153846154
29 0.15865384615384615 0.7584134615384616 0.09975961538461539 0.14543269230769232
29 0.7896634615384616 0.17427884615384615 0.10216346153846154 0.14543269230769232
29 0.625 0.18028846153846154 0.10576923076923077 0.14423076923076922
29 0.46274038461538464 0.18509615384615385 0.11177884615384616 0.1622596153846154
29 0.31009615384615385 0.18870192307692307 0.0985576923076923 0.17307692307692307
29 0.13942307692307693 0.2127403846153846 0.09495192307692307 0.1658653846153846