26 0.634375 0.24140625 0.07734375 0.1953125
26 0.5046875 0.2484375 0.0625 0.17109375
26 0.375 0.26640625 0.06328125 0.16484375
26 0.2828125 0.27421875 0.05234375 0.15234375
26 0.18984375 0.2875 0.05078125 0.13046875
26 0.39453125 0.49140625 0.04921875 0.15234375
26 0.29453125 0.49453125 0.04765625 0.15
26 0.66171875 0.4953125 0.06484375 0.175
26 0.52421875 0.49609375 0.06875 0.16171875
26 0.20390625 0.51328125 0.04921875 0.1640625
26 0.2234375 0.7203125 0.04609375 0.13125
26 0.3171875 0.72109375 0.05078125 0.1328125
26 0.4109375 0.72734375 0.0546875 0.13984375
26 0.5140625 0.73046875 0.05546875 0.1515625
26 0.67109375 0.75234375 0.0875 0.18046875