4 0.62734375 0.5265625 0.059375 0.1296875
4 0.490625 0.52734375 0.07578125 0.1359375
4 0.75234375 0.5328125 0.06640625 0.14140625
4 0.14609375 0.5375 0.07890625 0.12734375
4 0.31796875 0.540625 0.0828125 0.1390625
4 0.33203125 0.7515625 0.06875 0.11328125
4 0.17734375 0.7546875 0.0671875 0.11953125
4 0.4796875 0.7609375 0.075 0.11796875
4 0.61328125 0.7640625 0.06171875 0.11953125
4 0.72890625 0.76875 0.06875 0.12890625
4 0.3359375 0.20625 0.09140625 0.1421875
4 0.4875 0.20625 0.1015625 0.1421875
4 0.65078125 0.20703125 0.075 0.14453125
4 0.75703125 0.21875 0.065625 0.15859375
4 0.13125 0.22421875 0.09453125 0.15078125