1 0.74609375 0.4625 0.05546875 0.16796875
1 0.6484375 0.46484375 0.06171875 0.15546875
1 0.52578125 0.48203125 0.0671875 0.159375
1 0.39765625 0.5046875 0.075 0.19375
1 0.2375 0.5046875 0.07890625 0.2046875
1 0.75078125 0.72109375 0.05859375 0.16328125
1 0.6421875 0.73359375 0.0609375 0.1453125
1 0.5140625 0.7859375 0.071875 0.1890625
1 0.3734375 0.815625 0.08125 0.21171875
1 0.23125 0.86015625 0.08515625 0.2359375
1 0.24609375 0.140625 0.0796875 0.196875
1 0.5296875 0.15078125 0.06875 0.1625
1 0.40703125 0.15390625 0.06171875 0.16328125
1 0.6484375 0.15546875 0.06875 0.15703125
1 0.75078125 0.16328125 0.06328125 0.16328125