20 0.23557692307692307 0.32091346153846156 0.054086538461538464 0.09975961538461539
20 0.3485576923076923 0.32211538461538464 0.057692307692307696 0.09134615384615384
20 0.47836538461538464 0.3269230769230769 0.06610576923076923 0.10697115384615384
20 0.6021634615384616 0.3317307692307692 0.06850961538461539 0.10216346153846154
20 0.7175480769230769 0.3389423076923077 0.07091346153846154 0.0985576923076923
20 0.23557692307692307 0.5048076923076923 0.06971153846153846 0.12860576923076922
20 0.5096153846153846 0.5120192307692307 0.06850961538461539 0.12860576923076922
20 0.36538461538461536 0.5132211538461539 0.06971153846153846 0.12620192307692307
20 0.6358173076923077 0.515625 0.08173076923076923 0.11778846153846154
20 0.7644230769230769 0.5228365384615384 0.07572115384615384 0.12620192307692307
20 0.5180288461538461 0.7283653846153846 0.06971153846153846 0.13822115384615385
20 0.8088942307692307 0.7307692307692307 0.07692307692307693 0.125
20 0.6610576923076923 0.7319711538461539 0.078125 0.14903846153846154
20 0.2247596153846154 0.7391826923076923 0.0733173076923077 0.13581730769230768
20 0.36658653846153844 0.7415865384615384 0.06850961538461539 0.15985576923076922