32 0.7859375 0.46640625 0.0875 0.13828125
32 0.621875 0.4734375 0.090625 0.146875
32 0.478125 0.4765625 0.0984375 0.1546875
32 0.3375 0.48828125 0.08046875 0.15078125
32 0.16953125 0.496875 0.09609375 0.171875
32 0.75859375 0.653125 0.1 0.1375
32 0.61484375 0.66640625 0.0890625 0.13828125
32 0.47734375 0.69296875 0.0859375 0.13984375
32 0.34453125 0.70859375 0.0859375 0.146875
32 0.1875 0.728125 0.1 0.153125
32 0.7953125 0.2015625 0.1 0.146875
32 0.63828125 0.20390625 0.096875 0.15
32 0.48203125 0.215625 0.08984375 0.14609375
32 0.33203125 0.22265625 0.096875 0.1578125
32 0.1625 0.23046875 0.0875 0.16875