12 0.61640625 0.36328125 0.11796875 0.11875
12 0.77890625 0.36328125 0.0953125 0.13671875
12 0.44609375 0.38359375 0.125 0.1453125
12 0.28515625 0.38359375 0.1453125 0.140625
12 0.1125 0.39140625 0.1421875 0.1484375
12 0.77734375 0.5359375 0.0875 0.11171875
12 0.62421875 0.54375 0.11015625 0.1
12 0.46953125 0.56015625 0.10390625 0.1
12 0.32890625 0.56875 0.1234375 0.10625
12 0.17890625 0.58515625 0.1234375 0.1
12 0.628125 0.68046875 0.096875 0.08671875
12 0.759375 0.68125 0.09140625 0.07421875
12 0.48828125 0.690625 0.096875 0.0890625
12 0.35390625 0.703125 0.1015625 0.0828125
12 0.22421875 0.71171875 0.09140625 0.07734375