29 0.721875 0.453125 0.07109375 0.12734375
29 0.58671875 0.45703125 0.075 0.12734375
29 0.17734375 0.46796875 0.0640625 0.12578125
29 0.4546875 0.46953125 0.07109375 0.125
29 0.32578125 0.47109375 0.06953125 0.12109375
29 0.1453125 0.74609375 0.0671875 0.125
29 0.2875 0.75390625 0.075 0.1328125
29 0.73203125 0.75390625 0.0828125 0.1421875
29 0.58046875 0.759375 0.06953125 0.1296875
29 0.4296875 0.76015625 0.06640625 0.1328125
29 0.69375 0.1921875 0.06328125 0.10859375
29 0.2125 0.19375 0.053125 0.11640625
29 0.5765625 0.19453125 0.0640625 0.11171875
29 0.34375 0.1984375 0.0671875 0.11171875
29 0.4609375 0.1984375 0.059375 0.1140625