30 0.11953125 0.25234375 0.08828125 0.13984375
30 0.55859375 0.47265625 0.11328125 0.14375
30 0.25390625 0.490625 0.109375 0.14609375
30 0.40703125 0.49375 0.10625 0.1703125
30 0.12265625 0.50078125 0.08125 0.15234375
30 0.73203125 0.5046875 0.146875 0.20390625
30 0.1421875 0.759375 0.090625 0.14296875
30 0.26875 0.765625 0.09140625 0.1390625
30 0.41015625 0.79453125 0.09921875 0.15546875
30 0.57265625 0.81953125 0.10703125 0.1515625
30 0.75625 0.86875 0.14375 0.196875
30 0.73515625 0.15546875 0.14921875 0.2015625
30 0.5296875 0.17890625 0.11953125 0.15390625
30 0.3828125 0.2078125 0.10859375 0.1546875
30 0.24296875 0.23203125 0.1 0.15859375