4 0.6109375 0.265625 0.08125 0.178125
4 0.7890625 0.2765625 0.090625 0.15625
4 0.1265625 0.4953125 0.115625 0.1546875
4 0.48046875 0.50390625 0.06875 0.159375
4 0.65859375 0.509375 0.0828125 0.15625
4 0.30625 0.51171875 0.0703125 0.153125
4 0.8140625 0.52265625 0.0703125 0.171875
4 0.6765625 0.71015625 0.09375 0.115625
4 0.8359375 0.71171875 0.1 0.121875
4 0.46953125 0.72734375 0.084375 0.1359375
4 0.30546875 0.7546875 0.090625 0.175
4 0.12265625 0.784375 0.075 0.184375
4 0.10859375 0.2234375 0.103125 0.1640625
4 0.27890625 0.22421875 0.096875 0.175
4 0.45 0.2328125 0.0875 0.1828125