14 0.53125 0.1859375 0.14375 0.0984375
14 0.540625 0.85625 0.14375 0.0875
14 0.54296875 0.52734375 0.146875 0.096875
14 0.54296875 0.69140625 0.134375 0.08125
14 0.54453125 0.3640625 0.146875 0.078125
14 0.759375 0.18828125 0.109375 0.078125
14 0.76015625 0.36328125 0.115625 0.075
14 0.76015625 0.53125 0.1125 0.08125
14 0.78046875 0.69609375 0.11875 0.084375
14 0.79296875 0.83671875 0.121875 0.078125
14 0.21171875 0.1734375 0.15 0.09375
14 0.21484375 0.3453125 0.15 0.1
14 0.228125 0.684375 0.153125 0.09375
14 0.23203125 0.52578125 0.146875 0.0953125
14 0.234375 0.85625 0.153125 0.0984375