29 0.1546875 0.41171875 0.0796875 0.15859375
29 0.76875 0.4234375 0.05078125 0.1234375
29 0.54453125 0.425 0.0640625 0.125
29 0.6578125 0.43984375 0.0484375 0.11640625
29 0.34921875 0.440625 0.071875 0.12109375
29 0.771875 0.7046875 0.05078125 0.1109375
29 0.6703125 0.71484375 0.06484375 0.12734375
29 0.559375 0.746875 0.0578125 0.1328125
29 0.38359375 0.80234375 0.08359375 0.13984375
29 0.159375 0.82890625 0.08125 0.1671875
29 0.15390625 0.1171875 0.084375 0.146875
29 0.38671875 0.1609375 0.07109375 0.13203125
29 0.54609375 0.1875 0.0546875 0.12265625
29 0.6390625 0.20546875 0.04921875 0.1140625
29 0.73046875 0.22109375 0.05 0.1109375