7 0.8245192307692307 0.2439903846153846 0.09014423076923077 0.16105769230769232
7 0.6646634615384616 0.24759615384615385 0.10336538461538461 0.15384615384615385
7 0.5060096153846154 0.24759615384615385 0.09254807692307693 0.1502403846153846
7 0.33533653846153844 0.2548076923076923 0.11177884615384616 0.16466346153846154
7 0.15384615384615385 0.2704326923076923 0.10216346153846154 0.16346153846153846
7 0.8088942307692307 0.4831730769230769 0.08774038461538461 0.14543269230769232
7 0.6634615384615384 0.49759615384615385 0.0889423076923077 0.1466346153846154
7 0.5072115384615384 0.5036057692307693 0.10576923076923077 0.1310096153846154
7 0.33653846153846156 0.5048076923076923 0.09134615384615384 0.12860576923076922
7 0.16947115384615385 0.5060096153846154 0.0889423076923077 0.14543269230769232
7 0.7776442307692307 0.7307692307692307 0.0985576923076923 0.13341346153846154
7 0.6213942307692307 0.734375 0.10216346153846154 0.11778846153846154
7 0.47836538461538464 0.7367788461538461 0.09254807692307693 0.12139423076923077
7 0.18509615384615385 0.7391826923076923 0.09375 0.12740384615384615
7 0.3269230769230769 0.7463942307692307 0.08413461538461539 0.12139423076923077