12 0.1578125 0.31171875 0.1203125 0.1
12 0.3359375 0.3234375 0.13359375 0.103125
12 0.68515625 0.325 0.0984375 0.08984375
12 0.825 0.33203125 0.096875 0.08515625
12 0.5296875 0.33203125 0.08359375 0.0859375
12 0.73359375 0.503125 0.13828125 0.125
12 0.91796875 0.515625 0.12578125 0.1265625
12 0.08203125 0.5171875 0.1234375 0.1515625
12 0.534375 0.5203125 0.1140625 0.13515625
12 0.2796875 0.5265625 0.115625 0.14765625
12 0.1953125 0.17734375 0.1015625 0.08125
12 0.3640625 0.18125 0.10625 0.08515625
12 0.5296875 0.18828125 0.109375 0.09296875
12 0.65 0.1890625 0.08828125 0.0734375
12 0.7765625 0.18984375 0.09453125 0.07578125