117 0.6234375 0.4296875 0.08828125 0.1328125
117 0.7296875 0.4375 0.08125 0.1390625
117 0.4953125 0.4421875 0.09765625 0.16640625
117 0.3171875 0.4453125 0.13203125 0.18671875
117 0.81875 0.4484375 0.06796875 0.1359375
117 0.83515625 0.73828125 0.06796875 0.1328125
117 0.7453125 0.75234375 0.071875 0.1546875
117 0.6453125 0.76015625 0.08984375 0.1421875
117 0.5203125 0.77890625 0.0953125 0.16796875
117 0.34375 0.81171875 0.11328125 0.20390625
117 0.2515625 0.11484375 0.128125 0.1890625
117 0.43984375 0.11484375 0.11015625 0.16640625
117 0.57734375 0.13046875 0.09296875 0.15
117 0.703125 0.14453125 0.08125 0.1328125
117 0.7921875 0.16875 0.06171875 0.1265625