91 0.67890625 0.246875 0.046875 0.15859375
91 0.3828125 0.246875 0.096875 0.1921875
91 0.56328125 0.25234375 0.06171875 0.1890625
91 0.7796875 0.25546875 0.046875 0.15703125
91 0.15625 0.28671875 0.12109375 0.28984375
91 0.78515625 0.48125 0.040625 0.11875
91 0.6953125 0.4890625 0.04765625 0.134375
91 0.5703125 0.53125 0.06171875 0.14765625
91 0.39765625 0.57109375 0.0734375 0.16171875
91 0.18515625 0.6359375 0.09375 0.2171875
91 0.77265625 0.653125 0.040625 0.11875
91 0.66796875 0.690625 0.05703125 0.12734375
91 0.53046875 0.7375 0.046875 0.1421875
91 0.39140625 0.81015625 0.0640625 0.15546875
91 0.21640625 0.89140625 0.0640625 0.1578125