9 0.57421875 0.1375 0.178125 0.0875
9 0.565625 0.30703125 0.190625 0.0828125
9 0.5546875 0.60703125 0.1796875 0.096875
9 0.5546875 0.45390625 0.2171875 0.1046875
9 0.55 0.7875 0.19375 0.1125
9 0.26640625 0.79453125 0.228125 0.1015625
9 0.24765625 0.6296875 0.240625 0.0921875
9 0.2453125 0.30703125 0.2375 0.096875
9 0.24453125 0.471875 0.2484375 0.0875
9 0.2359375 0.11796875 0.2375 0.1
9 0.8359375 0.28046875 0.1625 0.078125
9 0.8359375 0.13203125 0.1625 0.0859375
9 0.83515625 0.43828125 0.16875 0.08125
9 0.8296875 0.5921875 0.175 0.0828125
9 0.809375 0.75703125 0.1875 0.096875