15 0.5396634615384616 0.24158653846153846 0.09014423076923077 0.15745192307692307
15 0.6658653846153846 0.24639423076923078 0.09495192307692307 0.14423076923076922
15 0.7872596153846154 0.2644230769230769 0.0733173076923077 0.13822115384615385
15 0.19591346153846154 0.4723557692307692 0.12139423076923077 0.21514423076923078
15 0.39903846153846156 0.484375 0.12139423076923077 0.17307692307692307
15 0.8221153846153846 0.49158653846153844 0.0673076923076923 0.12980769230769232
15 0.703125 0.49158653846153844 0.078125 0.13942307692307693
15 0.5697115384615384 0.49278846153846156 0.09615384615384616 0.15264423076923078
15 0.8317307692307693 0.6995192307692307 0.05889423076923077 0.14182692307692307
15 0.71875 0.7199519230769231 0.08533653846153846 0.1622596153846154
15 0.5865384615384616 0.7379807692307693 0.10216346153846154 0.17548076923076922
15 0.21033653846153846 0.7548076923076923 0.13221153846153846 0.19831730769230768
15 0.4110576923076923 0.7560096153846154 0.13221153846153846 0.1778846153846154
15 0.21634615384615385 0.1814903846153846 0.1310096153846154 0.19230769230769232
15 0.38341346153846156 0.20192307692307693 0.12259615384615384 0.17668269230769232