8 0.4110576923076923 0.2608173076923077 0.08774038461538461 0.15384615384615385
8 0.5889423076923077 0.26322115384615385 0.09014423076923077 0.14182692307692307
8 0.27884615384615385 0.27163461538461536 0.07932692307692307 0.15384615384615385
8 0.734375 0.27403846153846156 0.0889423076923077 0.14903846153846154
8 0.13341346153846154 0.29086538461538464 0.07692307692307693 0.1658653846153846
8 0.14543269230769232 0.5228365384615384 0.08052884615384616 0.15625
8 0.42908653846153844 0.5372596153846154 0.06971153846153846 0.13581730769230768
8 0.296875 0.5420673076923077 0.08173076923076923 0.13822115384615385
8 0.5829326923076923 0.5528846153846154 0.09134615384615384 0.1346153846153846
8 0.7247596153846154 0.5685096153846154 0.0889423076923077 0.12980769230769232
8 0.6129807692307693 0.7632211538461539 0.08533653846153846 0.14182692307692307
8 0.15625 0.7680288461538461 0.07451923076923077 0.13341346153846154
8 0.7379807692307693 0.7728365384615384 0.07692307692307693 0.13221153846153846
8 0.30528846153846156 0.7836538461538461 0.07091346153846154 0.12980769230769232
8 0.4567307692307692 0.7884615384615384 0.08173076923076923 0.12379807692307693