22 0.1828125 0.24609375 0.06484375 0.1
22 0.3546875 0.2515625 0.071875 0.096875
22 0.48203125 0.25625 0.065625 0.10234375
22 0.60546875 0.26640625 0.07578125 0.09375
22 0.71953125 0.2734375 0.07890625 0.0984375
22 0.16796875 0.44375 0.06953125 0.13359375
22 0.3328125 0.4515625 0.08203125 0.134375
22 0.6125 0.45390625 0.08671875 0.10625
22 0.47421875 0.4546875 0.0890625 0.1125
22 0.7390625 0.4609375 0.09296875 0.115625
22 0.77265625 0.696875 0.09375 0.1546875
22 0.62734375 0.70234375 0.10546875 0.1515625
22 0.46953125 0.71015625 0.096875 0.14765625
22 0.30234375 0.71328125 0.08828125 0.14921875
22 0.13515625 0.7203125 0.075 0.16484375