29 0.6015625 0.440625 0.08203125 0.13515625
29 0.18984375 0.45 0.0578125 0.14140625
29 0.45078125 0.4515625 0.0765625 0.13515625
29 0.74453125 0.45234375 0.08203125 0.13671875
29 0.309375 0.4546875 0.0609375 0.13046875
29 0.1515625 0.71875 0.06640625 0.15859375
29 0.27890625 0.71953125 0.0625 0.14921875
29 0.440625 0.71953125 0.07109375 0.13984375
29 0.5984375 0.72109375 0.071875 0.1375
29 0.759375 0.73203125 0.0828125 0.14375
29 0.60546875 0.20546875 0.06875 0.109375
29 0.471875 0.20625 0.0625 0.11171875
29 0.228125 0.209375 0.06875 0.115625
29 0.35234375 0.21328125 0.06328125 0.1109375
29 0.734375 0.215625 0.06875 0.11171875