22 0.5578125 0.8265625 0.134375 0.071875
22 0.55078125 0.6984375 0.159375 0.0765625
22 0.54921875 0.5765625 0.146875 0.08125
22 0.53984375 0.434375 0.1609375 0.0953125
22 0.4984375 0.2078125 0.18125 0.115625
22 0.359375 0.840625 0.13125 0.0703125
22 0.3328125 0.71953125 0.1625 0.084375
22 0.29765625 0.59921875 0.1640625 0.090625
22 0.25625 0.45703125 0.15625 0.1125
22 0.196875 0.25390625 0.184375 0.13125
22 0.80703125 0.19375 0.19375 0.134375
22 0.79921875 0.55625 0.171875 0.090625
22 0.79765625 0.4140625 0.196875 0.1140625
22 0.79609375 0.6859375 0.1375 0.0765625
22 0.790625 0.7984375 0.134375 0.06875