11 0.48046875 0.23828125 0.084375 0.14140625
11 0.128125 0.2390625 0.0921875 0.1328125
11 0.65703125 0.24375 0.090625 0.134375
11 0.8265625 0.25390625 0.084375 0.140625
11 0.13828125 0.47109375 0.1 0.12109375
11 0.32109375 0.478125 0.10703125 0.121875
11 0.515625 0.4796875 0.090625 0.10703125
11 0.6984375 0.4796875 0.0890625 0.10703125
11 0.86015625 0.50546875 0.084375 0.1203125
11 0.71015625 0.69140625 0.08359375 0.13984375
11 0.85859375 0.70078125 0.07734375 0.11484375
11 0.53046875 0.71015625 0.084375 0.11484375
11 0.3359375 0.72265625 0.08828125 0.11171875
11 0.1640625 0.7234375 0.0875 0.128125
11 0.303125 0.23359375 0.08125 0.140625