22 0.565625 0.78046875 0.1453125 0.1125
22 0.55 0.61015625 0.134375 0.09375
22 0.52734375 0.45546875 0.1359375 0.0875
22 0.50234375 0.31484375 0.1546875 0.103125
22 0.49453125 0.1421875 0.1609375 0.09375
22 0.31875 0.77265625 0.1265625 0.1078125
22 0.31015625 0.6046875 0.125 0.09375
22 0.296875 0.4671875 0.1328125 0.090625
22 0.278125 0.31875 0.13125 0.0890625
22 0.2359375 0.15 0.146875 0.1
22 0.81640625 0.778125 0.1453125 0.103125
22 0.81171875 0.62265625 0.14375 0.10625
22 0.80546875 0.46015625 0.1625 0.1125
22 0.80234375 0.3015625 0.1734375 0.1
22 0.78671875 0.134375 0.165625 0.09375