22 0.78671875 0.2921875 0.0828125 0.13984375
22 0.15625 0.3 0.11640625 0.13828125
22 0.6359375 0.303125 0.084375 0.1296875
22 0.3453125 0.3078125 0.10234375 0.14921875
22 0.50078125 0.32109375 0.08984375 0.11875
22 0.80078125 0.53828125 0.071875 0.11953125
22 0.675 0.5546875 0.08828125 0.115625
22 0.540625 0.56875 0.07734375 0.11015625
22 0.16875 0.58203125 0.08515625 0.140625
22 0.32734375 0.58671875 0.0921875 0.12265625
22 0.7859375 0.7359375 0.07109375 0.1109375
22 0.68125 0.74453125 0.0859375 0.1046875
22 0.54453125 0.7515625 0.084375 0.121875
22 0.3453125 0.790625 0.09921875 0.115625
22 0.20078125 0.79375 0.096875 0.1234375