11 0.1875 0.2375 0.05859375 0.14375
11 0.421875 0.43203125 0.078125 0.12578125
11 0.55546875 0.43515625 0.0828125 0.134375
11 0.1984375 0.44140625 0.05546875 0.10859375
11 0.309375 0.44296875 0.065625 0.1234375
11 0.703125 0.446875 0.1015625 0.1453125
11 0.21640625 0.61953125 0.0578125 0.13828125
11 0.3125 0.6265625 0.06171875 0.1265625
11 0.40625 0.63984375 0.06953125 0.13203125
11 0.5390625 0.65703125 0.1015625 0.13515625
11 0.67578125 0.6640625 0.0921875 0.1546875
11 0.69453125 0.184375 0.10390625 0.17734375
11 0.52578125 0.19453125 0.07890625 0.16640625
11 0.41484375 0.21015625 0.07265625 0.153125
11 0.2984375 0.2265625 0.0671875 0.16015625