20 0.81875 0.425 0.07578125 0.1671875
20 0.715625 0.43125 0.0953125 0.1703125
20 0.5890625 0.44140625 0.0859375 0.18046875
20 0.28046875 0.4421875 0.10234375 0.175
20 0.45 0.44921875 0.08984375 0.17265625
20 0.840625 0.67890625 0.08359375 0.17578125
20 0.73515625 0.709375 0.0921875 0.16484375
20 0.4703125 0.72265625 0.103125 0.1828125
20 0.28828125 0.7234375 0.10546875 0.2078125
20 0.61015625 0.7296875 0.1140625 0.1921875
20 0.26875 0.1578125 0.11640625 0.19296875
20 0.440625 0.171875 0.0859375 0.16875
20 0.578125 0.178125 0.08828125 0.171875
20 0.690625 0.18125 0.08046875 0.1734375
20 0.79765625 0.1828125 0.06484375 0.1625