95 0.84765625 0.23671875 0.0734375 0.13828125
95 0.875 0.44765625 0.07109375 0.12265625
95 0.77890625 0.45 0.0984375 0.1453125
95 0.6515625 0.465625 0.1109375 0.15390625
95 0.50859375 0.4984375 0.12890625 0.15703125
95 0.328125 0.51328125 0.15625 0.17265625
95 0.88125 0.65390625 0.08046875 0.12890625
95 0.78515625 0.671875 0.0828125 0.1375
95 0.6609375 0.72265625 0.1125 0.14921875
95 0.53515625 0.78125 0.10859375 0.14453125
95 0.35546875 0.82578125 0.18046875 0.21875
95 0.2703125 0.16953125 0.16796875 0.1921875
95 0.4703125 0.203125 0.1453125 0.17890625
95 0.634375 0.209375 0.11328125 0.13984375
95 0.7453125 0.21796875 0.0875 0.1375