7 0.553125 0.46015625 0.07421875 0.146875
7 0.69296875 0.46640625 0.0890625 0.1453125
7 0.42109375 0.47109375 0.06484375 0.121875
7 0.28984375 0.478125 0.0703125 0.159375
7 0.16171875 0.47890625 0.0609375 0.14296875
7 0.153125 0.715625 0.05390625 0.1359375
7 0.27421875 0.74453125 0.0671875 0.13203125
7 0.41328125 0.7640625 0.06953125 0.13828125
7 0.54609375 0.775 0.07421875 0.1421875
7 0.6890625 0.79921875 0.08828125 0.1515625
7 0.6984375 0.17734375 0.08125 0.15078125
7 0.54765625 0.1859375 0.08828125 0.140625
7 0.415625 0.1875 0.0703125 0.153125
7 0.28203125 0.20859375 0.0640625 0.1296875
7 0.165625 0.2296875 0.06171875 0.14375