2 0.36171875 0.27890625 0.0625 0.1578125
2 0.1515625 0.28828125 0.07265625 0.1578125
2 0.53671875 0.29453125 0.07109375 0.165625
2 0.7359375 0.303125 0.065625 0.1671875
2 0.9 0.321875 0.06875 0.19375
2 0.559375 0.55625 0.0625 0.15703125
2 0.1765625 0.559375 0.075 0.15625
2 0.390625 0.5609375 0.06328125 0.14921875
2 0.74140625 0.58125 0.06328125 0.13828125
2 0.9109375 0.5921875 0.06796875 0.15390625
2 0.56953125 0.82578125 0.0546875 0.13046875
2 0.41328125 0.83359375 0.05625 0.13125
2 0.725 0.83359375 0.05859375 0.1453125
2 0.8609375 0.83515625 0.05546875 0.13125
2 0.20390625 0.84375 0.05625 0.1359375