28 0.78671875 0.45078125 0.0828125 0.16171875
28 0.646875 0.46328125 0.10234375 0.14375
28 0.471875 0.478125 0.08515625 0.159375
28 0.2578125 0.49921875 0.0796875 0.16328125
28 0.13046875 0.503125 0.090625 0.1859375
28 0.796875 0.71796875 0.09375 0.13984375
28 0.65 0.7375 0.11171875 0.15
28 0.46875 0.7484375 0.0859375 0.15
28 0.2953125 0.78515625 0.09140625 0.1671875
28 0.14453125 0.79375 0.1 0.1609375
28 0.115625 0.16015625 0.0984375 0.178125
28 0.28359375 0.16328125 0.0890625 0.17890625
28 0.78984375 0.16484375 0.08203125 0.14140625
28 0.6640625 0.17265625 0.08046875 0.17109375
28 0.49765625 0.18359375 0.0859375 0.16875