36 0.64375 0.31796875 0.0859375 0.103125
36 0.509375 0.31875 0.103125 0.1046875
36 0.35859375 0.32109375 0.10546875 0.10859375
36 0.20546875 0.321875 0.11953125 0.10625
36 0.76171875 0.32890625 0.09296875 0.09609375
36 0.64765625 0.52265625 0.12109375 0.11640625
36 0.16640625 0.5234375 0.10625 0.11796875
36 0.325 0.5234375 0.11171875 0.109375
36 0.8 0.525 0.11875 0.11171875
36 0.48046875 0.53671875 0.11640625 0.121875
36 0.65234375 0.73984375 0.1375 0.1453125
36 0.47421875 0.74296875 0.12109375 0.13828125
36 0.8359375 0.74609375 0.1484375 0.13984375
36 0.2984375 0.74921875 0.121875 0.1265625
36 0.12890625 0.75703125 0.11171875 0.1375