9 0.534375 0.1203125 0.18125 0.084375
9 0.528125 0.2875 0.19375 0.090625
9 0.5203125 0.43828125 0.228125 0.109375
9 0.51875 0.59609375 0.203125 0.10625
9 0.509375 0.7828125 0.1984375 0.125
9 0.2140625 0.7875 0.2375 0.109375
9 0.203125 0.28828125 0.2375 0.1
9 0.19921875 0.6171875 0.253125 0.0921875
9 0.1984375 0.45546875 0.259375 0.09375
9 0.19609375 0.10078125 0.2359375 0.1046875
9 0.809375 0.42265625 0.178125 0.08125
9 0.80859375 0.26171875 0.175 0.0875
9 0.80625 0.11015625 0.1703125 0.0890625
9 0.80546875 0.5828125 0.1765625 0.090625
9 0.78671875 0.75546875 0.1953125 0.103125