20 0.6754807692307693 0.2620192307692308 0.06370192307692307 0.16947115384615385
20 0.7776442307692307 0.2860576923076923 0.055288461538461536 0.14302884615384615
20 0.3954326923076923 0.49759615384615385 0.10216346153846154 0.17668269230769232
20 0.16706730769230768 0.5024038461538461 0.13581730769230768 0.22355769230769232
20 0.5588942307692307 0.5036057692307693 0.07932692307692307 0.15384615384615385
20 0.6826923076923077 0.5060096153846154 0.06490384615384616 0.15384615384615385
20 0.7884615384615384 0.5072115384615384 0.04927884615384615 0.12379807692307693
20 0.7872596153846154 0.7175480769230769 0.039663461538461536 0.10216346153846154
20 0.6935096153846154 0.7391826923076923 0.06129807692307692 0.12740384615384615
20 0.5637019230769231 0.7620192307692307 0.07091346153846154 0.16346153846153846
20 0.4098557692307692 0.7860576923076923 0.09375 0.17668269230769232
20 0.16706730769230768 0.8641826923076923 0.14783653846153846 0.20552884615384615
20 0.1778846153846154 0.13942307692307693 0.13942307692307693 0.234375
20 0.38221153846153844 0.18629807692307693 0.09375 0.20793269230769232
20 0.5444711538461539 0.22355769230769232 0.08774038461538461 0.1778846153846154