20 0.77890625 0.2390625 0.10703125 0.22265625
20 0.6375 0.25078125 0.10546875 0.21171875
20 0.5015625 0.2609375 0.090625 0.18671875
20 0.36875 0.2640625 0.09765625 0.16640625
20 0.20625 0.278125 0.10625 0.17578125
20 0.76171875 0.51015625 0.09375 0.18984375
20 0.63671875 0.51875 0.1109375 0.190625
20 0.50078125 0.53828125 0.0953125 0.178125
20 0.35859375 0.5390625 0.1171875 0.17734375
20 0.21171875 0.5390625 0.11171875 0.16875
20 0.7546875 0.75234375 0.096875 0.1734375
20 0.640625 0.7578125 0.10234375 0.16484375
20 0.509375 0.76171875 0.103125 0.16796875
20 0.37265625 0.76640625 0.1140625 0.16015625
20 0.22890625 0.76640625 0.1203125 0.14375