12 0.09765625 0.24453125 0.128125 0.18671875
12 0.809375 0.45625 0.10546875 0.15390625
12 0.6515625 0.46328125 0.1265625 0.13984375
12 0.47109375 0.49140625 0.11484375 0.1453125
12 0.30234375 0.5125 0.13046875 0.15859375
12 0.1171875 0.52578125 0.12890625 0.15078125
12 0.809375 0.684375 0.11328125 0.11953125
12 0.66015625 0.696875 0.115625 0.1375
12 0.48984375 0.715625 0.1171875 0.1328125
12 0.3125 0.74140625 0.11953125 0.1421875
12 0.14140625 0.76171875 0.11015625 0.128125
12 0.63046875 0.21484375 0.1203125 0.13984375
12 0.7875 0.22109375 0.096875 0.15
12 0.45859375 0.228125 0.12578125 0.16640625
12 0.2859375 0.23203125 0.13828125 0.1703125