5 0.66484375 0.39921875 0.078125 0.1625
5 0.7890625 0.40625 0.07265625 0.1671875
5 0.5078125 0.421875 0.075 0.159375
5 0.36171875 0.43359375 0.071875 0.15078125
5 0.15703125 0.4609375 0.0734375 0.153125
5 0.79609375 0.66875 0.07265625 0.18203125
5 0.67265625 0.67265625 0.084375 0.18125
5 0.49765625 0.6953125 0.08203125 0.184375
5 0.35625 0.6984375 0.07890625 0.17578125
5 0.15390625 0.7078125 0.08359375 0.2046875
5 0.53359375 0.16796875 0.06328125 0.1234375
5 0.6640625 0.17265625 0.0796875 0.15625
5 0.77578125 0.1765625 0.0703125 0.13671875
5 0.18203125 0.1828125 0.08046875 0.16640625
5 0.3921875 0.184375 0.06953125 0.146875