16 0.2578125 0.25 0.053125 0.1125
16 0.1703125 0.2640625 0.04765625 0.096875
16 0.4890625 0.43671875 0.06484375 0.10546875
16 0.3765625 0.4375 0.053125 0.1015625
16 0.625 0.440625 0.078125 0.12421875
16 0.284375 0.4578125 0.0546875 0.1140625
16 0.20625 0.46796875 0.04375 0.0984375
16 0.31171875 0.64921875 0.04609375 0.08671875
16 0.23515625 0.6515625 0.04140625 0.08828125
16 0.4140625 0.65859375 0.05546875 0.0984375
16 0.509375 0.6671875 0.0515625 0.10625
16 0.63046875 0.69609375 0.06640625 0.1125
16 0.6328125 0.1953125 0.07578125 0.1515625
16 0.484375 0.21796875 0.0609375 0.128125
16 0.36328125 0.23359375 0.065625 0.115625