5 0.3859375 0.2375 0.0671875 0.165625
5 0.540625 0.2390625 0.0640625 0.1625
5 0.6796875 0.25234375 0.078125 0.159375
5 0.78671875 0.26015625 0.06171875 0.16953125
5 0.184375 0.4984375 0.0609375 0.16015625
5 0.65 0.5 0.06484375 0.1796875
5 0.3453125 0.503125 0.05625 0.14375
5 0.50546875 0.50703125 0.0578125 0.1703125
5 0.7703125 0.51171875 0.06953125 0.1640625
5 0.1546875 0.74296875 0.06171875 0.16796875
5 0.49765625 0.75 0.059375 0.16171875
5 0.321875 0.7546875 0.059375 0.15234375
5 0.64296875 0.75625 0.06484375 0.18359375
5 0.78671875 0.7625 0.065625 0.1859375
5 0.2171875 0.2265625 0.071875 0.15859375