34 0.2578125 0.26171875 0.084375 0.1140625
34 0.38359375 0.27265625 0.07265625 0.11171875
34 0.51171875 0.2828125 0.071875 0.1015625
34 0.64296875 0.28359375 0.0828125 0.1078125
34 0.77578125 0.28828125 0.0859375 0.1140625
34 0.1765625 0.490625 0.0921875 0.14609375
34 0.7015625 0.5015625 0.084375 0.13828125
34 0.8375 0.50703125 0.09453125 0.12734375
34 0.5765625 0.50859375 0.0796875 0.13203125
34 0.30390625 0.51171875 0.08359375 0.13828125
34 0.7015625 0.725 0.0953125 0.13046875
34 0.51640625 0.725 0.0890625 0.1359375
34 0.87265625 0.72890625 0.09453125 0.1171875
34 0.303125 0.73671875 0.09609375 0.15859375
34 0.1546875 0.740625 0.09296875 0.13984375