19 0.565625 0.45390625 0.1109375 0.12109375
19 0.77265625 0.4671875 0.1453125 0.16640625
19 0.39921875 0.47265625 0.0875 0.1484375
19 0.26484375 0.47578125 0.0734375 0.1265625
19 0.1359375 0.4859375 0.09375 0.1328125
19 0.15234375 0.790625 0.078125 0.115625
19 0.29765625 0.81640625 0.0953125 0.13046875
19 0.4421875 0.82265625 0.10625 0.13359375
19 0.6078125 0.8390625 0.10859375 0.15703125
19 0.7765625 0.8625 0.10078125 0.15625
19 0.7609375 0.13828125 0.12890625 0.1765625
19 0.54609375 0.17109375 0.1203125 0.1625
19 0.3703125 0.18359375 0.096875 0.13046875
19 0.2390625 0.20078125 0.0765625 0.11875
19 0.1234375 0.21875 0.0734375 0.1125