9 0.6140625 0.24609375 0.08359375 0.17109375
9 0.7875 0.25 0.0953125 0.1828125
9 0.44921875 0.25078125 0.08203125 0.16171875
9 0.2703125 0.25546875 0.090625 0.1609375
9 0.14140625 0.2578125 0.08046875 0.15234375
9 0.146875 0.5109375 0.07734375 0.14609375
9 0.47421875 0.515625 0.08125 0.19765625
9 0.30625 0.5265625 0.08125 0.190625
9 0.6359375 0.5328125 0.08828125 0.2078125
9 0.803125 0.5390625 0.06953125 0.2109375
9 0.14375 0.809375 0.075 0.16796875
9 0.29609375 0.81328125 0.08203125 0.1796875
9 0.47734375 0.8140625 0.07421875 0.18125
9 0.63984375 0.81875 0.08828125 0.190625
9 0.7859375 0.83125 0.08125 0.20234375