10 0.17668269230769232 0.33653846153846156 0.07451923076923077 0.13701923076923078
10 0.3389423076923077 0.33774038461538464 0.08173076923076923 0.1466346153846154
10 0.4963942307692308 0.33774038461538464 0.07692307692307693 0.13822115384615385
10 0.6538461538461539 0.3545673076923077 0.08052884615384616 0.14302884615384615
10 0.8040865384615384 0.3557692307692308 0.08774038461538461 0.15264423076923078
10 0.19230769230769232 0.6033653846153846 0.07692307692307693 0.13822115384615385
10 0.3125 0.6081730769230769 0.07211538461538461 0.12620192307692307
10 0.4519230769230769 0.6141826923076923 0.07211538461538461 0.13221153846153846
10 0.5841346153846154 0.6141826923076923 0.07211538461538461 0.125
10 0.75 0.625 0.07932692307692307 0.12860576923076922
10 0.7271634615384616 0.8173076923076923 0.07932692307692307 0.12740384615384615
10 0.5709134615384616 0.8197115384615384 0.07572115384615384 0.11177884615384616
10 0.44591346153846156 0.8245192307692307 0.06370192307692307 0.11899038461538461
10 0.19591346153846154 0.8317307692307693 0.07451923076923077 0.11658653846153846
10 0.32211538461538464 0.8329326923076923 0.0625 0.1141826923076923