90 0.221875 0.2984375 0.09140625 0.1078125
90 0.38671875 0.3015625 0.1015625 0.10625
90 0.67890625 0.31015625 0.0875 0.1
90 0.525 0.31171875 0.08671875 0.10390625
90 0.82109375 0.31875 0.084375 0.1015625
90 0.5328125 0.53671875 0.096875 0.12109375
90 0.37109375 0.540625 0.0921875 0.1140625
90 0.68359375 0.540625 0.0921875 0.12109375
90 0.83125 0.540625 0.078125 0.1171875
90 0.203125 0.54609375 0.08984375 0.11796875
90 0.5234375 0.7703125 0.084375 0.121875
90 0.8390625 0.77421875 0.0859375 0.1171875
90 0.68984375 0.77578125 0.0875 0.1265625
90 0.346875 0.778125 0.09921875 0.13984375
90 0.171875 0.7984375 0.0875 0.14453125