30 0.6875 0.2390625 0.10234375 0.13671875
30 0.84296875 0.246875 0.09296875 0.1203125
30 0.50234375 0.4890625 0.08515625 0.12265625
30 0.33984375 0.48984375 0.10234375 0.1390625
30 0.159375 0.49609375 0.1046875 0.1390625
30 0.66953125 0.496875 0.09375 0.1140625
30 0.83203125 0.509375 0.0890625 0.115625
30 0.4828125 0.778125 0.09453125 0.125
30 0.33203125 0.78046875 0.09140625 0.1109375
30 0.621875 0.78125 0.09375 0.13046875
30 0.7890625 0.78515625 0.10234375 0.1296875
30 0.159375 0.78671875 0.09296875 0.13125
30 0.17421875 0.20234375 0.1140625 0.134375
30 0.3546875 0.2125 0.10859375 0.125
30 0.515625 0.21484375 0.09609375 0.12265625