7 0.8317307692307693 0.43028846153846156 0.12740384615384615 0.16346153846153846
7 0.5144230769230769 0.43990384615384615 0.09375 0.14903846153846154
7 0.6802884615384616 0.4423076923076923 0.11057692307692307 0.14423076923076922
7 0.33774038461538464 0.453125 0.10216346153846154 0.15625
7 0.1502403846153846 0.4567307692307692 0.07932692307692307 0.14543269230769232
7 0.875 0.6899038461538461 0.10336538461538461 0.14423076923076922
7 0.5264423076923077 0.7067307692307693 0.12860576923076922 0.17427884615384615
7 0.7079326923076923 0.7115384615384616 0.10697115384615384 0.16466346153846154
7 0.35697115384615385 0.7175480769230769 0.1045673076923077 0.14423076923076922
7 0.10576923076923077 0.7572115384615384 0.09735576923076923 0.1814903846153846
7 0.3581730769230769 0.17067307692307693 0.09735576923076923 0.12740384615384615
7 0.5276442307692307 0.17548076923076922 0.09014423076923077 0.109375
7 0.18870192307692307 0.17668269230769232 0.07572115384615384 0.12980769230769232
7 0.6622596153846154 0.1778846153846154 0.09735576923076923 0.12740384615384615
7 0.7956730769230769 0.18269230769230768 0.09375 0.125