6 0.6078125 0.26171875 0.11015625 0.140625
6 0.4765625 0.2796875 0.0875 0.13046875
6 0.365625 0.290625 0.07578125 0.11328125
6 0.259375 0.29921875 0.06484375 0.11796875
6 0.16875 0.303125 0.05703125 0.12109375
6 0.16875 0.52578125 0.04609375 0.128125
6 0.25546875 0.5328125 0.0609375 0.11796875
6 0.3625 0.54453125 0.06953125 0.13203125
6 0.49921875 0.54453125 0.07578125 0.15078125
6 0.6515625 0.57265625 0.0984375 0.165625
6 0.17265625 0.71171875 0.046875 0.1140625
6 0.259375 0.728125 0.05546875 0.1421875
6 0.37109375 0.75078125 0.07734375 0.13515625
6 0.49921875 0.784375 0.07578125 0.1421875
6 0.6703125 0.84453125 0.11484375 0.1578125