2 0.47265625 0.24921875 0.06953125 0.1578125
2 0.3265625 0.25703125 0.07421875 0.15390625
2 0.171875 0.26328125 0.06640625 0.14375
2 0.7828125 0.51796875 0.05390625 0.14765625
2 0.6265625 0.52109375 0.0546875 0.153125
2 0.50390625 0.53828125 0.0546875 0.134375
2 0.378125 0.55390625 0.06640625 0.146875
2 0.20078125 0.5546875 0.0625 0.15390625
2 0.80859375 0.78046875 0.05625 0.146875
2 0.678125 0.79140625 0.05703125 0.15546875
2 0.54921875 0.8046875 0.059375 0.13515625
2 0.40546875 0.82734375 0.07421875 0.128125
2 0.23046875 0.84140625 0.06015625 0.12578125
2 0.771875 0.22578125 0.0640625 0.15078125
2 0.6078125 0.228125 0.05625 0.15078125