27 0.8125 0.31490384615384615 0.07932692307692307 0.11177884615384616
27 0.6574519230769231 0.3173076923076923 0.07572115384615384 0.1201923076923077
27 0.4831730769230769 0.32211538461538464 0.0829326923076923 0.12980769230769232
27 0.33653846153846156 0.328125 0.09134615384615384 0.09495192307692307
27 0.14903846153846154 0.33413461538461536 0.09975961538461539 0.11658653846153846
27 0.7632211538461539 0.49038461538461536 0.06971153846153846 0.09375
27 0.6358173076923077 0.5060096153846154 0.06490384615384616 0.0889423076923077
27 0.49038461538461536 0.5192307692307693 0.06971153846153846 0.09615384615384616
27 0.3605769230769231 0.5336538461538461 0.07932692307692307 0.09254807692307693
27 0.20552884615384615 0.5408653846153846 0.09014423076923077 0.09735576923076923
27 0.6310096153846154 0.6418269230769231 0.06129807692307692 0.08173076923076923
27 0.7427884615384616 0.6418269230769231 0.0625 0.08173076923076923
27 0.5096153846153846 0.6634615384615384 0.06490384615384616 0.06850961538461539
27 0.3942307692307692 0.6730769230769231 0.06490384615384616 0.06971153846153846
27 0.2439903846153846 0.6935096153846154 0.07692307692307693 0.07211538461538461