26 0.6658653846153846 0.4735576923076923 0.109375 0.13581730769230768
26 0.3245192307692308 0.47475961538461536 0.13221153846153846 0.15264423076923078
26 0.14182692307692307 0.4807692307692308 0.10697115384615384 0.1658653846153846
26 0.5060096153846154 0.4831730769230769 0.11057692307692307 0.15865384615384615
26 0.8245192307692307 0.5060096153846154 0.12139423076923077 0.17668269230769232
26 0.32572115384615385 0.7740384615384616 0.10697115384615384 0.13942307692307693
26 0.1502403846153846 0.7800480769230769 0.11658653846153846 0.15745192307692307
26 0.49399038461538464 0.7896634615384616 0.09975961538461539 0.14903846153846154
26 0.6658653846153846 0.7992788461538461 0.10216346153846154 0.13822115384615385
26 0.8269230769230769 0.8233173076923077 0.11538461538461539 0.1622596153846154
26 0.49038461538461536 0.18990384615384615 0.1141826923076923 0.14903846153846154
26 0.15384615384615385 0.1935096153846154 0.11658653846153846 0.15144230769230768
26 0.6490384615384616 0.1935096153846154 0.11298076923076923 0.14302884615384615
26 0.3233173076923077 0.1971153846153846 0.12259615384615384 0.15745192307692307
26 0.8353365384615384 0.203125 0.12379807692307693 0.15985576923076922