20 0.67578125 0.81171875 0.1125 0.0796875
20 0.671875 0.6609375 0.1203125 0.075
20 0.66875 0.48671875 0.1296875 0.0828125
20 0.66484375 0.3390625 0.0984375 0.090625
20 0.6546875 0.159375 0.115625 0.1
20 0.49921875 0.76484375 0.09375 0.06875
20 0.4921875 0.63828125 0.090625 0.065625
20 0.47421875 0.4984375 0.096875 0.0703125
20 0.459375 0.36328125 0.09375 0.0796875
20 0.45078125 0.2125 0.096875 0.090625
20 0.35859375 0.74296875 0.08125 0.0625
20 0.3515625 0.63046875 0.08125 0.0625
20 0.33125 0.5125 0.06875 0.065625
20 0.31953125 0.39921875 0.0703125 0.0640625
20 0.30390625 0.24765625 0.071875 0.078125