1 0.221046875 0.24260700389105058 0.03446875 0.0991828793774319
1 0.182765625 0.46626459143968874 0.032968750000000005 0.13285992217898834
1 0.979140625 0.27112840466926075 0.027328124999999998 0.10560311284046693
2 0.29240625 0.24918287937743194 0.048828125 0.08455252918287938
2 0.26603125 0.46348249027237354 0.067359375 0.11249027237354085
3 0.35095312500000003 0.2527237354085603 0.05390625 0.08149805447470818
3 0.387203125 0.474124513618677 0.053078125 0.12365758754863813
4 0.428734375 0.25488326848249027 0.0465625 0.09342412451361869
4 0.7500625000000001 0.6843579766536965 0.061984375 0.11307392996108949
5 0.50428125 0.25387159533073933 0.0388125 0.09140077821011673
5 0.49400000000000005 0.47577821011673155 0.052859375 0.11428015564202335
5 0.627484375 0.6626848249027237 0.05304687500000001 0.08745136186770429
6 0.57728125 0.2492996108949416 0.03615625 0.0822568093385214
6 0.6024375 0.49416342412451364 0.039609375 0.10793774319066148
6 0.40909375 0.6657198443579767 0.041875 0.10367704280155642
6 0.3120625 0.6662256809338521 0.045359375 0.09455252918287937
7 0.703734375 0.5084824902723736 0.0731875 0.12392996108949417
7 0.65821875 0.25628404669260696 0.06159375 0.09875486381322957
7 0.96153125 0.676887159533074 0.0674375 0.09556420233463035
8 0.73275 0.2597081712062257 0.055874999999999994 0.09799610894941634
8 0.839453125 0.5053307392996109 0.057484375 0.13027237354085602
8 0.8506562499999999 0.6804280155642024 0.059515625 0.10266536964980545
9 0.8190937500000001 0.26249027237354083 0.057484375 0.11877431906614785
9 0.9463593749999999 0.5186381322957199 0.07171875 0.12392996108949417
9 0.494203125 0.651011673151751 0.057343750000000006 0.08439688715953308
9 0.13999999999999999 0.6472178988326849 0.047421875 0.11229571984435797
9 0.22490625 0.6524124513618677 0.05840625000000001 0.11001945525291829
0 0.8960625 0.26680933852140076 0.058296875000000005 0.08784046692607003
2 0.1736875 0.8561673151750973 0.093640625 0.13178988326848248
3 0.28759375 0.8822373540856032 0.0558125 0.14503891050583656
4 0.409765625 0.8931322957198443 0.068921875 0.12013618677042802
5 0.5200781250000001 0.889046692607004 0.04578125 0.11585603112840466
6 0.64834375 0.9163035019455253 0.0491875 0.12363813229571984
7 0.756609375 0.9098832684824902 0.075109375 0.13025291828793775
8 0.890046875 0.8968287937743191 0.060703125000000004 0.11585603112840466