99 0.22109375 0.1234375 0.0328125 0.06953125
76 0.271875 0.09375 0.0640625 0.07109375
99 0.39453125 0.10703125 0.0375 0.0296875
76 0.45546875 0.09375 0.05390625 0.0671875
76 0.63515625 0.08515625 0.06015625 0.06484375
99 0.75234375 0.09765625 0.053125 0.040625
76 0.8078125 0.08203125 0.0546875 0.06171875
76 0.2734375 0.215625 0.0609375 0.06484375
76 0.45546875 0.2140625 0.065625 0.07109375
76 0.64140625 0.20625 0.06015625 0.0703125
99 0.76796875 0.22109375 0.05546875 0.04453125
76 0.8234375 0.203125 0.0515625 0.0640625
76 0.26796875 0.2984375 0.06015625 0.075
99 0.40234375 0.3125 0.03125 0.03359375
76 0.4578125 0.2953125 0.05625 0.06953125
76 0.6546875 0.28828125 0.06875 0.0703125
76 0.84375 0.2828125 0.065625 0.0671875
76 0.27265625 0.3828125 0.07109375 0.07890625
99 0.403125 0.39921875 0.02890625 0.0421875
76 0.46015625 0.38046875 0.06640625 0.075
76 0.6625 0.371875 0.07421875 0.06796875
76 0.86875 0.36796875 0.0796875 0.07109375
76 0.67578125 0.46484375 0.0765625 0.07109375
76 0.87890625 0.45703125 0.07578125 0.0796875
76 0.25859375 0.5203125 0.07578125 0.07578125
76 0.4578125 0.51875 0.065625 0.0859375
76 0.246875 0.62578125 0.06640625 0.0890625
76 0.47578125 0.61640625 0.07578125 0.0828125
76 0.69609375 0.609375 0.0921875 0.0890625
76 0.90390625 0.60390625 0.065625 0.09453125
76 0.2328125 0.73671875 0.0703125 0.09609375
76 0.46875 0.72734375 0.08203125 0.10625
76 0.70390625 0.72421875 0.0796875 0.09296875
76 0.2296875 0.86171875 0.075 0.10078125
76 0.47421875 0.8515625 0.08984375 0.1078125
99 0.2125 0.22734375 0.04140625 0.04296875
99 0.5765625 0.103125 0.0453125 0.0375
99 0.39140625 0.23046875 0.05546875 0.04609375
99 0.5828125 0.225 0.04765625 0.03359375
99 0.203125 0.3078125 0.03984375 0.0484375
99 0.5875 0.30703125 0.0390625 0.03515625
99 0.784375 0.3046875 0.03984375 0.0375
99 0.2015625 0.3984375 0.0390625 0.04765625
99 0.59453125 0.39375 0.05 0.04609375
99 0.8 0.3828125 0.04453125 0.03984375
99 0.18828125 0.53515625 0.02578125 0.03984375
99 0.39765625 0.534375 0.04296875 0.0390625
99 0.60390625 0.47734375 0.046875 0.04453125
99 0.8109375 0.47421875 0.046875 0.03515625
99 0.17578125 0.6421875 0.04140625 0.046875
99 0.4 0.6375 0.03515625 0.04375
99 0.62109375 0.63125 0.028125 0.0328125
99 0.84453125 0.62421875 0.0234375 0.0296875
99 0.15859375 0.75859375 0.03046875 0.05078125
99 0.39609375 0.74609375 0.028125 0.0421875
99 0.628125 0.74296875 0.0390625 0.0484375
99 0.15078125 0.88203125 0.04140625 0.05703125
99 0.39296875 0.88046875 0.05 0.05703125
83 0.6453125 0.9046875 0.04375 0.06796875