10 0.941078125 0.9524687500000001 0.07800000000000011 0.05521874999999987
11 0.80221875 0.9524687500000001 0.04710937500000014 0.05521874999999987
12 0.737578125 0.943484375 0.07093749999999996 0.04974999999999987
13 0.645203125 0.939578125 0.06428124999999998 0.057578124999999855
14 0.56396875 0.935671875 0.070515625 0.06539062499999986
15 0.48448437499999997 0.9315625000000001 0.061515625000000004 0.06968749999999986
16 0.39854687499999997 0.9204218750000001 0.07712500000000003 0.07243749999999985
17 0.31671875 0.9155468750000001 0.05718750000000004 0.07829687499999985
18 0.23489062499999996 0.9098750000000001 0.06850000000000005 0.08571874999999984
19 0.14270312500000007 0.8960000000000001 0.08098437499999989 0.10174999999999983
20 0.929171875 0.8707968749999999 0.08229687500000012 0.07010937499999984
21 0.8301562499999999 0.87021875 0.08110937500000012 0.07520312500000018
22 0.74734375 0.8717812500000001 0.07484374999999996 0.07206249999999984
23 0.65965625 0.8561562500000001 0.07443749999999998 0.05645312500000017
24 0.5836875 0.8477499999999999 0.05059374999999999 0.06153125000000017
25 0.50615625 0.846578125 0.061125000000000006 0.07168750000000017
26 0.434671875 0.8479375000000001 0.07126562500000003 0.0806874999999998
27 0.34503125 0.8422812499999999 0.06695312500000003 0.05684375000000017
28 0.26046874999999997 0.8372031249999999 0.07593750000000003 0.0748281249999998
29 0.18743750000000006 0.8397343750000001 0.05795312499999987 0.0736562499999998
30 0.913546875 0.787578125 0.08228125000000013 0.07251562499999994
31 0.8094531249999999 0.7965625000000001 0.08343750000000014 0.06234374999999996
32 0.69578125 0.785625 0.09982812499999998 0.06860937499999994
33 0.5868125 0.777015625 0.059968749999999994 0.08579687500000013
34 0.48878125 0.7701874999999999 0.07635937500000001 0.056500000000000127
35 0.413578125 0.7609999999999999 0.06657812500000002 0.07878125000000011
36 0.9561249999999999 0.624234375 0.06745312500000011 0.10229687500000004
37 0.837765625 0.629515625 0.07759375000000013 0.08784375000000004
38 0.71434375 0.62384375 0.09006249999999998 0.09526562500000005
39 0.599703125 0.618765625 0.07949999999999999 0.09760937500000004
40 0.497359375 0.61428125 0.07479687500000001 0.06362500000000004
41 0.4085 0.6156406249999999 0.06892187500000002 0.11950000000000002
42 0.31359375 0.586328125 0.06343750000000004 0.12342187500000001
43 0.255203125 0.61115625 0.04351562500000004 0.10110937500000006
44 0.21848437499999998 0.615859375 0.02318750000000005 0.07610937500000006
45 0.18332812500000006 0.596703125 0.05912499999999987 0.10659375000000004
46 0.9397187499999999 0.43709375 0.08464062500000011 0.09379687499999996
47 0.8535937499999999 0.454859375 0.04985937500000013 0.11682812499999998
48 0.706328125 0.443140625 0.11779687499999998 0.07776562499999998
49 0.57509375 0.438265625 0.06778124999999999 0.08362499999999998
50 0.48409375 0.44139062500000004 0.070109375 0.06174999999999997
51 0.404796875 0.44803125 0.06462500000000002 0.10315624999999998
52 0.329609375 0.44139062500000004 0.07046875000000004 0.09299999999999997
53 0.24660937499999996 0.45175 0.06068750000000005 0.07620312499999997
54 0.15637500000000007 0.44665625000000003 0.07707812499999989 0.09417187499999997
55 0.07943750000000005 0.454484375 0.06692187499999988 0.09417187499999997
56 0.9397187499999999 0.271609375 0.08464062500000011 0.08490625000000004
57 0.8094531249999999 0.271609375 0.08343750000000014 0.06926562500000007
58 0.70340625 0.270828125 0.09631249999999998 0.08646875000000005
59 0.554 0.27825 0.09434374999999999 0.07942187500000006
60 0.44034375 0.25421875 0.07946875000000002 0.13140625000000003
61 0.35675 0.27785937499999996 0.05915625000000002 0.07239062500000007
0 0.9611875 0.06764062499999994 0.06510937500000011 0.08657812500000013
1 0.8555468749999999 0.07057812499999994 0.05376562500000013 0.09243750000000013
2 0.7575000000000001 0.06412499999999995 0.07015624999999996 0.08579687500000013
3 0.638765625 0.06490624999999994 0.088875 0.09987500000000012
4 0.518453125 0.06901562499999994 0.07948437500000001 0.09556250000000013
5 0.417296875 0.09031249999999993 0.07087500000000002 0.08812500000000015
6 0.310265625 0.10359374999999993 0.06617187500000003 0.07718750000000014
7 0.213015625 0.10965624999999993 0.06537500000000004 0.07679687500000014
8 0.12473437500000006 0.12371874999999992 0.07004687499999988 0.07990625000000015
9 0.05990625000000005 0.12742187499999993 0.0590937499999999 0.08420312500000016