10 0.058921875 0.047531250000000004 0.078 0.055218750000000004
11 0.19778125 0.047531250000000004 0.04710937500000001 0.055218750000000004
12 0.26242187499999997 0.056515625 0.07093749999999996 0.04975
13 0.354796875 0.060421875 0.06428124999999998 0.057578124999999994
14 0.43603125 0.064328125 0.070515625 0.065390625
15 0.515515625 0.0684375 0.061515625000000004 0.06968749999999999
16 0.601453125 0.079578125 0.07712500000000003 0.0724375
17 0.6832812500000001 0.08445312499999999 0.05718750000000004 0.07829687499999997
18 0.765109375 0.090125 0.06850000000000005 0.08571875
19 0.857296875 0.10400000000000001 0.08098437499999989 0.10175000000000001
20 0.07082812499999999 0.129203125 0.08229687499999998 0.070109375
21 0.16984375000000002 0.12978125000000001 0.081109375 0.075203125
22 0.25265624999999997 0.12821875 0.07484374999999996 0.0720625
23 0.34034375 0.14384375 0.07443749999999998 0.05645312499999999
24 0.4163125 0.15225 0.05059374999999999 0.061531249999999996
25 0.49384375 0.15342187499999999 0.061125000000000006 0.07168749999999999
26 0.565328125 0.1520625 0.07126562500000003 0.08068749999999998
27 0.65496875 0.15771875 0.06695312500000003 0.05684374999999999
28 0.73953125 0.162796875 0.07593750000000003 0.07482812499999998
29 0.8125625 0.160265625 0.05795312499999987 0.07365624999999998
30 0.08645312499999999 0.21242187499999998 0.08228125 0.07251562499999994
31 0.190546875 0.2034375 0.08343750000000001 0.06234374999999996
32 0.30421875 0.21437499999999998 0.09982812499999998 0.06860937499999994
33 0.4131875 0.222984375 0.059968749999999994 0.08579687500000004
34 0.51121875 0.22981250000000003 0.07635937500000001 0.056500000000000036
35 0.586421875 0.23900000000000002 0.06657812500000002 0.07878125000000002
36 0.043875 0.375765625 0.067453125 0.10229687500000004
37 0.162234375 0.37048437500000003 0.07759374999999999 0.08784375000000004
38 0.28565625 0.37615625 0.09006249999999998 0.09526562500000005
39 0.400296875 0.381234375 0.07949999999999999 0.09760937500000004
40 0.502640625 0.38571875 0.07479687500000001 0.06362500000000004
41 0.5915 0.384359375 0.06892187500000002 0.11950000000000002
42 0.68640625 0.413671875 0.06343750000000004 0.12342187500000001
43 0.744796875 0.38884375000000004 0.04351562500000004 0.10110937500000006
44 0.781515625 0.384140625 0.02318750000000005 0.07610937499999997
45 0.8166718749999999 0.403296875 0.05912499999999987 0.10659375000000004
46 0.060281249999999995 0.5629062499999999 0.08464062499999998 0.09379687499999996
47 0.14640625000000002 0.5451406249999999 0.049859375 0.11682812499999998
48 0.29367187499999997 0.5568593749999999 0.11779687499999998 0.07776562499999998
49 0.42490625 0.561734375 0.06778124999999999 0.08362499999999998
50 0.51590625 0.558609375 0.070109375 0.06174999999999997
51 0.595203125 0.55196875 0.06462500000000002 0.10315624999999998
52 0.670390625 0.558609375 0.07046875000000004 0.09299999999999997
53 0.753390625 0.54825 0.06068750000000005 0.07620312499999997
54 0.843625 0.55334375 0.07707812499999989 0.09417187499999997
55 0.9205625 0.545515625 0.06692187499999988 0.09417187499999997
56 0.060281249999999995 0.7283906250000001 0.08464062499999998 0.08490625000000004
57 0.190546875 0.7283906250000001 0.08343750000000001 0.06926562500000007
58 0.29659375 0.729171875 0.09631249999999998 0.08646875000000005
59 0.446 0.72175 0.09434374999999999 0.07942187500000006
60 0.55965625 0.7457812500000001 0.07946875000000002 0.13140625000000003
61 0.64325 0.722140625 0.05915625000000002 0.07239062500000007
0 0.03881249999999999 0.9323593750000001 0.065109375 0.08657812500000013
1 0.14445312500000002 0.9294218750000001 0.053765625 0.09243750000000013
2 0.2425 0.935875 0.07015624999999996 0.08579687500000013
3 0.361234375 0.9350937500000001 0.088875 0.09987500000000012
4 0.481546875 0.9309843750000001 0.07948437500000001 0.09556250000000013
5 0.582703125 0.9096875000000001 0.07087500000000002 0.08812500000000015
6 0.689734375 0.8964062500000001 0.06617187500000003 0.07718750000000014
7 0.7869843750000001 0.8903437500000001 0.06537500000000004 0.07679687500000014
8 0.8752656249999999 0.8762812500000001 0.07004687499999988 0.07990625000000015
9 0.94009375 0.8725781250000001 0.0590937499999999 0.08420312500000016