99 0.03359375 0.228125 0.0484375 0.10625
99 0.19296875 0.22578125 0.04375 0.1
99 0.359375 0.2203125 0.04609375 0.09921875
99 0.52578125 0.21171875 0.05 0.1015625
99 0.6953125 0.2046875 0.04609375 0.10078125
99 0.86953125 0.1953125 0.04375 0.11015625
99 0.03671875 0.52421875 0.03984375 0.0890625
99 0.2 0.5140625 0.0390625 0.10859375
99 0.3703125 0.51171875 0.04296875 0.09296875
99 0.5359375 0.5 0.0453125 0.09296875
99 0.703125 0.5015625 0.04609375 0.090625
99 0.87109375 0.5 0.04921875 0.1046875
56 0.034375 0.828125 0.03125 0.08515625
99 0.12578125 0.81796875 0.040625 0.09453125
56 0.275 0.81875 0.02734375 0.0828125
99 0.38203125 0.8171875 0.04296875 0.09609375
56 0.53046875 0.8140625 0.03671875 0.08671875
99 0.6390625 0.80625 0.04453125 0.0921875
56 0.7921875 0.80546875 0.03203125 0.0890625
99 0.89296875 0.7984375 0.03671875 0.096875
90 0.0734375 0.23671875 0.034375 0.06640625
90 0.228125 0.23203125 0.03359375 0.07109375
90 0.39375 0.228125 0.03125 0.06796875
90 0.5640625 0.2125 0.0375 0.06875
90 0.7328125 0.209375 0.03203125 0.07265625
90 0.90859375 0.203125 0.03828125 0.071875
37 0.0796875 0.5296875 0.05 0.065625
37 0.2390625 0.5234375 0.0453125 0.0734375
37 0.4140625 0.51953125 0.0515625 0.07265625
37 0.578125 0.5125 0.04609375 0.071875
37 0.74921875 0.509375 0.053125 0.07890625
37 0.91953125 0.509375 0.0515625 0.07890625
37 0.06953125 0.8234375 0.0453125 0.06484375
90 0.159375 0.8265625 0.02890625 0.07265625
37 0.31015625 0.81875 0.04453125 0.06953125
90 0.4140625 0.8125 0.02890625 0.06875
37 0.5671875 0.81171875 0.04140625 0.06875
90 0.67421875 0.81015625 0.0328125 0.07421875
37 0.83046875 0.80546875 0.05 0.07734375
90 0.92734375 0.80546875 0.0359375 0.075