10 0.9561093749999999 0.13115625 0.05539062500000007 0.10837500000000003
11 0.87971875 0.128546875 0.0692499999999999 0.113578125
12 0.7949531249999999 0.1268125 0.05476562499999993 0.082328125
13 0.716546875 0.119 0.055312499999999966 0.09100000000000001
14 0.636703125 0.11985937499999999 0.04835937500000007 0.082328125
15 0.549328125 0.11204687499999999 0.056421875000000024 0.09100000000000001
16 0.451546875 0.12507812499999998 0.05756250000000005 0.085796875
17 0.37690625000000005 0.11204687499999999 0.054062500000000034 0.07015625
18 0.30978125 0.107125 0.035531250000000014 0.06379687499999998
19 0.24265625000000002 0.10828125 0.051718750000000036 0.066109375
20 0.18045312500000002 0.114359375 0.04070312499999993 0.06784375000000002
21 0.11767187499999991 0.11465624999999999 0.037796875000000084 0.06495312499999999
22 0.04767187499999999 0.11696875 0.06670312500000009 0.10431250000000003
23 0.9610156249999999 0.31378125 0.06059374999999996 0.07429687500000001
24 0.888109375 0.30884375 0.04899999999999984 0.081828125
25 0.78540625 0.294671875 0.03567187499999989 0.09165625000000004
26 0.717125 0.305671875 0.05415625000000013 0.09281249999999996
27 0.642484375 0.302203125 0.05067187499999992 0.09281249999999996
28 0.5533750000000001 0.299296875 0.04832812499999992 0.073140625
29 0.46051562500000004 0.29293749999999996 0.056984375000000045 0.07429687500000001
30 0.381234375 0.2810625 0.04885937499999997 0.07485937499999995
31 0.319046875 0.276140625 0.037843750000000044 0.04765625
32 0.2493125 0.268625 0.048828125 0.08123437500000001
33 0.18017187499999993 0.27759375 0.03781250000000007 0.060968749999999974
34 0.12462499999999999 0.27759375 0.023906249999999928 0.07485937500000003
35 0.05259374999999995 0.27990624999999997 0.06728124999999992 0.07949999999999999
36 0.952046875 0.545875 0.05654687500000009 0.08018750000000008
37 0.86034375 0.534890625 0.04204687500000013 0.08596874999999997
38 0.7906093750000001 0.531703125 0.05996875000000017 0.07612500000000004
39 0.7125 0.520984375 0.05646874999999998 0.08596874999999997
40 0.6447968749999999 0.523296875 0.04604687500000004 0.06281250000000008
41 0.5695781249999999 0.534015625 0.05065624999999994 0.10854687500000004
42 0.4949375 0.536046875 0.04715624999999992 0.08828125
43 0.43303125 0.5018906249999999 0.045984374999999925 0.06859374999999997
44 0.38065625000000003 0.48395312500000004 0.029187499999999922 0.07437500000000004
45 0.33118749999999997 0.49784375000000003 0.027437499999999913 0.09521875000000009
46 0.2658125 0.490890625 0.047093749999999976 0.08132812499999993
18 0.21489062499999995 0.481046875 0.03781250000000007 0.08942187500000003
48 0.14545312500000004 0.49320312499999996 0.07251562500000013 0.06510937499999994
49 0.965359375 0.707953125 0.04381249999999994 0.06404687500000002
50 0.871046875 0.698984375 0.05189062500000006 0.07735937499999998
51 0.8024687500000001 0.7070937500000001 0.032781250000000026 0.11440625000000004
52 0.717421875 0.7175 0.04317187499999999 0.10051562500000007
53 0.646546875 0.68421875 0.049515625000000084 0.058249999999999955
54 0.58 0.6735156250000001 0.036765624999999955 0.06114062499999999
55 0.5050625 0.6766875 0.044265625000000065 0.077921875
56 0.435046875 0.67409375 0.03845312500000002 0.05535937499999992
57 0.3795 0.668015625 0.03149999999999995 0.039718749999999935
58 0.33523437500000003 0.6599062499999999 0.05404687500000005 0.05129687500000006
59 0.280265625 0.655859375 0.03204687499999999 0.05707812499999996
60 0.23803124999999997 0.672359375 0.033203125 0.07965625000000003
61 0.17351562499999992 0.647171875 0.06153125000000017 0.06750000000000007
0 0.9694062499999999 0.945265625 0.03571874999999984 0.06646874999999994
1 0.888984375 0.9331093750000001 0.029906250000000155 0.06993749999999999
2 0.8102812500000001 0.926171875 0.048406250000000026 0.06298437499999991
3 0.74375 0.916328125 0.0356562499999999 0.06414062499999992
4 0.659265625 0.922703125 0.04489062500000003 0.10465625000000003
5 0.58346875 0.8972187500000001 0.043703125000000044 0.06760937499999997
6 0.52503125 0.8844843750000001 0.03559374999999996 0.06296874999999993
7 0.45906250000000004 0.8813124999999999 0.05640625000000003 0.06701562500000016
8 0.377765625 0.8705937499999999 0.04885937499999997 0.06990625000000002
9 0.311515625 0.866546875 0.04595312499999995 0.08264062500000016