10 0.10146875 0.07182812499999999 0.042062500000000023 0.06956250000000001
36 0.084109375 0.5331406249999999 0.04901562500000001 0.047765625000000075
11 0.20590625 0.07384375 0.04607812500000001 0.070140625
37 0.191453125 0.52271875 0.037984375 0.054703124999999984
12 0.2953125 0.06979687500000001 0.04084374999999998 0.062046875000000015
38 0.28576562499999997 0.53371875 0.039125000000000035 0.06281250000000008
39 0.362140625 0.5250468749999999 0.03909374999999997 0.073234375
13 0.390203125 0.0735625 0.06396874999999999 0.06609374999999998
40 0.43215624999999996 0.529953125 0.040234375 0.05181249999999995
14 0.493484375 0.06575 0.05178124999999998 0.08171874999999998
41 0.5143125000000001 0.5334375 0.05871875000000006 0.10043749999999996
15 0.58259375 0.06314062499999999 0.04250000000000007 0.079984375
16 0.6734375 0.06979687500000001 0.05751562499999992 0.08287499999999999
42 0.5918593750000001 0.55803125 0.04018750000000004 0.1045
17 0.7645625 0.06979687500000001 0.05576562499999991 0.062046875000000015
43 0.659546875 0.514625 0.03901562500000004 0.08712499999999998
18 0.86321875 0.06314062499999999 0.05515624999999993 0.06609374999999999
44 0.719734375 0.52590625 0.03204687499999999 0.06454687500000009
19 0.9694062499999999 0.064 0.055703125000000145 0.05740624999999999
20 0.0901875 0.21160937500000002 0.05074999999999998 0.0609375
21 0.192890625 0.21189062500000003 0.05129687500000002 0.06500000000000003
46 0.067625 0.65759375 0.03339062500000001 0.06750000000000007
45 0.7903281249999999 0.54009375 0.03434375000000003 0.10334374999999998
18 0.14950000000000002 0.6506406250000001 0.03395312499999999 0.07443749999999998
48 0.262609375 0.661640625 0.05532812499999995 0.04782812500000002
49 0.365328125 0.657015625 0.041984375000000004 0.045500000000000006
50 0.46079687500000005 0.6625156249999999 0.038484374999999994 0.03914062499999993
51 0.5695781249999999 0.674953125 0.04076562500000005 0.09529687500000002
52 0.658390625 0.67496875 0.04826562499999998 0.1022343750000001
53 0.742875 0.6503593750000001 0.050562500000000024 0.04260937499999997
22 0.30340625 0.200890625 0.05010937499999999 0.04993749999999997
23 0.393671875 0.198 0.05007812499999993 0.05109374999999998
24 0.49406249999999996 0.19714062499999999 0.059890625000000065 0.052828125000000004
25 0.590703125 0.190765625 0.04481249999999992 0.07482812499999998
26 0.680375 0.1901875 0.05751562500000009 0.052828125000000004
27 0.75734375 0.18642187500000001 0.051718750000000036 0.06960937500000001
28 0.8522343749999999 0.18756250000000002 0.050515624999999884 0.071875
28 0.827921875 0.65178125 0.043578125000000155 0.05587499999999999
29 0.95059375 0.183796875 0.05281249999999993 0.07476562500000003
55 0.90025 0.64309375 0.06323437500000004 0.073234375
56 0.098859375 0.3270625 0.043796875 0.06615625000000006
57 0.1859375 0.32995312499999996 0.05476562500000002 0.04415624999999999
30 0.056906250000000005 0.788375 0.046703125 0.07214062499999993
31 0.15759375 0.7950312499999999 0.04667187500000001 0.047250000000000014
58 0.256828125 0.788671875 0.06804687500000002 0.055343750000000115
32 0.302828125 0.3253125 0.07325 0.04878125000000004
33 0.396859375 0.325328125 0.06337499999999992 0.069625
59 0.35259375 0.794171875 0.04776562499999999 0.05592187499999994
60 0.43678125 0.82340625 0.07378125000000005 0.11787500000000009
34 0.501 0.324453125 0.05640625000000003 0.06440624999999996
35 0.588953125 0.316640625 0.04481249999999992 0.06614062499999998
61 0.5218281250000001 0.80053125 0.06334374999999995 0.06171875
0 0.044765624999999996 0.9550625 0.050171875 0.05131249999999987
1 0.12490625 0.95509375 0.03685937500000001 0.06179687499999993
2 0.204765625 0.9522031249999999 0.05767187499999995 0.05601562499999986
3 0.297625 0.948140625 0.03854687500000002 0.06179687499999993
4 0.36503125000000003 0.951046875 0.04489062500000003 0.06759374999999998
5 0.44662499999999994 0.9464062500000001 0.041390625000000014 0.058328124999999884
6 0.557140625 0.9391718750000001 0.033265624999999945 0.0612187500000001
7 0.647109375 0.940046875 0.04307812500000008 0.0594843749999999
8 0.7388281250000001 0.9443906249999999 0.035531250000000014 0.06468750000000015
9 0.830828125 0.9420624999999999 0.04590625000000017 0.07395312499999988