36 0.06704687499999999 0.136078125 0.060015624999999996 0.10779687500000001
37 0.1370625 0.102515625 0.054203125 0.172609375
38 0.20128125 0.124203125 0.050718749999999965 0.122265625
39 0.261453125 0.116109375 0.05995312500000001 0.161625
40 0.32799999999999996 0.1314375 0.06109375000000004 0.09853125
41 0.3790515625 0.016203125 0.32730625 0.2872375 0.3735890625 0.294184375 0.43491406250000003 0.0232359375 0.3790515625 0.016203125
42 0.422453125 0.08217656250000001 0.38863125 0.2733421875 0.45458437500000004 0.26986875 0.4835109375 0.0973421875 0.422453125 0.08217656250000001
43 0.512 0.10800000000000001 0.04715624999999992 0.15929687499999998
44 0.562046875 0.123046875 0.03962500000000002 0.11299999999999999
45 0.5864906249999999 0.2965 0.6223609375 0.1702890625 0.5891203125 0.040509375 0.5864906249999999 0.1563953125 0.5367375 0.2733421875 0.5864906249999999 0.2965
46 0.66128125 0.10134375 0.05404687500000005 0.142515625
47 0.727828125 0.09903125 0.048249999999999994 0.137875
48 0.79696875 0.14128125 0.08584374999999991 0.07654687500000001
49 0.06415625 0.337796875 0.05421875 0.07720312499999996
50 0.121140625 0.33576562499999996 0.06057812500000002 0.09051562500000002
51 0.1845 0.36934374999999997 0.07270312500000001 0.15304687500000008
52 0.24584375 0.371375 0.04954687499999997 0.15824999999999995
53 0.3146875 0.340109375 0.06224999999999996 0.09573437499999997
54 0.373421875 0.336921875 0.05818750000000002 0.07893749999999997
55 0.431578125 0.305671875 0.05296874999999997 0.14839062500000005
56 0.493484375 0.34096875 0.05873437500000005 0.08009374999999999
57 0.55915625 0.32825000000000004 0.04771874999999994 0.09629687499999999
58 0.625984375 0.33634375 0.066796875 0.08473437500000003
59 0.698890625 0.350234375 0.05982812499999994 0.11946874999999997
60 0.7561875 0.37107812500000004 0.056343750000000095 0.14725000000000002
61 0.8114375 0.373984375 0.04532812499999998 0.16000000000000006
10 0.069359375 0.50653125 0.09240625000000002 0.14731249999999996
11 0.15296875000000001 0.518109375 0.07560937499999998 0.15657812500000007
12 0.22790625000000003 0.515203125 0.062281250000000024 0.1438437499999999
13 0.294734375 0.50884375 0.07440625000000001 0.1588906249999999
14 0.374 0.5131875 0.073234375 0.15021874999999998
15 0.441125 0.5131875 0.04774999999999992 0.16410937499999995
16 0.5065000000000001 0.5120312499999999 0.06046875000000007 0.16873437500000002
17 0.58028125 0.5001562500000001 0.07259375000000005 0.15542187500000004
18 0.663015625 0.514640625 0.07835937499999997 0.17046875000000003
19 0.734765625 0.532875 0.04129687499999992 0.21735937500000002
20 0.79784375 0.515796875 0.04939062499999984 0.151953125
21 0.8574375 0.5155000000000001 0.06209375000000002 0.16873437500000002
48 0.9430781250000001 0.514046875 0.09679687500000007 0.15542187500000004
49 0.06617187500000002 0.7154843750000001 0.07564062499999999 0.15549999999999997
24 0.142265625 0.71259375 0.07156249999999997 0.15665625
25 0.21198437499999997 0.7160624999999999 0.06170312500000001 0.1497187499999999
26 0.2765 0.712015625 0.06226562500000003 0.15549999999999997
27 0.3366875 0.712015625 0.057624999999999996 0.16245312500000003
28 0.401484375 0.72359375 0.06917187499999997 0.15782812499999999
29 0.48364062499999994 0.72590625 0.09460937499999993 0.127734375
30 0.573625 0.722140625 0.06276562499999994 0.13062500000000005
31 0.636703125 0.7169375 0.05001562499999999 0.14798437500000006
32 0.706703125 0.7230000000000001 0.08585937500000007 0.1358281250000001
33 0.76746875 0.72359375 0.04765625 0.1439375
34 0.8238749999999999 0.762375 0.04590625000000017 0.21457812500000006
35 0.884640625 0.7591875 0.06325000000000003 0.23251562499999992
0 0.067625 0.9307968750000001 0.05421875 0.10003124999999997
1 0.115359375 0.9307968750000001 0.035109375 0.10003124999999997
2 0.16829687499999998 0.92790625 0.054203125 0.09423437499999991
3 0.23137500000000003 0.9290625 0.04839062499999995 0.09656249999999993
4 0.28865625 0.92790625 0.05184375000000001 0.09423437499999991
5 0.35143749999999996 0.9345625 0.06282812499999997 0.09714062500000012
6 0.41017187499999996 0.9331093750000001 0.05181249999999995 0.09771874999999994
7 0.46340624999999996 0.929640625 0.04021875000000001 0.10465625000000003
8 0.516625 0.9290625 0.04946874999999995 0.11045312500000008
9 0.5745 0.9310937499999999 0.047140624999999936 0.10407812499999984