18 0.10546875 0.4109375 0.046875 0.06796875
18 0.5671875 0.36953125 0.03984375 0.07421875
76 0.04140625 0.471875 0.04921875 0.06171875
76 0.38515625 0.5078125 0.03671875 0.07265625
76 0.82578125 0.47578125 0.04140625 0.075
69 0.14453125 0.4140625 0.0390625 0.0578125
69 0.3421875 0.40390625 0.03671875 0.05390625
69 0.73515625 0.4171875 0.034375 0.05546875
69 0.66640625 0.55 0.0578125 0.0703125
83 0.16953125 0.4078125 0.0171875 0.0671875
83 0.18828125 0.41171875 0.021875 0.0765625
83 0.78828125 0.41015625 0.0140625 0.059375
83 0.8 0.41328125 0.0140625 0.059375
83 0.0640625 0.51640625 0.0171875 0.06015625
90 0.21875 0.40625 0.04609375 0.059375
90 0.08984375 0.53046875 0.0328125 0.0515625
90 0.4453125 0.5625 0.04296875 0.053125
90 0.56796875 0.484375 0.04296875 0.0515625
90 0.6859375 0.47109375 0.04140625 0.0578125
90 0.6015625 0.37578125 0.0421875 0.05625
28 0.29296875 0.39296875 0.04765625 0.0578125
99 0.2859375 0.45859375 0.040625 0.06484375
99 0.7 0.41171875 0.03203125 0.071875
64 0.37421875 0.38515625 0.04453125 0.0765625
64 0.40859375 0.38125 0.0359375 0.0734375
64 0.159375 0.465625 0.0515625 0.053125
64 0.515625 0.47890625 0.0453125 0.0703125
80 0.44140625 0.3796875 0.02734375 0.08203125
80 0.6984375 0.3578125 0.01796875 0.0671875
80 0.31015625 0.45234375 0.02421875 0.07734375
80 0.36796875 0.44375 0.02890625 0.0796875
19 0.55546875 0.41640625 0.04296875 0.06953125
80 0.85703125 0.459375 0.0265625 0.07578125
80 0.03671875 0.58671875 0.0296875 0.08359375
37 0.08203125 0.478125 0.03359375 0.0421875
37 0.13984375 0.590625 0.0421875 0.05546875
37 0.34609375 0.5640625 0.06015625 0.0625
37 0.76171875 0.42734375 0.03515625 0.05078125
37 0.4265625 0.5140625 0.05 0.05625
108 0.47265625 0.37890625 0.0453125 0.08359375
108 0.3359375 0.45078125 0.034375 0.07734375
108 0.59296875 0.41796875 0.0265625 0.0765625
108 0.79375 0.47421875 0.03359375 0.0796875
82 0.921875 0.4671875 0.04453125 0.1125
108 0.46328125 0.50546875 0.02890625 0.07734375
108 0.53046875 0.55078125 0.03984375 0.07109375
108 0.065625 0.58359375 0.0390625 0.08671875
89 0.1203125 0.47734375 0.034375 0.0484375
89 0.39609375 0.45078125 0.0375 0.0609375
115 0.23828125 0.4625 0.06171875 0.06796875
115 0.3359375 0.50625 0.07109375 0.07265625
101 0.0421875 0.51953125 0.0359375 0.0671875
101 0.1078125 0.58046875 0.03984375 0.07734375
101 0.24140625 0.57734375 0.03515625 0.0765625
101 0.725 0.36796875 0.03828125 0.059375
91 0.12421875 0.534375 0.04375 0.08125
91 0.15703125 0.521875 0.04375 0.08203125
117 0.18984375 0.54375 0.06640625 0.103125
117 0.18125 0.6125 0.0578125 0.115625
89 0.884375 0.46484375 0.03671875 0.06640625
50 0.40390625 0.5546875 0.0515625 0.0859375
72 0.4234375 0.47109375 0.05234375 0.09453125
117 0.6265625 0.49375 0.0625 0.10234375
112 0.728125 0.47578125 0.05625 0.0765625
101 0.64296875 0.41875 0.0375 0.0578125
84 0.60546875 0.55 0.05703125 0.0703125
84 0.7921875 0.359375 0.06171875 0.06640625
117 0.84140625 0.3859375 0.06015625 0.08828125
112 0.49453125 0.55 0.053125 0.07421875
115 0.64765625 0.36484375 0.05859375 0.059375