0 0.935609375 0.935484375 0.07331250000000011 0.0772343750000001
1 0.8703749999999999 0.9196562500000001 0.07095312500000013 0.06510937500000011
2 0.8112031249999999 0.919671875 0.052593750000000127 0.08073437500000011
3 0.727234375 0.914390625 0.07210937499999996 0.08190625000000011
4 0.6555625 0.902671875 0.06310937499999998 0.07407812500000013
5 0.587390625 0.8807812500000001 0.070515625 0.061562500000000145
6 0.50478125 0.863984375 0.06776562500000001 0.08265625000000014
7 0.42393749999999997 0.8610625000000001 0.06540625000000003 0.08851562500000014
8 0.36007812499999997 0.8458125000000001 0.056421875000000024 0.08146875000000016
9 0.298171875 0.8471875000000001 0.06695312500000003 0.10375000000000015
36 0.9563124999999999 0.53615625 0.055343750000000115 0.07543749999999996
37 0.888546875 0.514859375 0.06978125000000013 0.08362499999999998
38 0.80203125 0.520328125 0.05921875000000014 0.07893749999999997
39 0.714734375 0.49024999999999996 0.05959374999999998 0.12034374999999997
40 0.655953125 0.493171875 0.05451562499999998 0.06759374999999998
41 0.586609375 0.48067187499999997 0.07207812499999999 0.10509374999999999
42 0.50146875 0.488875 0.05487500000000001 0.09806249999999998
43 0.449515625 0.44942187499999997 0.057218750000000006 0.120703125
44 0.38292187499999997 0.44315625000000003 0.07712500000000003 0.108203125
45 0.31320312499999997 0.438484375 0.05640625000000003 0.130078125
46 0.22629687499999998 0.426359375 0.05443750000000005 0.08240625000000001
47 0.16848437500000008 0.406828125 0.045062499999999873 0.09020312500000002
48 0.10443750000000004 0.411109375 0.06379687499999989 0.05973437500000003
49 0.96490625 0.721953125 0.053781250000000114 0.09156250000000003
50 0.9074843749999999 0.719796875 0.051437500000000115 0.08335937500000004
51 0.8379687499999999 0.740125 0.04985937500000013 0.13964062500000002
52 0.728984375 0.724109375 0.07249999999999997 0.09976562500000004
53 0.659859375 0.687953125 0.04670312499999998 0.07825000000000007
54 0.59853125 0.681125 0.052156249999999994 0.07629687500000007
55 0.500484375 0.662953125 0.06854687500000001 0.10637500000000007
56 0.407140625 0.653578125 0.05993750000000002 0.07198437500000007
57 0.35440625 0.636578125 0.04821875000000002 0.08096875000000008
58 0.3051875 0.6178125 0.05289062500000004 0.07470312499999991
59 0.244265625 0.5994531249999999 0.049765625000000036 0.07703124999999993
60 0.18645312500000005 0.6031718749999999 0.05599999999999987 0.10399999999999991
61 0.12590625000000005 0.594578125 0.059890624999999885 0.10242187499999993
10 0.95865625 0.17921875 0.05065625000000011 0.10765625000000001
11 0.8826875 0.17296875 0.07368750000000013 0.09515625000000001
12 0.7996875 0.158703125 0.06390624999999997 0.07053124999999998
13 0.7246875 0.1569375 0.057656249999999964 0.08654687499999998
14 0.645796875 0.140734375 0.05920312499999998 0.09707812499999999
15 0.570796875 0.133109375 0.05293749999999999 0.09356249999999999
16 0.494625 0.13525 0.05682812500000001 0.09865624999999997
17 0.42725 0.1194375 0.06267187500000002 0.089640625
18 0.3426875 0.10067187500000001 0.07164062500000004 0.08339062500000001
19 0.27140624999999996 0.095984375 0.054062500000000034 0.08964062499999999
20 0.20285937499999998 0.078796875 0.05443750000000005 0.070875
21 0.12551562500000008 0.058671875 0.05285937499999989 0.07359374999999999
22 0.04993750000000006 0.049484375000000004 0.0672968749999999 0.06693750000000001
23 0.961578125 0.322625 0.05651562500000011 0.12103124999999997
24 0.882484375 0.323015625 0.038921875000000127 0.11399999999999996
25 0.80984375 0.313046875 0.05921875000000014 0.10578124999999998
26 0.7145312500000001 0.292921875 0.07795312499999998 0.092875
27 0.65028125 0.2915625 0.04631249999999998 0.101859375
28 0.593640625 0.28021875 0.058015624999999994 0.102640625
29 0.482328125 0.261859375 0.06971875000000001 0.07370312500000002
30 0.40596875 0.252671875 0.07009375000000002 0.06706250000000002
31 0.34659375 0.24095312500000002 0.04821875000000002 0.07487500000000002
32 0.26535937499999995 0.22434375 0.07007812500000003 0.09243750000000003
33 0.16790625000000006 0.214390625 0.06576562499999987 0.11548437500000004
34 0.11184375000000006 0.20754687500000002 0.05676562499999989 0.09790625000000004
35 0.047203125000000054 0.19523437500000002 0.0805781249999999 0.100640625