36 0.9481093749999999 0.541625 0.06393750000000012 0.10199999999999995
10 0.9514374999999999 0.08915625 0.061203125000000115 0.1033125
37 0.84734375 0.514671875 0.07798437500000013 0.08714062499999997
11 0.85671875 0.08075 0.05923437500000013 0.08259375
38 0.7403125 0.51896875 0.057656249999999964 0.08792187499999997
12 0.745 0.07976562499999999 0.06390624999999997 0.08454687499999998
39 0.65028125 0.5043124999999999 0.06193749999999998 0.08909374999999997
13 0.650484375 0.07215625 0.08107812499999997 0.09665625
40 0.547359375 0.507828125 0.0685625 0.08518749999999997
14 0.542671875 0.07273437499999999 0.06231249999999999 0.07046875
41 0.45284375 0.476375 0.05448437500000001 0.09806249999999998
15 0.454015625 0.075671875 0.05995312500000001 0.08025
42 0.360265625 0.493171875 0.07556250000000002 0.11448437499999997
16 0.35343749999999996 0.0653125 0.04626562500000002 0.0790625
43 0.26125 0.473640625 0.07437500000000004 0.09103124999999998
17 0.271015625 0.06609374999999999 0.06265625000000004 0.08062499999999999
44 0.16634375000000007 0.475 0.05326562499999987 0.08204687499999999
18 0.16457812500000008 0.058671875 0.052874999999999873 0.08921874999999999
45 0.08275000000000006 0.476375 0.06418749999999988 0.11993749999999999
19 0.08334375000000005 0.06492187499999999 0.05910937499999989 0.08609375
46 0.939328125 0.64946875 0.06198437500000011 0.08331250000000008
46 0.9379531249999999 0.22903125000000002 0.06862500000000012 0.07056250000000004
47 0.8541718749999999 0.660609375 0.060406250000000127 0.08606250000000007
21 0.8535937499999999 0.23157812500000002 0.06548437500000012 0.10300000000000002
48 0.744421875 0.6389218750000001 0.053359374999999966 0.0700156250000001
22 0.735828125 0.21614062500000003 0.07054687499999997 0.08384375000000004
49 0.659078125 0.632859375 0.06389062499999998 0.08526562500000008
23 0.629390625 0.21007812499999998 0.060765624999999976 0.06781249999999997
50 0.552828125 0.62778125 0.057624999999999996 0.06728124999999992
24 0.54053125 0.21028125000000003 0.05489062499999999 0.06429687499999996
51 0.46925 0.6197812500000001 0.06854687500000001 0.10204687500000009
25 0.456546875 0.20910937500000001 0.040031250000000004 0.06976562499999997
52 0.36534374999999997 0.613515625 0.07321875000000003 0.07392187499999991
26 0.356953125 0.2048125 0.07829687500000002 0.09087500000000004
53 0.26437499999999997 0.6012187499999999 0.08375000000000003 0.07664062499999993
27 0.25871875 0.196609375 0.044296875000000034 0.076015625
54 0.17434375000000008 0.606484375 0.056781249999999873 0.09110937499999991
28 0.17200000000000007 0.18584375 0.04584374999999987 0.10376562499999994
55 0.07884375000000006 0.58890625 0.056374999999999884 0.09501562499999991
29 0.08392187500000006 0.18721875 0.06965624999999989 0.09478124999999996
56 0.9574843749999999 0.77665625 0.060812500000000116 0.060328125000000024
30 0.94928125 0.3585625 0.053781250000000114 0.06790624999999997
57 0.8774062499999999 0.7760625 0.056890625000000125 0.07089062500000001
31 0.8645156249999999 0.35543749999999996 0.05923437500000013 0.07728124999999997
58 0.750671875 0.77684375 0.07210937499999996 0.08807812500000001
32 0.7403125 0.347421875 0.07328124999999996 0.08079687499999996
59 0.6510625 0.7745 0.09162499999999998 0.08339062500000001
33 0.629 0.352515625 0.06934375 0.08314062499999997
60 0.547953125 0.772546875 0.07284375000000001 0.093546875
34 0.5444375 0.33296875 0.062703125 0.07531249999999998
61 0.469828125 0.75575 0.06346875 0.06150000000000002
35 0.46885937499999997 0.34234375 0.061515625000000004 0.10346874999999996
0 0.9457656249999999 0.9399843750000001 0.06862500000000012 0.0745000000000001
1 0.862953125 0.9442812500000001 0.062359375000000127 0.09717187500000009
2 0.76296875 0.93725 0.07484374999999996 0.0768437500000001
3 0.670796875 0.9360781250000001 0.05607812499999998 0.0666875000000001
4 0.57490625 0.92553125 0.07989062499999999 0.08464062500000011
5 0.46846875 0.9263125000000001 0.070109375 0.0862187500000001
6 0.35812499999999997 0.9229843750000001 0.08376562500000002 0.0991093750000001
7 0.28898437499999996 0.9190781250000001 0.057968750000000034 0.09128125000000012
8 0.209109375 0.9165468750000001 0.07318750000000004 0.09010937500000012
9 0.12239062500000006 0.9075468750000001 0.07473437499999988 0.09557812500000011