36 0.042515625 0.129 0.060812500000000005 0.08926562499999999
10 0.04446875 0.50628125 0.041281250000000005 0.16020312499999995
37 0.10970312499999998 0.1085 0.054546874999999995 0.09901562500000001
11 0.11517187499999999 0.51253125 0.065484375 0.15707812499999996
38 0.166140625 0.12060937499999999 0.038531249999999996 0.0998125
12 0.183125 0.50490625 0.06079687499999999 0.15356249999999996
39 0.21809375000000003 0.121203125 0.04085937499999996 0.136140625
13 0.255390625 0.502953125 0.05687499999999997 0.15746874999999996
40 0.276875 0.117875 0.04515624999999997 0.11778124999999999
14 0.32725 0.5078437499999999 0.07560937499999998 0.16332812499999996
40 0.3364375 0.10790625000000001 0.035374999999999976 0.10956250000000001
15 0.400296875 0.515265625 0.041999999999999996 0.15473437499999995
42 0.404015625 0.148546875 0.05332812499999999 0.12834374999999998
16 0.4694375 0.516828125 0.07870312500000001 0.15787499999999993
43 0.467671875 0.12081249999999999 0.06346875 0.14318749999999997
17 0.54715625 0.5135 0.05448437500000001 0.12387499999999996
44 0.5368125 0.12042187499999998 0.053312500000000006 0.11895312499999999
18 0.6215625 0.5176093749999999 0.07439062500000002 0.12817187499999996
45 0.58915625 0.14385937499999998 0.032984375000000024 0.15023437499999998
19 0.68953125 0.5156562499999999 0.054062500000000034 0.13207812499999996
46 0.645390625 0.108296875 0.05173437500000002 0.118171875
20 0.748125 0.5080312499999999 0.061875000000000034 0.14418749999999997
47 0.7205781250000001 0.11573437499999999 0.057578125000000036 0.15646875
21 0.8207656249999999 0.516828125 0.06654687499999987 0.15787499999999993
48 0.80065625 0.120796875 0.06928124999999988 0.08065625000000001
22 0.90259375 0.51896875 0.07785937499999988 0.13481249999999995
49 0.05559375 0.337265625 0.059640625 0.09173437499999997
23 0.04915625 0.708484375 0.06628125 0.14665625000000002
50 0.114578125 0.321453125 0.044781249999999995 0.11085937499999998
24 0.127078125 0.719421875 0.06978124999999999 0.16853125000000002
51 0.1784375 0.33903125 0.05142187499999999 0.12259374999999997
25 0.20382812499999997 0.7165 0.06312499999999996 0.15876562500000002
52 0.24171874999999998 0.34196875000000004 0.05296874999999997 0.11673437500000006
26 0.278828125 0.721953125 0.05687499999999997 0.17596875
53 0.3128125 0.3259375 0.05451562499999998 0.09249999999999999
27 0.36221875 0.723140625 0.07131249999999997 0.179875
54 0.388578125 0.3353125 0.049812499999999996 0.11126562499999997
28 0.439359375 0.72059375 0.057624999999999996 0.17870312500000002
55 0.456546875 0.3134375 0.04512499999999999 0.11437499999999998
29 0.514546875 0.72665625 0.06346875 0.17909375
56 0.5243125 0.3290625 0.059562500000000004 0.11439062499999997
30 0.57978125 0.7198125 0.04548437500000002 0.14587500000000003
57 0.5915 0.33590624999999996 0.05329687500000002 0.10071874999999997
31 0.65340625 0.7090625 0.07945312500000004 0.13609375000000004
58 0.6578906250000001 0.3245625 0.06109375000000004 0.10149999999999997
32 0.738546875 0.702421875 0.06226562500000003 0.16501562500000003
59 0.7371875 0.32437499999999997 0.07125000000000004 0.10499999999999998
33 0.8135468749999999 0.712 0.05599999999999987 0.13023437500000004
60 0.8127656249999999 0.344703125 0.038812499999999875 0.16128125000000004
34 0.886390625 0.732328125 0.05715624999999989 0.18651562500000002
61 0.873109375 0.33140625 0.061843749999999885 0.08157812499999997
35 0.95625 0.71825 0.071875 0.145890625
0 0.04310937499999999 0.9061875 0.050265625 0.10456250000000011
1 0.10032812499999999 0.9036406250000001 0.05142187499999999 0.10339062500000011
2 0.149921875 0.9011093750000001 0.04907812499999999 0.10221875000000011
3 0.20715625000000001 0.9067812500000001 0.05023437499999996 0.10964062500000012
4 0.2628125 0.9073593750000001 0.04828124999999996 0.09909375000000012
5 0.319453125 0.9089218750000001 0.04435937499999998 0.10221875000000011
6 0.360453125 0.90834375 0.04045312499999998 0.09714062500000012
7 0.416703125 0.9136093750000001 0.05918749999999999 0.09596875000000012
8 0.469046875 0.9132187500000001 0.03887499999999999 0.10300000000000012
9 0.523921875 0.912046875 0.06659375000000001 0.09284375000000011