11 0.1828125 0.303125 0.0515625 0.1515625
12 0.28828125 0.30234375 0.04296875 0.1265625
13 0.37578125 0.30234375 0.04453125 0.11328125
14 0.471875 0.30859375 0.046875 0.12734375
15 0.56484375 0.315625 0.05859375 0.121875
71 0.65390625 0.31953125 0.05 0.121875
72 0.7359375 0.34140625 0.03984375 0.14140625
76 0.8109375 0.32734375 0.059375 0.1171875
19 0.1671875 0.47890625 0.04453125 0.11484375
81 0.27578125 0.48671875 0.04375 0.12421875
82 0.36640625 0.49765625 0.05703125 0.10390625
22 0.46015625 0.4953125 0.05390625 0.1109375
23 0.54609375 0.496875 0.05859375 0.1203125
24 0.64375 0.50625 0.0609375 0.125
90 0.721875 0.50703125 0.0359375 0.0984375
91 0.80390625 0.5046875 0.05703125 0.134375
27 0.1546875 0.66015625 0.04375 0.12421875
28 0.259375 0.66328125 0.05234375 0.11796875
29 0.35234375 0.6703125 0.0484375 0.1171875
30 0.45078125 0.6828125 0.0484375 0.11796875
31 0.5375 0.684375 0.03984375 0.11328125
32 0.63046875 0.68671875 0.05 0.1171875
33 0.70390625 0.6984375 0.05234375 0.09453125
34 0.7828125 0.70078125 0.05703125 0.1109375
35 0.146875 0.84765625 0.03984375 0.121875
36 0.25 0.8546875 0.05703125 0.121875
15 0.353125 0.1234375 0.03984375 0.11796875
72 0.4059631828125 0.1310973296875 0.393221171875 0.11923331718750001 0.3651339453125 0.22185701875000002 0.3737656296875 0.23609383281250002 0.3884257921875 0.22956862656250002 0.4059631828125 0.1310973296875
89 0.38203125 0.1484375 0.021875 0.05234375
83 0.41130660625 0.1468171453125 0.4243226375 0.0880902875 0.411580628125 0.0866072859375 0.3984275859375 0.168468965625 0.40377100937500005 0.1830023796875 0.41130660625 0.1726213703125 0.41130660625 0.1468171453125
80 0.42377459531249995 0.10292030156250001 0.41856818125000006 0.1094455078125 0.4076073125 0.174104371875 0.41678704062499994 0.1732145703125 0.428295953125 0.11241151093749999 0.42377459531249995 0.10292030156250001
101 0.428125 0.15234375 0.01328125 0.05234375
76 0.45 0.1328125 0.02890625 0.0921875
22 0.5140625 0.1296875 0.04296875 0.1109375
69 0.5421875 0.14921875 0.0203125 0.05390625
111 0.5495505656249999 0.17380777187500002 0.5732534453125 0.180332978125 0.5716093140625 0.15304575 0.5839402921875 0.1070727046875 0.5980524109375 0.0886834875 0.567361978125 0.0872004859375 0.5574971953125 0.0972848953125 0.54516621875 0.118046915625 0.5479064359375 0.1287245265625 0.554208934375 0.1216061203125 0.5495505656249999 0.17380777187500002
69 0.5858584437500001 0.14296134062500002 0.5842143140625 0.1254619234375 0.5776377921875 0.123385721875 0.5716093140625 0.14533414375 0.5744865421875 0.17766357500000002 0.5844883359375 0.1663927640625 0.5858584437500001 0.14296134062500002
100 0.6046875 0.140625 0.040625 0.08671875