90 0.1796875 0.18359375 0.05546875 0.02890625
90 0.3046875 0.18828125 0.05703125 0.03203125
90 0.440625 0.196875 0.06328125 0.03515625
90 0.56796875 0.2015625 0.0515625 0.0296875
90 0.69609375 0.20546875 0.040625 0.0359375
90 0.8125 0.20859375 0.03359375 0.0375
90 0.19140625 0.26484375 0.05 0.05078125
90 0.3265625 0.27734375 0.05703125 0.0359375
90 0.45625 0.28125 0.05390625 0.04140625
90 0.58671875 0.2875 0.0484375 0.03515625
90 0.7140625 0.29296875 0.0515625 0.03984375
90 0.83046875 0.29453125 0.0484375 0.03203125
56 0.18984375 0.3625 0.0390625 0.03203125
56 0.334375 0.3640625 0.03203125 0.0296875
56 0.46640625 0.3703125 0.028125 0.03046875
56 0.6 0.37578125 0.03203125 0.03125
50 0.18984375 0.4453125 0.040625 0.0625
50 0.32734375 0.446875 0.040625 0.059375
50 0.4625 0.4515625 0.04140625 0.05234375
50 0.59609375 0.45546875 0.04609375 0.059375
50 0.734375 0.465625 0.03984375 0.0625
50 0.1953125 0.546875 0.04296875 0.07578125
56 0.29453125 0.5609375 0.03359375 0.03671875
56 0.36796875 0.559375 0.0359375 0.0328125
50 0.55078125 0.55703125 0.0390625 0.06796875
56 0.65078125 0.56875 0.028125 0.028125
56 0.728125 0.57109375 0.03359375 0.03359375
50 0.2015625 0.64921875 0.04375 0.0578125
56 0.3078125 0.66484375 0.034375 0.03515625
56 0.39453125 0.66875 0.03515625 0.03515625
50 0.5703125 0.6578125 0.0484375 0.071875
56 0.66796875 0.671875 0.02890625 0.046875
56 0.7484375 0.6703125 0.0375 0.0375
8 0.21640625 0.77109375 0.04453125 0.04921875
8 0.36015625 0.778125 0.04609375 0.04296875
8 0.51640625 0.778125 0.0484375 0.04140625
8 0.65859375 0.778125 0.040625 0.04296875
8 0.80390625 0.78125 0.03125 0.03203125
8 0.93359375 0.7796875 0.0390625 0.03984375
8 0.225 0.89609375 0.03515625 0.05078125
8 0.36484375 0.8921875 0.05546875 0.04296875
8 0.51875 0.890625 0.05703125 0.05078125
8 0.67109375 0.89453125 0.05 0.04375
8 0.81015625 0.89609375 0.040625 0.04296875
8 0.9578125 0.89375 0.03125 0.0265625
37 0.24921875 0.665625 0.05078125 0.03203125
90 0.33828125 0.6671875 0.04140625 0.03046875
90 0.4234375 0.6703125 0.0296875 0.03046875
37 0.2359375 0.559375 0.05234375 0.03203125
90 0.325 0.56015625 0.03359375 0.0328125
90 0.4 0.5625 0.03359375 0.0296875
37 0.59375 0.56796875 0.04765625 0.02890625
90 0.67578125 0.5703125 0.0328125 0.02734375
90 0.75390625 0.571875 0.02734375 0.02734375
37 0.61328125 0.67265625 0.04453125 0.0359375
90 0.69765625 0.67578125 0.03203125 0.03125
90 0.78125 0.67265625 0.0359375 0.028125
90 0.2234375 0.3625 0.03203125 0.02734375
90 0.22109375 0.4578125 0.02734375 0.03203125
90 0.36015625 0.3640625 0.03046875 0.02890625
90 0.36328125 0.46171875 0.03515625 0.0296875
90 0.49296875 0.371875 0.03046875 0.02421875
90 0.5015625 0.46640625 0.0375 0.028125
90 0.62421875 0.378125 0.03203125 0.02578125
90 0.6328125 0.46875 0.034375 0.03046875
90 0.76953125 0.47734375 0.040625 0.02734375
56 0.7234375 0.37734375 0.02109375 0.03046875
90 0.75546875 0.38359375 0.03515625 0.02578125
90 0.88125 0.3859375 0.028125 0.0234375
56 0.85 0.38359375 0.03515625 0.03125
50 0.85703125 0.46015625 0.04140625 0.06484375
90 0.89375 0.478125 0.03203125 0.0234375
90 0.51328125 0.10625 0.03828125 0.0375
90 0.590625 0.11875 0.0265625 0.02578125
37 0.39921875 0.10859375 0.0234375 0.01875
80 0.41796875 0.10703125 0.01015625 0.02109375
3 0.44296875 0.10703125 0.03046875 0.03046875
50 0.37265625 0.103125 0.0234375 0.028125