10 0.943953125 0.906765625 0.04496874999999996 0.05684374999999982
11 0.8522343750000001 0.920359375 0.0443593749999998 0.06782812500000013
12 0.74925 0.9264374999999999 0.048968749999999873 0.05220312500000013
13 0.637578125 0.9336718749999999 0.04314062500000002 0.05509374999999998
14 0.52184375 0.94265625 0.05237499999999997 0.06840624999999996
15 0.42145312500000004 0.95075 0.041343750000000054 0.059140624999999857
16 0.327140625 0.94959375 0.04248437500000009 0.05451562500000016
17 0.23745312500000004 0.958859375 0.05518750000000008 0.049875000000000114
18 0.14517187499999995 0.9605937499999999 0.04879687500000003 0.060296874999999875
19 0.07428124999999994 0.9542343750000001 0.062078125000000026 0.052187500000000143
20 0.94134375 0.791 0.04670312500000016 0.0592031249999998
21 0.857734375 0.789265625 0.036843749999999884 0.06268750000000019
22 0.732171875 0.7985156250000001 0.0657343749999999 0.06498437500000005
23 0.5979375 0.8106718749999999 0.06339062500000008 0.07540624999999998
24 0.48684374999999996 0.812703125 0.05640625000000003 0.06787500000000009
25 0.37690625000000005 0.8196562499999999 0.04017187500000006 0.0609375
26 0.27679687499999994 0.834984375 0.08065625000000001 0.075390625
27 0.187109375 0.8474375000000001 0.05170312499999987 0.07481249999999981
28 0.11709375000000008 0.84975 0.04589062499999983 0.06323437500000004
29 0.049406250000000006 0.8520625 0.05628124999999997 0.058609374999999984
30 0.936421875 0.6567031249999999 0.06001562500000013 0.07778124999999995
31 0.860625 0.65903125 0.05882812500000014 0.066203125
32 0.72465625 0.656421875 0.06689062499999991 0.06099999999999994
33 0.601984375 0.6674218749999999 0.05528124999999999 0.06678125000000001
34 0.48539062499999996 0.6743593750000001 0.06971875000000001 0.06678125000000001
35 0.391953125 0.678125 0.07257812500000008 0.055781250000000074
36 0.9474218750000001 0.485375 0.05192187500000003 0.052390624999999955
37 0.83921875 0.511421875 0.032203124999999846 0.0627968749999999
38 0.704109375 0.50071875 0.04895312499999989 0.05990625000000005
39 0.586359375 0.51865625 0.04487500000000004 0.07957812499999992
40 0.466015625 0.520390625 0.028625000000000077 0.04832812499999992
41 0.36475 0.5409375 0.05059374999999999 0.08015624999999993
42 0.25510937499999997 0.5285 0.05114062500000003 0.06684374999999995
43 0.14776562500000007 0.5559999999999999 0.040109375000000114 0.06393749999999994
44 0.059531250000000036 0.567578125 0.02562500000000014 0.0685625
45 0.96390625 0.36410937499999996 0.043234375000000116 0.06923437499999992
46 0.84471875 0.36701562499999996 0.052468749999999884 0.05648437499999996
47 0.704984375 0.3866875 0.015968750000000042 0.05879687499999999
48 0.577109375 0.39681249999999996 0.05643750000000001 0.04201562499999998
49 0.46775 0.40695312499999997 0.04831249999999994 0.04606250000000003
50 0.35085937500000003 0.41881250000000003 0.03670312500000002 0.05357812499999994
51 0.24034375 0.42807812500000003 0.028562499999999956 0.05589062499999997
26 0.15587499999999999 0.4408125 0.05862499999999997 0.05124999999999993
27 0.070515625 0.45239062499999994 0.0522343750000001 0.06282812500000005
28 0.9682499999999999 0.2416875 0.03803124999999987 0.06754687500000003
55 0.860625 0.23967187499999998 0.0379999999999999 0.061171874999999966
56 0.72465625 0.249796875 0.0530156250000001 0.05828124999999993
57 0.608921875 0.26021875000000005 0.05529687499999998 0.05132812500000004
58 0.46571875 0.279890625 0.060453124999999906 0.06057812499999997
59 0.34653124999999996 0.29146875000000005 0.05579687500000006 0.05131250000000005
60 0.24439062500000003 0.294359375 0.04129687499999992 0.06635937500000004
61 0.17467187499999995 0.30940625 0.05226562500000007 0.07793749999999999
2 0.895921875 0.07731250000000003 0.04379687499999996 0.056031249999999845
3 0.763421875 0.09640625000000007 0.03103125000000002 0.05254687500000017
4 0.6320781249999999 0.10075000000000003 0.04371875000000003 0.06818750000000015
5 0.520984375 0.11203125000000007 0.04368750000000006 0.05601562499999986
6 0.40871874999999996 0.12679687499999998 0.03209374999999994 0.05775000000000006
7 0.31671875 0.14184374999999996 0.035531250000000014 0.055421875000000044
8 0.22906250000000003 0.14965624999999996 0.04765625 0.05715624999999989
9 0.13851562499999998 0.15023437499999998 0.037796875000000084 0.06989062500000003
0 0.05345312500000006 0.14879687500000002 0.05512499999999996 0.06931249999999985