18 0.30625 0.13671875 0.034375 0.0265625
37 0.33828125 0.13984375 0.03046875 0.01953125
89 0.36484375 0.1421875 0.028125 0.0203125
64 0.39296875 0.13984375 0.03125 0.02734375
115 0.42578125 0.1421875 0.03671875 0.01796875
99 0.45546875 0.1421875 0.02265625 0.0171875
80 0.4703125 0.14140625 0.01328125 0.02421875
108 0.4859375 0.140625 0.01953125 0.03046875
80 0.50078125 0.14140625 0.009375 0.0234375
72 0.5404881515625 0.1335806125 0.5324747796875 0.1473069546875 0.5159818984375 0.1559858015625 0.5306820890624999 0.16717694375 0.5572141312500001 0.166034990625 0.561875159375 0.14182558750000002 0.5404881515625 0.1335806125
89 0.51875 0.1453125 0.02265625 0.0171875
29 0.59140625 0.14375 0.02421875 0.02265625
69 0.6140625 0.14765625 0.0203125 0.01640625
99 0.6359375 0.14765625 0.025 0.015625
80 0.65390625 0.14609375 0.009375 0.02109375
69 0.6703125 0.14921875 0.0234375 0.015625
101 0.69140625 0.15078125 0.01640625 0.01796875
29 0.40625 0.2140625 0.0328125 0.02265625
80 0.42578125 0.215625 0.01171875 0.01875
84 0.4484375 0.21875 0.03203125 0.01484375
91 0.47421875 0.22265625 0.021875 0.025
83 0.4875 0.21328125 0.01328125 0.0234375
69 0.5078125 0.21875 0.03046875 0.01640625
115 0.553125 0.2203125 0.03359375 0.01796875
99 0.5796875 0.2203125 0.02265625 0.0125
80 0.59453125 0.21640625 0.009375 0.0234375
108 0.60703125 0.215625 0.0171875 0.025
80 0.621875 0.21796875 0.0140625 0.02109375
72 0.6742964984375 0.21341604687500002 0.6536445375 0.2131678328125 0.6518910671875 0.2327766703125 0.6366943328125 0.23165969999999997 0.6400064484375 0.2382373484375 0.6678671078125 0.24481499375000002 0.67702411875 0.2350105765625 0.6742964984375 0.21341604687500002
89 0.63984375 0.22265625 0.02578125 0.015625
0 0.68984375 0.22109375 0.021875 0.0078125
2 0.71484375 0.2203125 0.01484375 0.01953125
0 0.15 0.24140625 0.0203125 0.01171875
30 0.18515625 0.25234375 0.0390625 0.021875
76 0.21484375 0.25 0.0234375 0.028125
69 0.2390625 0.25546875 0.02734375 0.01875
17 0.29375 0.25234375 0.040625 0.03046875
80 0.31953125 0.25234375 0.01015625 0.02265625
108 0.3328125 0.2515625 0.01640625 0.02734375
56 0.39921875 0.25625 0.02421875 0.01796875
37 0.425 0.25703125 0.02734375 0.015625
89 0.45078125 0.25703125 0.02265625 0.01328125
37 0.35546875 0.25703125 0.02890625 0.015625
50 0.48828125 0.25390625 0.021875 0.0234375
69 0.51171875 0.25859375 0.0234375 0.0171875
101 0.5515625 0.25859375 0.028125 0.0171875
69 0.5765625 0.26015625 0.0234375 0.01640625
69 0.59921875 0.2609375 0.0234375 0.015625
89 0.621875 0.2609375 0.02265625 0.0171875
37 0.6609375 0.2609375 0.02421875 0.015625
101 0.68515625 0.26171875 0.02421875 0.0171875
108 0.71796875 0.2609375 0.02265625 0.0203125
76 0.740625 0.26171875 0.0234375 0.02109375
69 0.7671875 0.26484375 0.02890625 0.01640625
84 0.81015625 0.26484375 0.0375 0.01484375
37 0.84140625 0.265625 0.02734375 0.0140625
80 0.86015625 0.26328125 0.0125 0.021875
89 0.8765625 0.265625 0.02265625 0.01640625
83 0.128125 0.2890625 0.0140625 0.0234375
80 0.140625 0.28828125 0.01015625 0.02109375
108 0.15390625 0.28671875 0.0203125 0.02421875
69 0.17734375 0.28984375 0.02578125 0.01640625
99 0.19921875 0.2890625 0.01796875 0.01796875
37 0.22265625 0.2890625 0.02734375 0.0171875
99 0.24765625 0.2890625 0.02265625 0.01640625
117 0.26953125 0.29609375 0.021875 0.0265625
101 0.3140625 0.290625 0.0265625 0.01796875
112 0.3390625 0.29375 0.0265625 0.0140625
91 0.365625 0.29609375 0.021875 0.021875
91 0.3859375 0.296875 0.01953125 0.02109375
90 0.40859375 0.29453125 0.02109375 0.01328125
99 0.4296875 0.29453125 0.021875 0.01484375
108 0.4484375 0.29140625 0.0203125 0.021875
71 0.502440459375 0.2901743328125 0.5133877078125 0.2867965953125 0.5116772 0.279714246875 0.5005589046875001 0.2764454703125 0.4846243296875 0.2799532671875 0.48294067656250006 0.287232434375 0.4695987171875 0.2878861875 0.47883545781250003 0.2957312515625 0.489953753125 0.3061913390625 0.5000457468749999 0.2982373125 0.502440459375 0.2901743328125
90 0.509375 0.2953125 0.01640625 0.01328125
99 0.5265625 0.29609375 0.02265625 0.015625
108 0.559375 0.29375 0.0234375 0.0234375
76 0.58203125 0.29296875 0.0234375 0.0234375
69 0.60625 0.296875 0.02578125 0.015625
72 0.64609375 0.30390625 0.02890625 0.02734375
99 0.67265625 0.29921875 0.025 0.01796875
69 0.69453125 0.2984375 0.01875 0.015625
37 0.71796875 0.3 0.02421875 0.0171875
108 0.7390625 0.29609375 0.0171875 0.0234375
99 0.77265625 0.2984375 0.02265625 0.01640625
69 0.79296875 0.3 0.01875 0.015625
83 0.80703125 0.296875 0.009375 0.02265625
80 0.8203125 0.29765625 0.00859375 0.01796875
72 0.83671875 0.30625 0.0265625 0.02890625
80 0.85625 0.2984375 0.01171875 0.021875
90 0.87109375 0.3015625 0.01953125 0.0140625
112 0.89140625 0.3 0.01953125 0.01484375
101 0.9109375 0.3015625 0.01953125 0.0171875
56 0.13203125 0.32890625 0.0296875 0.01875
80 0.15390625 0.3265625 0.015625 0.0203125
114 0.1734375 0.32890625 0.02265625 0.01328125
80 0.19140625 0.325 0.01171875 0.021875
83 0.20390625 0.32421875 0.0125 0.02265625
80 0.21640625 0.3265625 0.01015625 0.021875
118 0.234375 0.3296875 0.0234375 0.0171875
37 0.2578125 0.3296875 0.0234375 0.015625
108 0.27890625 0.32734375 0.021875 0.0234375
80 0.29609375 0.32734375 0.0109375 0.02265625
90 0.3125 0.32890625 0.01875 0.01484375
89 0.33359375 0.33046875 0.021875 0.0171875
90 0.37890625 0.3296875 0.028125 0.01640625
71 0.40546875 0.32890625 0.0234375 0.02734375
19 0.43359375 0.328125 0.0109375 0.02109375
89 0.45 0.334375 0.021875 0.0140625
64 0.47109375 0.328125 0.01953125 0.02265625
80 0.48671875 0.3296875 0.0125 0.0203125
37 0.5078125 0.33203125 0.02890625 0.0171875
62 0.5229953187499999 0.347614646875 0.5367035890625 0.3365710359375 0.5247810140625 0.332830546875 0.508279103125 0.34543160624999997 0.5229953187499999 0.347614646875
108 0.5625 0.3296875 0.0234375 0.021875
76 0.5859375 0.32890625 0.02578125 0.02265625
69 0.6125 0.3328125 0.02734375 0.01640625
90 0.65078125 0.334375 0.025 0.01484375
83 0.66796875 0.33203125 0.0125 0.02265625
64 0.68671875 0.33125 0.02421875 0.0234375
69 0.709375 0.33515625 0.01875 0.015625
101 0.728125 0.3359375 0.01875 0.01640625
108 0.75078125 0.33359375 0.0265625 0.025
101 0.7875 0.33359375 0.0234375 0.01875
112 0.809375 0.33671875 0.0234375 0.015625
99 0.83203125 0.3359375 0.0203125 0.0171875
114 0.85234375 0.33515625 0.0203125 0.01328125
80 0.86953125 0.33359375 0.01171875 0.0234375
114 0.88515625 0.33671875 0.01796875 0.0140625
80 0.9 0.334375 0.01015625 0.021875
72 0.94211180625 0.32815454375 0.92626798125 0.3286545046875 0.9249764765625 0.3453620328125 0.9080427343749999 0.343949475 0.9096554781249999 0.349728109375 0.9382815687500001 0.35679088281250004 0.9469500359374999 0.3471598265625 0.94211180625 0.32815454375
89 0.915625 0.33828125 0.021875 0.0171875
56 0.1265625 0.3671875 0.03203125 0.01796875
112 0.15546875 0.36796875 0.02890625 0.015625
83 0.175 0.3640625 0.01015625 0.0203125
108 0.19140625 0.36328125 0.0265625 0.02265625
112 0.21640625 0.3671875 0.02265625 0.015625
99 0.23671875 0.36640625 0.0234375 0.01640625
69 0.25859375 0.36484375 0.025 0.0171875
80 0.29453125 0.3640625 0.01328125 0.0234375
89 0.3140625 0.36875 0.0265625 0.01875
108 0.34765625 0.36796875 0.0234375 0.02421875
76 0.36875 0.3671875 0.025 0.02265625
69 0.39296875 0.36953125 0.02421875 0.01484375
115 0.43984375 0.36875 0.0375 0.0171875
90 0.46796875 0.36875 0.01875 0.01484375
99 0.48671875 0.3703125 0.0234375 0.0171875
83 0.50234375 0.3671875 0.01171875 0.021875
64 0.51875 0.365625 0.01875 0.02265625
68 0.5359375 0.3734375 0.01015625 0.00703125
30 0.5640625 0.36953125 0.0265625 0.01796875
76 0.58828125 0.3671875 0.025 0.02734375
69 0.6140625 0.3703125 0.02578125 0.01640625
91 0.653125 0.37578125 0.02421875 0.02578125
99 0.67578125 0.3734375 0.01875 0.01640625
69 0.69609375 0.3734375 0.021875 0.015625
101 0.71484375 0.375 0.01796875 0.01796875
69 0.7328125 0.375 0.01953125 0.0140625
89 0.7515625 0.37421875 0.02109375 0.0140625
108 0.77265625 0.37109375 0.02734375 0.02109375
108 0.128125 0.40546875 0.03046875 0.0234375
99 0.1546875 0.4078125 0.02421875 0.01796875
37 0.178125 0.4078125 0.025 0.0171875
89 0.20234375 0.40703125 0.02578125 0.01640625
101 0.2265625 0.40703125 0.0265625 0.01640625
83 0.24453125 0.40234375 0.01328125 0.025
37 0.2625 0.40859375 0.02421875 0.015625
108 0.28515625 0.403125 0.0234375 0.02421875
80 0.303125 0.403125 0.0109375 0.02109375
90 0.32109375 0.40625 0.02265625 0.01640625
89 0.34453125 0.4078125 0.02578125 0.01953125
37 0.39140625 0.40859375 0.034375 0.01640625
89 0.41796875 0.40859375 0.02578125 0.01640625
64 0.4421875 0.4046875 0.01953125 0.021875
30 0.14453125 0.87890625 0.03515625 0.01953125
76 0.1734375 0.87734375 0.02578125 0.0234375
90 0.19765625 0.88125 0.01875 0.0171875
84 0.22421875 0.88203125 0.0375 0.01640625
37 0.25625 0.88125 0.021875 0.015625
101 0.27890625 0.8796875 0.02109375 0.01875
37 0.1703125 0.91484375 0.034375 0.01796875
112 0.1984375 0.91484375 0.025 0.01796875
108 0.21875 0.9109375 0.0171875 0.02265625
76 0.23671875 0.9109375 0.02265625 0.025
90 0.2578125 0.9125 0.02109375 0.01328125
99 0.2796875 0.9140625 0.02578125 0.01875
84 0.32265625 0.87734375 0.0375 0.02265625
69 0.35 0.878125 0.0171875 0.015625
99 0.36796875 0.87734375 0.0203125 0.01640625
108 0.38359375 0.87421875 0.01640625 0.02421875
90 0.3984375 0.875 0.01484375 0.015625
89 0.41875 0.8765625 0.02578125 0.01796875
28 0.653125 0.8671875 0.0328125 0.02109375
71 0.64921875 0.90078125 0.03125 0.028125
81 0.7023225203125001 0.8534992625 0.6893107546875 0.8556915390625001 0.69071356875 0.8788739124999999 0.676145465625 0.875973953125 0.6727310671875 0.8807588859375001 0.6877544343750001 0.8856888203125 0.702094896875 0.8833688546875 0.7023225203125001 0.8534992625
37 0.68046875 0.8703125 0.02421875 0.015625
90 0.6703125 0.903125 0.01328125 0.0171875
89 0.6875 0.9046875 0.025 0.0171875
108 0.71171875 0.9 0.025 0.0203125
69 0.7109375 0.8671875 0.01875 0.015625
89 0.72890625 0.86875 0.02109375 0.01875
64 0.74921875 0.86328125 0.02109375 0.02421875
99 0.76796875 0.86640625 0.0171875 0.015625
37 0.78828125 0.8671875 0.025 0.01640625
11 0.7578125 0.90078125 0.0296875 0.01953125
112 0.7828125 0.90234375 0.021875 0.01328125
108 0.80234375 0.89921875 0.01640625 0.02265625
76 0.82109375 0.8984375 0.02421875 0.02265625
90 0.8421875 0.90078125 0.0171875 0.015625
99 0.8625 0.9015625 0.02421875 0.01640625
12 0.82421875 0.86171875 0.0265625 0.021875
80 0.84140625 0.8640625 0.0125 0.021875
108 0.85625 0.86171875 0.01875 0.02421875
108 0.87109375 0.86171875 0.01328125 0.021875
80 0.88125 0.8640625 0.009375 0.02265625
72 0.907014796875 0.85950009375 0.9077258609375001 0.8752444734375 0.8933853796875001 0.8745194828124999 0.8970274015624999 0.883944353125 0.9252530984374999 0.8837993578125 0.9241149656250001 0.8574097203125 0.907014796875 0.85950009375
89 0.896875 0.8671875 0.02265625 0.01484375
0 0.64375 0.78515625 0.021875 0.01484375
68 0.628125 0.7953125 0.0078125 0.00859375
29 0.746875 0.0859375 0.02421875 0.01953125
18 0.771875 0.08515625 0.0234375 0.01953125
28 0.7953125 0.08671875 0.021875 0.01875
19 0.81171875 0.0875 0.01171875 0.01953125
28 0.82890625 0.0875 0.02109375 0.0203125
11 0.85234375 0.0875 0.02578125 0.0203125
23 0.8796875 0.0890625 0.03515625 0.01953125
13 0.84453125 0.10390625 0.015625 0.0125
76 0.85859375 0.1046875 0.01328125 0.0125
80 0.8671875 0.1046875 0.00703125 0.01171875
108 0.875 0.1046875 0.0078125 0.0125
101 0.88515625 0.10625 0.01171875 0.00859375
64 0.12578125 0.75859375 0.034375 0.03203125
69 0.1515625 0.7640625 0.02265625 0.01875
91 0.1734375 0.7671875 0.025 0.02578125
108 0.19375 0.7609375 0.01796875 0.02265625
76 0.2125 0.76171875 0.02265625 0.028125
62 0.23203125 0.7703125 0.01484375 0.01484375
90 0.26875 0.7609375 0.025 0.01640625
112 0.2921875 0.7609375 0.0234375 0.01796875
99 0.31640625 0.76015625 0.028125 0.01640625
84 0.3578125 0.759375 0.0359375 0.015625
90 0.38515625 0.759375 0.01796875 0.0140625
99 0.40234375 0.7578125 0.0171875 0.015625
37 0.42265625 0.75859375 0.0234375 0.0171875
83 0.43984375 0.753125 0.01328125 0.02265625
37 0.4734375 0.75703125 0.02734375 0.0140625
89 0.4984375 0.75625 0.02421875 0.01640625
64 0.5203125 0.75390625 0.02265625 0.0203125
91 0.5609375 0.7578125 0.02265625 0.02265625
90 0.58203125 0.75390625 0.01875 0.01484375
83 0.596875 0.7515625 0.0125 0.021875
80 0.60859375 0.7515625 0.009375 0.021875
108 0.621875 0.75234375 0.01875 0.021875
80 0.6359375 0.75078125 0.01015625 0.02109375
56 0.65234375 0.753125 0.02265625 0.015625
37 0.675 0.753125 0.02265625 0.01484375
83 0.69140625 0.74921875 0.01015625 0.0203125
91 0.72265625 0.75546875 0.021875 0.02109375
99 0.74296875 0.75234375 0.01875 0.01640625
90 0.7609375 0.753125 0.01796875 0.01640625
108 0.78203125 0.75078125 0.0203125 0.021875
69 0.80078125 0.75234375 0.02109375 0.015625
101 0.81953125 0.7515625 0.0171875 0.01640625
108 0.83671875 0.74921875 0.01875 0.0234375
99 0.85625 0.74921875 0.01875 0.021875
80 0.86953125 0.7484375 0.00859375 0.02265625
90 0.88359375 0.75234375 0.01796875 0.01640625
89 0.903125 0.753125 0.021875 0.01796875
101 0.925 0.75234375 0.0234375 0.01796875
37 0.12109375 0.80234375 0.028125 0.01875
99 0.1421875 0.80234375 0.015625 0.01796875
69 0.16484375 0.8015625 0.03125 0.0140625
81 0.196875 0.8015625 0.03125 0.0328125
112 0.221875 0.80234375 0.02265625 0.01484375
101 0.24296875 0.80234375 0.0234375 0.01640625
108 0.2671875 0.7984375 0.021875 0.021875
101 0.30546875 0.7984375 0.025 0.01796875
90 0.3265625 0.8 0.01796875 0.01484375
84 0.36171875 0.8 0.0375 0.01875
112 0.39453125 0.79765625 0.028125 0.01640625
56 0.41796875 0.796875 0.01953125 0.01640625
76 0.440625 0.79375 0.02890625 0.02421875
114 0.47578125 0.7921875 0.0234375 0.015625
69 0.49765625 0.79296875 0.01953125 0.01640625
99 0.51328125 0.79375 0.01796875 0.01640625
50 0.534375 0.790625 0.0203125 0.021875
80 0.5484375 0.790625 0.0140625 0.02421875
37 0.56640625 0.79375 0.02578125 0.015625
72 0.5808479421875 0.8013897296874999 0.564480115625 0.8016715218750001 0.5666919828125 0.8118160265625001 0.5947827171875 0.8109706531249999 0.5936767828125 0.78490491875 0.5775301390625 0.7842004390625 0.5808479421875 0.8013897296874999
69 0.6078125 0.7921875 0.02421875 0.01484375
91 0.1234375 0.72734375 0.0265625 0.0265625
76 0.146875 0.72265625 0.02578125 0.025
117 0.1703125 0.72890625 0.02265625 0.0203125
101 0.19140625 0.725 0.01640625 0.01484375
80 0.209375 0.721875 0.01015625 0.0234375
56 0.228125 0.72421875 0.02265625 0.01796875
37 0.24921875 0.725 0.02265625 0.015625
83 0.26484375 0.7203125 0.01171875 0.021875
56 0.30234375 0.71796875 0.02890625 0.0203125
90 0.32734375 0.72109375 0.01875 0.01796875
89 0.34921875 0.721875 0.0265625 0.01796875
101 0.371875 0.71875 0.02265625 0.015625
56 0.3921875 0.71796875 0.02265625 0.01640625
80 0.4078125 0.715625 0.009375 0.02265625
90 0.42734375 0.71796875 0.02265625 0.01640625
112 0.45 0.71796875 0.021875 0.01640625
101 0.47265625 0.7171875 0.021875 0.0171875
89 0.4953125 0.7171875 0.02265625 0.01875
69 0.51875 0.71640625 0.02265625 0.01640625
101 0.54296875 0.715625 0.0171875 0.0171875
101 0.5625 0.715625 0.0203125 0.01796875
68 0.58046875 0.7203125 0.0046875 0.00390625
115 0.61171875 0.71875 0.02734375 0.0171875
80 0.63203125 0.7140625 0.01171875 0.021875
108 0.6453125 0.715625 0.015625 0.0203125
76 0.6640625 0.71484375 0.02265625 0.02265625
90 0.68671875 0.71640625 0.021875 0.015625
112 0.70859375 0.71640625 0.02265625 0.0140625
108 0.73046875 0.71328125 0.021875 0.021875
101 0.76953125 0.7125 0.02421875 0.0203125
112 0.79296875 0.715625 0.02421875 0.01640625
56 0.8171875 0.71484375 0.02265625 0.0171875
76 0.83984375 0.7125 0.025 0.028125
56 0.48046875 0.40859375 0.0296875 0.01796875
90 0.50546875 0.40859375 0.01953125 0.01484375
84 0.5328125 0.40859375 0.0328125 0.0171875
84 0.56875 0.409375 0.03359375 0.0171875
69 0.59765625 0.409375 0.02421875 0.01328125
89 0.61875 0.4109375 0.02109375 0.01640625
108 0.63671875 0.40703125 0.01875 0.02109375
37 0.65703125 0.40859375 0.0265625 0.0171875
99 0.68203125 0.41015625 0.02421875 0.0171875
117 0.692683275 0.40363146875 0.6926558375 0.4178960046875 0.6812672640625 0.41804713906249996 0.6826908328125 0.427417565625 0.717568365625 0.4275687046875 0.717568365625 0.40127105781249994 0.692683275 0.40363146875
80 0.74375 0.40625 0.0125 0.02578125
101 0.76171875 0.41015625 0.0234375 0.01953125
37 0.79921875 0.41171875 0.0265625 0.0171875
89 0.821875 0.41015625 0.02265625 0.015625
90 0.84296875 0.41171875 0.0171875 0.0140625
108 0.859375 0.40859375 0.01640625 0.0234375
76 0.87890625 0.40859375 0.02265625 0.02421875
69 0.9015625 0.41171875 0.0203125 0.01640625
99 0.921875 0.41328125 0.025 0.01796875
84 0.134375 0.44453125 0.04453125 0.01875
37 0.16875 0.44609375 0.0265625 0.01640625
80 0.1890625 0.4421875 0.01484375 0.02265625
89 0.2078125 0.44453125 0.02265625 0.015625
71 0.23125 0.44375 0.021875 0.03125
69 0.25078125 0.44453125 0.028125 0.0171875
101 0.27265625 0.44375 0.0203125 0.015625
108 0.29140625 0.44140625 0.0171875 0.02421875
37 0.3125 0.44296875 0.0265625 0.01875
99 0.334375 0.44296875 0.021875 0.015625
37 0.35703125 0.44296875 0.025 0.015625
108 0.38046875 0.44140625 0.01953125 0.02265625
80 0.396875 0.440625 0.01171875 0.02109375
90 0.4109375 0.44453125 0.01640625 0.0140625
89 0.43203125 0.44375 0.02265625 0.0171875
90 0.47734375 0.44375 0.0265625 0.015625
71 0.5015625 0.44296875 0.01875 0.02578125
108 0.52890625 0.44453125 0.01953125 0.021875
76 0.55078125 0.44453125 0.02421875 0.021875
69 0.57890625 0.44765625 0.03046875 0.01875
91 0.61796875 0.45 0.0203125 0.02265625
69 0.63984375 0.446875 0.02421875 0.01640625
99 0.66015625 0.44765625 0.01953125 0.01328125
84 0.68671875 0.4484375 0.03359375 0.01796875
37 0.7171875 0.44765625 0.0265625 0.01640625
89 0.74140625 0.44921875 0.0234375 0.01640625
69 0.76171875 0.4484375 0.0203125 0.01484375
89 0.78203125 0.44765625 0.02265625 0.01875
108 0.80703125 0.44609375 0.021875 0.02421875
83 0.834375 0.44453125 0.00703125 0.0234375
80 0.846875 0.4453125 0.01171875 0.02109375
114 0.8609375 0.44609375 0.01875 0.01484375
80 0.8765625 0.44453125 0.009375 0.01953125
89 0.88984375 0.446875 0.01953125 0.01484375
72 0.91015625 0.4515625 0.02265625 0.0234375
80 0.1203125 0.4828125 0.01328125 0.02421875
84 0.14609375 0.48671875 0.0359375 0.01875
91 0.17421875 0.48984375 0.02265625 0.02578125
90 0.1953125 0.48515625 0.01953125 0.01484375
99 0.2171875 0.484375 0.0234375 0.0171875
108 0.23671875 0.48046875 0.0234375 0.02578125
37 0.2609375 0.48515625 0.03046875 0.015625
89 0.2859375 0.48515625 0.0234375 0.01640625
56 0.31171875 0.484375 0.0203125 0.01484375
69 0.334375 0.484375 0.028125 0.01796875
90 0.37421875 0.48515625 0.0234375 0.0171875
71 0.39765625 0.4828125 0.02109375 0.0296875
17 0.44375 0.484375 0.03359375 0.0265625
69 0.4703125 0.48515625 0.021875 0.01484375
69 0.49375 0.484375 0.02265625 0.015625
108 0.51328125 0.48125 0.02109375 0.02578125
37 0.53671875 0.48515625 0.0296875 0.015625
68 0.55859375 0.48828125 0.009375 0.00703125
29 0.59140625 0.48203125 0.02578125 0.021875
115 0.6203125 0.48515625 0.03359375 0.01328125
37 0.6484375 0.484375 0.02109375 0.0140625
84 0.67578125 0.48515625 0.0328125 0.0171875
80 0.696875 0.48046875 0.01328125 0.02265625
12 0.728125 0.48203125 0.02421875 0.01953125
76 0.753125 0.48203125 0.02578125 0.02265625
37 0.77578125 0.48671875 0.0234375 0.01640625
82 0.79765625 0.4828125 0.021875 0.02265625
108 0.8171875 0.4828125 0.01953125 0.02265625
80 0.8328125 0.484375 0.01484375 0.021875
114 0.8484375 0.4859375 0.02109375 0.0140625
69 0.86796875 0.48671875 0.01875 0.01484375
64 0.88515625 0.4828125 0.0234375 0.021875
37 0.9078125 0.4859375 0.01796875 0.01328125
89 0.928125 0.4859375 0.01953125 0.0171875
108 0.94296875 0.48125 0.01328125 0.0234375
37 0.9578125 0.4875 0.01953125 0.01640625
108 0.11875 0.68046875 0.0265625 0.02421875
76 0.14453125 0.6828125 0.028125 0.0296875
69 0.171875 0.68359375 0.0328125 0.01875
80 0.20703125 0.68125 0.0109375 0.02734375
89 0.22578125 0.684375 0.025 0.01875
89 0.2515625 0.684375 0.02734375 0.01796875
69 0.278125 0.68203125 0.0234375 0.015625
99 0.3 0.68359375 0.02265625 0.01796875
64 0.3375 0.6796875 0.03515625 0.02578125
69 0.365625 0.68125 0.02265625 0.01953125
91 0.38828125 0.684375 0.0234375 0.02421875
108 0.40703125 0.67578125 0.0171875 0.0234375
76 0.42421875 0.6765625 0.02265625 0.025
90 0.465625 0.67890625 0.02265625 0.0140625
71 0.48984375 0.67734375 0.021875 0.028125
37 0.521875 0.67890625 0.028125 0.0171875
89 0.54609375 0.678125 0.02578125 0.0171875
37 0.58515625 0.678125 0.02734375 0.01640625
112 0.61171875 0.678125 0.021875 0.0140625
108 0.63046875 0.675 0.01640625 0.021875
76 0.646875 0.67578125 0.0203125 0.0234375
69 0.6671875 0.6765625 0.0203125 0.01640625
89 0.68671875 0.67734375 0.0203125 0.01484375
108 0.709375 0.67265625 0.02265625 0.02421875
80 0.725 0.675 0.01015625 0.02109375
56 0.7421875 0.6765625 0.021875 0.0171875
84 0.78984375 0.67578125 0.03671875 0.01953125
69 0.821875 0.67734375 0.02890625 0.01484375
108 0.84609375 0.67421875 0.02421875 0.0265625
37 0.871875 0.678125 0.028125 0.01796875
0 0.89296875 0.67734375 0.01875 0.00703125
50 0.12578125 0.5234375 0.02890625 0.0234375
99 0.14921875 0.52421875 0.02109375 0.01875
80 0.1671875 0.52265625 0.01015625 0.02578125
72 0.193885446875 0.51536150625 0.1950790625 0.5348767718749999 0.1767769 0.53462333125 0.18194925 0.5440007953125 0.214176975 0.5462818046875 0.21338124062500002 0.51536150625 0.193885446875 0.51536150625
89 0.184375 0.5234375 0.02421875 0.01640625
108 0.121875 0.56015625 0.01953125 0.02578125
76 0.146875 0.56015625 0.025 0.025
37 0.171875 0.56484375 0.0234375 0.01328125
108 0.19609375 0.559375 0.021875 0.025
13 0.13125 0.60546875 0.0296875 0.0234375
112 0.15859375 0.60625 0.0265625 0.0140625
83 0.17734375 0.6015625 0.0125 0.02421875
108 0.1953125 0.60078125 0.02109375 0.0265625
112 0.22109375 0.60625 0.02578125 0.0140625
99 0.24140625 0.603125 0.0203125 0.01640625
69 0.2609375 0.603125 0.02109375 0.0171875
69 0.13203125 0.64375 0.0328125 0.01953125
89 0.16015625 0.6453125 0.02890625 0.015625
64 0.18359375 0.63984375 0.02421875 0.02421875
80 0.2171875 0.640625 0.0125 0.02109375
89 0.24140625 0.64375 0.03125 0.01640625
101 0.2828125 0.64140625 0.02578125 0.02265625
69 0.31015625 0.64375 0.025 0.01796875
80 0.29921875 0.59921875 0.0171875 0.03046875
101 0.22890625 0.52265625 0.03125 0.0234375
90 0.23671875 0.56171875 0.02578125 0.0171875
108 0.26953125 0.52109375 0.02109375 0.0234375
112 0.26328125 0.5625 0.02890625 0.01796875
90 0.29140625 0.52578125 0.0171875 0.01640625
99 0.28984375 0.5609375 0.021875 0.015625
108 0.3171875 0.52109375 0.01953125 0.025
76 0.33984375 0.5203125 0.0234375 0.028125
69 0.3640625 0.52421875 0.0296875 0.01796875
76 0.33125 0.55859375 0.028125 0.025
101 0.315625 0.6015625 0.0203125 0.0171875
83 0.32890625 0.63671875 0.01171875 0.02265625
71 0.35078125 0.6375 0.02734375 0.02734375
0 0.3765625 0.64140625 0.0234375 0.01171875
72 0.3720473 0.551665353125 0.356752571875 0.5570367796875 0.3561323703125 0.5706737328125 0.3334536078125 0.5709271734375 0.338625971875 0.581825309375 0.37960689687500004 0.5848666515625001 0.38199413125000004 0.571180625 0.3720473 0.551665353125
80 0.3484375 0.56015625 0.01171875 0.0234375
71 0.35390625 0.60078125 0.02578125 0.0296875
37 0.3828125 0.603125 0.03046875 0.01875
56 0.40703125 0.60078125 0.01796875 0.01953125
69 0.42734375 0.60234375 0.0234375 0.01640625
64 0.44765625 0.596875 0.0203125 0.02421875
76 0.39140625 0.5578125 0.02421875 0.02890625
83 0.41015625 0.55703125 0.01171875 0.02421875
64 0.4046875 0.6375 0.02734375 0.028125
69 0.43203125 0.6390625 0.02265625 0.0171875
101 0.45546875 0.6390625 0.028125 0.0171875
117 0.428125 0.565625 0.0265625 0.0203125
115 0.41015625 0.521875 0.04140625 0.01953125
69 0.440625 0.52265625 0.0203125 0.0171875
101 0.46171875 0.5234375 0.01640625 0.01640625
108 0.47890625 0.51953125 0.01953125 0.02890625
37 0.5171875 0.52265625 0.0359375 0.01953125
37 0.46953125 0.5609375 0.03203125 0.0203125
115 0.49453125 0.6015625 0.03828125 0.0140625
80 0.51640625 0.59921875 0.009375 0.0265625
108 0.478125 0.63515625 0.0203125 0.02421875
99 0.496875 0.6375 0.02265625 0.0171875
112 0.521875 0.63671875 0.02734375 0.015625
56 0.54609375 0.63828125 0.021875 0.01328125
108 0.56484375 0.63359375 0.01796875 0.0265625
80 0.58125 0.63515625 0.01171875 0.0234375
90 0.59453125 0.6375 0.0203125 0.021875
89 0.615625 0.63828125 0.025 0.0125
108 0.53046875 0.59921875 0.01640625 0.021875
76 0.55078125 0.60078125 0.0234375 0.021875
56 0.49453125 0.5609375 0.02421875 0.015625
101 0.56328125 0.521875 0.028125 0.01953125
108 0.51328125 0.55859375 0.0125 0.021875
37 0.58984375 0.525 0.02734375 0.0140625
83 0.60703125 0.51875 0.0109375 0.0234375
112 0.62578125 0.5234375 0.02421875 0.015625
80 0.528125 0.5578125 0.01171875 0.01953125
37 0.5921875 0.6 0.0328125 0.02109375
114 0.54453125 0.56015625 0.021875 0.015625
80 0.5625 0.5578125 0.01640625 0.025
101 0.58046875 0.55859375 0.01640625 0.0203125
108 0.59921875 0.55703125 0.0171875 0.025
80 0.61640625 0.559375 0.01328125 0.0234375
56 0.63515625 0.55859375 0.02265625 0.0203125
108 0.6484375 0.51953125 0.0203125 0.02578125
37 0.6703125 0.52265625 0.02421875 0.015625
99 0.69375 0.5234375 0.025 0.01875
117 0.71640625 0.5296875 0.0265625 0.02734375
99 0.75390625 0.52265625 0.02109375 0.01796875
69 0.77578125 0.5234375 0.0234375 0.01875
84 0.803125 0.521875 0.03359375 0.01796875
80 0.825 0.52109375 0.01015625 0.021875
89 0.84296875 0.52421875 0.02578125 0.01875
64 0.8640625 0.51953125 0.0203125 0.025
69 0.88359375 0.52265625 0.01875 0.01796875
99 0.9078125 0.52265625 0.0234375 0.01796875
37 0.671875 0.5609375 0.0265625 0.01953125
89 0.70078125 0.5640625 0.028125 0.01953125
64 0.725 0.55859375 0.01953125 0.02265625
90 0.76171875 0.5609375 0.0234375 0.01796875
89 0.784375 0.5609375 0.021875 0.0171875
69 0.80625 0.5609375 0.025 0.01875
101 0.846875 0.56015625 0.025 0.0234375
80 0.8640625 0.559375 0.0125 0.0203125
64 0.8828125 0.559375 0.02421875 0.02421875
69 0.9046875 0.56171875 0.01875 0.01796875
64 0.9234375 0.56015625 0.0203125 0.02734375
56 0.634375 0.59921875 0.034375 0.021875
99 0.66171875 0.60078125 0.02265625 0.0203125
80 0.6796875 0.5984375 0.01171875 0.025
101 0.6953125 0.5984375 0.01875 0.01875
80 0.70859375 0.5984375 0.01171875 0.021875
101 0.72890625 0.6 0.021875 0.02109375
50 0.66015625 0.6375 0.025 0.02109375
69 0.68203125 0.6375 0.01953125 0.01875
56 0.7015625 0.63828125 0.01953125 0.0171875
37 0.72109375 0.6375 0.01953125 0.01640625
112 0.74296875 0.63828125 0.02265625 0.01875
101 0.76328125 0.6375 0.0203125 0.0171875
69 0.7859375 0.6390625 0.025 0.01796875
80 0.81640625 0.634375 0.0125 0.02421875
108 0.834375 0.634375 0.025 0.02265625
83 0.8609375 0.63359375 0.00859375 0.021875
37 0.8765625 0.6390625 0.02109375 0.01796875
56 0.89609375 0.6375 0.01640625 0.0171875
82 0.915625 0.63515625 0.021875 0.021875
101 0.93671875 0.63828125 0.02109375 0.01640625
108 0.7625 0.5984375 0.0203125 0.02109375
76 0.78359375 0.59765625 0.025 0.0234375
37 0.8078125 0.60234375 0.01796875 0.01328125
108 0.8296875 0.59765625 0.02578125 0.02421875
84 0.865625 0.59921875 0.0390625 0.0171875
37 0.896875 0.59921875 0.021875 0.01484375
117 0.91875 0.60234375 0.025 0.021875