24 0.1390625 0.19765625 0.0453125 0.0859375
24 0.2546875 0.1984375 0.0484375 0.0796875
24 0.38671875 0.20234375 0.0515625 0.0765625
24 0.51875 0.209375 0.0546875 0.0875
24 0.65 0.21328125 0.05234375 0.0796875
24 0.7828125 0.2125 0.04296875 0.08046875
24 0.91796875 0.22109375 0.05078125 0.0796875
24 0.13046875 0.42578125 0.046875 0.07421875
24 0.253125 0.4265625 0.059375 0.08359375
24 0.3875 0.43515625 0.0609375 0.07421875
24 0.515625 0.4375 0.053125 0.084375
24 0.64765625 0.44140625 0.04921875 0.09296875
24 0.78046875 0.4515625 0.053125 0.0859375
24 0.91484375 0.4546875 0.05234375 0.0859375
89 0.1296875 0.65703125 0.04765625 0.096875
89 0.25078125 0.665625 0.0609375 0.0875
89 0.378125 0.66875 0.0546875 0.08046875
89 0.50859375 0.675 0.059375 0.0859375
89 0.63671875 0.68125 0.06171875 0.07421875
89 0.76796875 0.6859375 0.06171875 0.08359375
89 0.9046875 0.69609375 0.0609375 0.07578125
89 0.12265625 0.896875 0.0375 0.08203125
89 0.2453125 0.9015625 0.0578125 0.08046875
89 0.37421875 0.8984375 0.05703125 0.0953125
89 0.50625 0.909375 0.06015625 0.08828125
89 0.63515625 0.91953125 0.053125 0.09296875
89 0.765625 0.915625 0.06015625 0.0859375
89 0.90390625 0.93046875 0.06328125 0.096875