99 0.05390625 0.2265625 0.0421875 0.10546875
99 0.2140625 0.20546875 0.0484375 0.09375
99 0.38671875 0.20390625 0.04921875 0.1
99 0.5515625 0.1953125 0.0515625 0.10703125
99 0.721875 0.1890625 0.0546875 0.1015625
99 0.8953125 0.1796875 0.0484375 0.0984375
56 0.0546875 0.51640625 0.03359375 0.0890625
99 0.14375 0.50546875 0.04296875 0.084375
56 0.29375 0.50703125 0.0375 0.09140625
99 0.39921875 0.5078125 0.03984375 0.1015625
56 0.5484375 0.49453125 0.03671875 0.07734375
99 0.65703125 0.49296875 0.046875 0.090625
56 0.809375 0.48359375 0.0359375 0.08359375
99 0.9140625 0.48125 0.03828125 0.10625
50 0.06328125 0.76796875 0.04609375 0.14140625
99 0.14609375 0.81328125 0.04765625 0.1296875
50 0.30703125 0.77421875 0.05390625 0.153125
99 0.4046875 0.78359375 0.0390625 0.1046875
50 0.5515625 0.76484375 0.05625 0.15546875
99 0.64140625 0.7828125 0.03671875 0.1109375
50 0.796875 0.7578125 0.053125 0.14765625
99 0.89453125 0.77265625 0.04765625 0.11875
37 0.1 0.221875 0.05078125 0.06640625
37 0.25703125 0.21328125 0.04921875 0.08671875
37 0.434375 0.215625 0.05 0.07265625
37 0.6 0.2 0.04609375 0.06875
37 0.7734375 0.190625 0.05703125 0.06953125
37 0.94140625 0.1796875 0.05625 0.075
37 0.0921875 0.51875 0.0515625 0.0703125
90 0.1796875 0.515625 0.0328125 0.0796875
37 0.33359375 0.5140625 0.04765625 0.08671875
90 0.4359375 0.509375 0.0328125 0.07109375
37 0.5875 0.5015625 0.04375 0.0734375
90 0.6953125 0.49609375 0.034375 0.084375
37 0.8515625 0.48203125 0.0546875 0.08125
90 0.95234375 0.4859375 0.04140625 0.0828125
80 0.09765625 0.8015625 0.02734375 0.09921875
90 0.18046875 0.80703125 0.0375 0.0828125
80 0.346875 0.79296875 0.0328125 0.096875
90 0.4375 0.80234375 0.03203125 0.07421875
80 0.59375 0.7796875 0.025 0.10546875
90 0.6734375 0.7921875 0.0375 0.078125
80 0.834375 0.78203125 0.0296875 0.09375
90 0.9328125 0.7890625 0.03515625 0.07421875