10 0.10071875 0.8832968749999999 0.060015624999999996 0.09198437499999983
36 0.10931249999999999 0.5375 0.061578125 0.07265625
37 0.21359374999999997 0.55625 0.059218749999999966 0.08201562500000001
11 0.19132812500000002 0.8831093750000001 0.069375 0.08846874999999983
38 0.29015625 0.546296875 0.07170312499999998 0.074609375
12 0.275890625 0.8944375000000001 0.04710937499999997 0.10487499999999983
39 0.382140625 0.54765625 0.07207812499999999 0.08359375
13 0.354203125 0.8836875 0.05920312499999998 0.08339062499999983
40 0.461625 0.543953125 0.04746874999999999 0.063671875
14 0.43915625 0.8766562499999999 0.06114062499999999 0.06620312499999984
41 0.523734375 0.54434375 0.04823437500000001 0.086328125
15 0.495015625 0.8811562500000001 0.040031250000000004 0.08456249999999983
42 0.586421875 0.546875 0.05095312500000002 0.11640625
16 0.55340625 0.8756875000000001 0.051359375000000006 0.09551562500000017
43 0.6635625 0.56309375 0.06851562500000004 0.09568750000000001
17 0.6166875 0.8680625 0.05290625000000002 0.08340625000000017
44 0.721359375 0.5668124999999999 0.04351562500000004 0.06873437500000001
18 0.6754687500000001 0.8737343750000001 0.04156250000000004 0.07596874999999984
45 0.780734375 0.564453125 0.03725000000000005 0.1046875
19 0.73971875 0.8725625000000001 0.05679687500000004 0.10176562500000016
46 0.8424531249999999 0.563875 0.05131249999999987 0.09412500000000001
20 0.799484375 0.8750937499999999 0.04350000000000005 0.10059375000000018
47 0.9109999999999999 0.57715625 0.051687499999999886 0.11443750000000001
21 0.862765625 0.8756875000000001 0.04504687499999989 0.07987499999999984
48 0.114390625 0.405625 0.06392187499999999 0.07468749999999993
22 0.91665625 0.8811562500000001 0.04348437499999989 0.08456249999999983
49 0.19309375 0.410125 0.05335937500000001 0.04615624999999994
23 0.08743749999999999 0.7608124999999999 0.080328125 0.07526562500000011
50 0.27726562499999996 0.40503125000000006 0.06935937499999997 0.07976562499999992
24 0.1721875 0.7563124999999999 0.054546874999999995 0.08815625000000012
51 0.368859375 0.40346875000000004 0.06115624999999998 0.11415624999999992
25 0.248359375 0.7655 0.04281249999999996 0.08151562500000012
52 0.454203125 0.41245312500000003 0.07168749999999999 0.11960937499999993
26 0.3255 0.7608124999999999 0.07599999999999998 0.07526562500000011
53 0.534078125 0.40815625000000005 0.06815625 0.10476562499999993
27 0.40831249999999997 0.7561249999999999 0.054109374999999994 0.06901562500000011
54 0.6168750000000001 0.415390625 0.06501562500000002 0.07859374999999993
28 0.479 0.7641249999999999 0.059562500000000004 0.07251562500000013
55 0.68309375 0.44606250000000003 0.04507812500000004 0.06801562499999995
29 0.54403125 0.7641249999999999 0.06698437500000001 0.07878125000000011
56 0.750265625 0.433375 0.05445312500000003 0.07389062499999995
30 0.597546875 0.77096875 0.04743750000000002 0.08618750000000013
57 0.8137343749999999 0.44684375000000004 0.06810937499999987 0.06645312499999996
31 0.670203125 0.771359375 0.05835937500000003 0.07759375000000013
58 0.888546875 0.45290625 0.06535937499999989 0.06606249999999995
32 0.741484375 0.77096875 0.05640625000000003 0.07056250000000013
59 0.953375 0.44860937500000003 0.0544062499999999 0.06684374999999995
33 0.8076874999999999 0.7684218749999999 0.05209374999999987 0.07173437500000013
60 0.104421875 0.2505 0.05571875 0.127140625
34 0.8699843749999999 0.7649062499999999 0.039968749999999886 0.08659375000000011
61 0.1925 0.260265625 0.06390625000000001 0.11540625000000002
35 0.9188124999999999 0.7569062499999999 0.048562499999999884 0.08307812500000011
0 0.10228124999999999 0.08990624999999994 0.07876562499999999 0.09675000000000011
1 0.19171875 0.08912499999999994 0.06234375000000001 0.08893750000000011
2 0.2770625 0.08931249999999995 0.07287499999999998 0.1174687500000001
3 0.365734375 0.10396874999999994 0.07053124999999998 0.11550000000000012
4 0.446578125 0.09907812499999995 0.06817187499999999 0.1370000000000001
5 0.528796875 0.10709374999999995 0.066203125 0.12487500000000011
6 0.61121875 0.10943749999999994 0.05759375000000002 0.10456250000000011
7 0.675078125 0.12271874999999995 0.06421875000000003 0.10923437500000013
8 0.754953125 0.14715624999999993 0.06381250000000005 0.07992187500000014
9 0.8330781249999999 0.15223437499999992 0.04818749999999987 0.09320312500000014