10 0.10071875 0.11670312499999999 0.060015624999999996 0.09198437500000001
36 0.10931249999999999 0.4625 0.061578125 0.07265625
37 0.21359374999999997 0.44375 0.059218749999999966 0.08201562500000001
11 0.19132812500000002 0.116890625 0.069375 0.08846875000000001
38 0.29015625 0.453703125 0.07170312499999998 0.074609375
12 0.275890625 0.1055625 0.04710937499999997 0.10487500000000001
39 0.382140625 0.45234375 0.07207812499999999 0.08359375
13 0.354203125 0.1163125 0.05920312499999998 0.08339062500000001
40 0.461625 0.456046875 0.04746874999999999 0.063671875
14 0.43915625 0.12334375 0.06114062499999999 0.066203125
41 0.523734375 0.45565625 0.04823437500000001 0.086328125
15 0.495015625 0.11884375 0.040031250000000004 0.08456250000000001
42 0.586421875 0.453125 0.05095312500000002 0.11640625
16 0.55340625 0.1243125 0.051359375000000006 0.09551562499999999
43 0.6635625 0.43690625 0.06851562500000004 0.09568750000000001
17 0.6166875 0.13193749999999999 0.05290625000000002 0.08340624999999999
44 0.721359375 0.4331875 0.04351562500000004 0.06873437500000001
18 0.6754687500000001 0.126265625 0.04156250000000004 0.07596875
45 0.780734375 0.435546875 0.03725000000000005 0.1046875
19 0.73971875 0.1274375 0.05679687500000004 0.101765625
46 0.8424531249999999 0.436125 0.05131249999999987 0.09412500000000001
20 0.799484375 0.12490625 0.04350000000000005 0.10059375
47 0.9109999999999999 0.42284375 0.051687499999999886 0.11443750000000001
21 0.862765625 0.1243125 0.04504687499999989 0.079875
48 0.114390625 0.594375 0.06392187499999999 0.07468749999999993
22 0.91665625 0.11884375 0.04348437499999989 0.08456250000000001
49 0.19309375 0.5898749999999999 0.05335937500000001 0.04615624999999994
23 0.08743749999999999 0.23918750000000003 0.080328125 0.07526562500000003
50 0.27726562499999996 0.5949687499999999 0.06935937499999997 0.07976562499999992
24 0.1721875 0.2436875 0.054546874999999995 0.08815625000000002
51 0.368859375 0.59653125 0.06115624999999998 0.11415624999999992
25 0.248359375 0.23450000000000001 0.04281249999999996 0.08151562500000002
52 0.454203125 0.5875468749999999 0.07168749999999999 0.11960937499999993
26 0.3255 0.23918750000000003 0.07599999999999998 0.07526562500000003
53 0.534078125 0.59184375 0.06815625 0.10476562499999993
27 0.40831249999999997 0.243875 0.054109374999999994 0.06901562500000002
54 0.6168750000000001 0.584609375 0.06501562500000002 0.07859374999999993
28 0.479 0.235875 0.059562500000000004 0.07251562500000004
55 0.68309375 0.5539375 0.04507812500000004 0.06801562499999995
29 0.54403125 0.235875 0.06698437500000001 0.07878125000000002
56 0.750265625 0.5666249999999999 0.05445312500000003 0.07389062499999995
30 0.597546875 0.22903125000000002 0.04743750000000002 0.08618750000000004
57 0.8137343749999999 0.55315625 0.06810937499999987 0.06645312499999996
31 0.670203125 0.22864062500000001 0.05835937500000003 0.07759375000000004
58 0.888546875 0.5470937499999999 0.06535937499999989 0.06606249999999995
32 0.741484375 0.22903125000000002 0.05640625000000003 0.07056250000000004
59 0.953375 0.551390625 0.0544062499999999 0.06684374999999995
33 0.8076874999999999 0.23157812500000002 0.05209374999999987 0.07173437500000004
60 0.104421875 0.7495 0.05571875 0.127140625
34 0.8699843749999999 0.23509375000000002 0.039968749999999886 0.08659375000000002
61 0.1925 0.739734375 0.06390625000000001 0.11540625000000002
35 0.9188124999999999 0.24309375000000003 0.048562499999999884 0.08307812500000003
0 0.10228124999999999 0.91009375 0.07876562499999999 0.09675000000000011
1 0.19171875 0.9108750000000001 0.06234375000000001 0.08893750000000011
2 0.2770625 0.9106875000000001 0.07287499999999998 0.1174687500000001
3 0.365734375 0.8960312500000001 0.07053124999999998 0.11550000000000012
4 0.446578125 0.9009218750000001 0.06817187499999999 0.1370000000000001
5 0.528796875 0.89290625 0.066203125 0.12487500000000011
6 0.61121875 0.8905625 0.05759375000000002 0.10456250000000011
7 0.675078125 0.87728125 0.06421875000000003 0.10923437500000013
8 0.754953125 0.8528437500000001 0.06381250000000005 0.07992187500000014
9 0.8330781249999999 0.8477656250000001 0.04818749999999987 0.09320312500000014