10 0.058078125 0.9035781249999999 0.03165625000000001 0.07362499999999983
11 0.11882812499999999 0.9021250000000001 0.035109375 0.06610937499999991
12 0.16829687499999998 0.9142812499999999 0.026421874999999994 0.055687500000000154
13 0.218640625 0.918921875 0.03682812499999999 0.06031249999999986
14 0.27159374999999997 0.9305 0.03507812499999998 0.057984374999999845
15 0.31875 0.931078125 0.028687500000000022 0.07071874999999998
15 0.37284375000000003 0.9305 0.04314062500000002 0.07882812500000007
17 0.431359375 0.927421875 0.038328124999999956 0.059609375000000145
18 0.47426562499999997 0.9278437500000001 0.03571875000000002 0.05700000000000003
19 0.523546875 0.9317500000000001 0.03540624999999995 0.05093749999999986
20 0.57253125 0.9294375 0.031062499999999993 0.05556249999999992
21 0.618484375 0.9285781249999999 0.025843749999999943 0.050359375000000026
22 0.672390625 0.928859375 0.03479687499999997 0.04631250000000016
23 0.721515625 0.9303125 0.032468749999999956 0.050359375000000026
24 0.7606875 0.93421875 0.029281250000000016 0.05121874999999996
25 0.8176249999999999 0.93521875 0.028687499999999845 0.05787499999999994
26 0.8679062500000001 0.9373906249999999 0.03560937499999994 0.058734374999999873
27 0.92975 0.9438906250000001 0.034421874999999956 0.057859374999999956
28 0.98178125 0.94765625 0.027484374999999873 0.05034375000000004
29 0.055296875 0.741796875 0.04064062500000001 0.07356249999999989
30 0.1105 0.7418125 0.033109374999999996 0.052749999999999984
31 0.178265625 0.74990625 0.042062500000000023 0.046968750000000094
32 0.25978124999999996 0.75365625 0.042031249999999964 0.049843749999999964
33 0.325234375 0.7509062500000001 0.032468750000000046 0.060546875
34 0.39503125 0.754671875 0.03506250000000009 0.06343750000000004
61 0.445890625 0.756546875 0.03967187499999998 0.06489062499999995
36 0.044484375 0.47903124999999996 0.03635937499999999 0.06146875000000005
37 0.13653125 0.48624999999999996 0.027953124999999978 0.07476562500000003
38 0.212390625 0.474984375 0.034578124999999994 0.055703124999999964
39 0.272515625 0.48293749999999996 0.03917187499999999 0.07275000000000009
40 0.3525625 0.47831250000000003 0.038578125 0.05425000000000004
41 0.4118125 0.478015625 0.03220312500000002 0.079109375
42 0.477125 0.46254687499999997 0.034500000000000065 0.07709375000000004
43 0.5568906250000001 0.495796875 0.03793749999999996 0.06956249999999997
44 0.6201875 0.507359375 0.02578125 0.07765625000000007
45 0.671484375 0.5088125 0.029531249999999964 0.08517187499999998
46 0.7124375 0.5031718749999999 0.024703124999999916 0.05481250000000006
18 0.779203125 0.511265625 0.029890624999999994 0.05596875000000008
48 0.8456718750000001 0.516328125 0.04142187499999998 0.04410937500000003
49 0.8953749999999999 0.524421875 0.02637500000000017 0.045265625000000045
50 0.93265625 0.53034375 0.02464062499999997 0.045546874999999966
51 0.976875 0.519078125 0.02635937499999983 0.06464062500000001
52 0.024656249999999998 0.30284374999999997 0.034875 0.09645312500000003
53 0.10587500000000001 0.31918749999999996 0.03426562500000001 0.055109374999999974
54 0.1609375 0.32193750000000004 0.025875000000000002 0.065234375
55 0.21121875 0.325109375 0.03510937500000004 0.06928125000000004
56 0.276671875 0.328 0.03248437500000003 0.053078125000000045
57 0.34445312499999997 0.3335 0.04142187499999998 0.05596875000000008
58 0.41612499999999997 0.33509374999999997 0.04603125000000006 0.05800000000000001
59 0.49734375000000003 0.342890625 0.04542187500000008 0.04237500000000001
60 0.5837656250000001 0.338265625 0.027500000000000035 0.08979687500000004
61 0.6350625 0.3515625 0.04512499999999999 0.05625
0 0.058921875 0.09128124999999994 0.03574999999999999 0.07387499999999995
1 0.15559375 0.08940625000000005 0.012312499999999994 0.05509374999999998
2 0.21007812499999998 0.09403124999999993 0.039765624999999985 0.05278124999999996
3 0.30978125 0.10399999999999991 0.031062499999999993 0.061156250000000155
4 0.38651562500000003 0.10501562500000006 0.037109375 0.05160937499999996
5 0.45168749999999996 0.10876562500000002 0.03390625000000007 0.07184375000000003
6 0.5274062500000001 0.11079687499999995 0.031578125000000054 0.07473437499999988
7 0.60403125 0.11946875000000005 0.047218750000000045 0.06779687500000016
8 0.67628125 0.13117187500000008 0.03562499999999993 0.07385937499999998
9 0.7442031250000001 0.13420312499999998 0.03271875000000009 0.07646875000000009