10 0.93521875 0.10332812499999999 0.04057812500000004 0.05931250000000001
11 0.86465625 0.101546875 0.03142187499999984 0.05931250000000001
12 0.7865781249999999 0.10921875 0.03551562500000003 0.053421874999999994
13 0.71278125 0.10878125000000001 0.03639062500000012 0.061375
14 0.640453125 0.0958125 0.037843750000000044 0.07079687500000001
15 0.55059375 0.09684374999999999 0.03368749999999991 0.0675625
16 0.4804375 0.086671875 0.041390625000000014 0.06314062499999999
17 0.41017187499999996 0.090203125 0.038718749999999955 0.066671875
18 0.337984375 0.0958125 0.041640624999999966 0.07079687500000001
19 0.269921875 0.090796875 0.032781250000000026 0.05725000000000002
20 0.20953125000000003 0.08151562500000001 0.04043750000000017 0.054593749999999996
21 0.13764062500000004 0.08284375000000002 0.035703124999999857 0.05546875
22 0.08195312500000007 0.06928125 0.04451562500000002 0.053109375000000014
23 0.937109375 0.2284375 0.04209375000000008 0.05317187499999996
24 0.8565312500000001 0.23535937499999998 0.0423593750000002 0.05818750000000002
25 0.7802187500000001 0.22931249999999997 0.039390625000000054 0.06554687499999998
26 0.7045 0.24876562500000002 0.0387812499999999 0.07264062500000001
27 0.6307031249999999 0.24317187499999998 0.043187499999999976 0.06850000000000005
28 0.558953125 0.25128125 0.039921874999999926 0.06173437499999999
29 0.48353124999999997 0.24759375 0.03518749999999997 0.052593750000000036
30 0.4126875 0.251125 0.04076562500000005 0.05612500000000002
31 0.34521875 0.25421875 0.04132812500000007 0.057015625000000014
32 0.27259374999999997 0.245828125 0.05398437499999993 0.05612500000000002
33 0.21009374999999997 0.24596874999999999 0.04637499999999992 0.06349999999999997
34 0.15175 0.242875 0.039281250000000156 0.07675000000000001
35 0.07868750000000002 0.23889062499999997 0.051046875000000116 0.06703124999999996
36 0.93534375 0.42056250000000006 0.03854687500000011 0.055546874999999926
37 0.8591875 0.413484375 0.05471874999999997 0.06968750000000004
38 0.776703125 0.427640625 0.035843750000000084 0.05201562499999994
39 0.6930156249999999 0.42175 0.0370000000000001 0.07559374999999999
40 0.621421875 0.43146874999999996 0.03520312499999996 0.05967187500000008
41 0.545703125 0.427046875 0.031062499999999993 0.06851562500000004
42 0.462921875 0.43529687499999997 0.03751562499999998 0.074421875
43 0.37984375000000004 0.41909375000000004 0.04810937499999994 0.06675000000000005
44 0.31159375 0.416578125 0.027250000000000087 0.059968749999999994
45 0.252515625 0.419390625 0.03046875 0.06026562500000008
46 0.187703125 0.40685937499999997 0.03987499999999997 0.051125000000000045
21 0.12156249999999993 0.400671875 0.0395624999999999 0.06349999999999997
48 0.06057812499999997 0.407296875 0.05899999999999998 0.04315625000000001
49 0.9428906250000001 0.54434375 0.05174999999999983 0.048531249999999915
50 0.8469843749999999 0.5670468750000001 0.029625000000000058 0.05148437500000007
51 0.76125 0.603890625 0.027843750000000077 0.061515625000000004
52 0.6880312500000001 0.606984375 0.03459374999999998 0.06948437500000004
53 0.592234375 0.607703125 0.03878125000000008 0.049718750000000075
54 0.511515625 0.6019687499999999 0.03757812499999993 0.06121874999999992
29 0.44640625 0.606828125 0.03696874999999995 0.055031250000000045
56 0.367859375 0.59428125 0.04378124999999997 0.0546875
31 0.307015625 0.586171875 0.04346875000000008 0.050843749999999945
58 0.22982812499999997 0.586625 0.05995312500000001 0.04996875000000003
33 0.15910937500000005 0.585 0.04224999999999994 0.05910937500000006
60 0.09753124999999993 0.5685 0.04164062500000014 0.0720625
61 0.030953124999999915 0.56715625 0.04574999999999996 0.06585937499999997
0 0.9337500000000001 0.7840625000000001 0.032937499999999884 0.06095312499999998
1 0.841484375 0.7949375 0.024390624999999843 0.0579218749999999
2 0.769296875 0.799890625 0.04499999999999993 0.06782812499999995
3 0.67690625 0.7985156250000001 0.041671875000000115 0.07168749999999999
4 0.619703125 0.8070468749999999 0.043859375000000075 0.06564062499999998
5 0.54875 0.799890625 0.030640625000000022 0.05132812500000004
6 0.506671875 0.792734375 0.02567187499999992 0.05682812499999983
7 0.466796875 0.78434375 0.03610937500000002 0.058203125
8 0.41537499999999994 0.7765 0.023453124999999984 0.06067187500000006
9 0.35006250000000005 0.785578125 0.03029687499999998 0.09203125000000015