10 0.9219687499999999 0.780578125 0.04728124999999998 0.09393750000000001
11 0.8496406249999999 0.7834687499999999 0.03915624999999991 0.08120312500000004
12 0.7686249999999999 0.78578125 0.04145312499999996 0.08351562500000007
13 0.6858906250000001 0.7933125000000001 0.03332812499999989 0.0684687499999999
14 0.6094999999999999 0.809234375 0.04024999999999999 0.08178124999999987
15 0.5290781250000001 0.81878125 0.04832812499999992 0.07309374999999996
16 0.46659375000000003 0.83209375 0.04831249999999994 0.08118750000000005
17 0.39773437500000003 0.8375937499999999 0.04018750000000004 0.0736562499999998
18 0.33553125 0.840203125 0.04306249999999991 0.07885937500000004
19 0.273625 0.8514843750000001 0.034937500000000024 0.08754687499999995
20 0.20851562500000007 0.848296875 0.03665625000000006 0.06960937499999993
21 0.141984375 0.8537968750000001 0.030859375 0.06901562500000011
22 0.078328125 0.863921875 0.060921875000000014 0.07306249999999999
23 0.932953125 0.6179218750000001 0.04612499999999997 0.08590625000000003
24 0.8403750000000001 0.6121406250000001 0.04378124999999997 0.06970312500000002
25 0.7637031249999999 0.623421875 0.03392187500000006 0.06448437499999997
26 0.680671875 0.630953125 0.05068750000000009 0.08417187500000001
27 0.595625 0.640796875 0.040234375 0.07142187500000005
28 0.529375 0.658453125 0.037328124999999976 0.07431249999999992
29 0.45646875 0.672625 0.04425000000000008 0.07025000000000006
30 0.387890625 0.677546875 0.04596874999999993 0.06389062499999998
31 0.33321875 0.686234375 0.03379687499999999 0.06735937500000003
32 0.277375 0.700984375 0.04478124999999995 0.0551874999999999
33 0.2045 0.693640625 0.03782812500000006 0.06751562499999988
34 0.1317500000000001 0.7025781249999999 0.022531250000000114 0.06001562500000013
35 0.06907812500000006 0.70603125 0.04239062500000017 0.063484375
36 0.9268281249999999 0.42346874999999995 0.03857812500000009 0.05632812499999993
37 0.824828125 0.433125 0.03854687500000011 0.059484375000000075
38 0.7463124999999999 0.44192187499999996 0.03132812499999993 0.060921875000000014
39 0.678328125 0.46079687500000005 0.03245312499999997 0.059484375000000075
40 0.591890625 0.46540625 0.028968749999999942 0.04679687500000007
41 0.5237499999999999 0.486015625 0.025203124999999993 0.06954687499999998
42 0.46107812499999995 0.47837500000000005 0.031234375000000016 0.06926562500000007
43 0.397546875 0.504609375 0.028625000000000077 0.061765624999999956
44 0.34448437500000006 0.51815625 0.020640625000000058 0.06232812499999998
45 0.298390625 0.506046875 0.02639062499999998 0.09346875000000007
46 0.256765625 0.5184375 0.024937500000000057 0.04792187499999993
47 0.21468749999999998 0.523046875 0.01570312499999993 0.045609375000000084
48 0.15807812499999993 0.535296875 0.05459375000000009 0.050515625000000064
49 0.91875 0.2845625 0.05124999999999993 0.05404687500000005
50 0.8151875000000001 0.286734375 0.030187499999999902 0.05145312499999992
25 0.738109375 0.29896874999999995 0.030453125000000015 0.06671875000000008
52 0.668078125 0.31065624999999997 0.03910937499999996 0.06239062499999992
53 0.5876875 0.32865625 0.030453125000000015 0.059218749999999966
54 0.517109375 0.33629687500000005 0.029843750000000037 0.05257812499999996
55 0.458609375 0.357921875 0.03271875000000009 0.05776562500000004
56 0.393640625 0.361953125 0.029531249999999964 0.04623437500000005
57 0.341921875 0.36915624999999996 0.027500000000000035 0.0421875
58 0.2928125 0.3755 0.03410937500000007 0.03989062499999996
59 0.24137500000000003 0.387890625 0.024578125000000027 0.03929687499999997
60 0.193546875 0.370015625 0.03032812500000013 0.08196875000000006
61 0.130453125 0.391203125 0.05625 0.05515624999999993
0 0.9092656250000001 0.11857812499999998 0.042578125 0.07135937500000011
1 0.810875 0.1321249999999999 0.02325000000000017 0.051171875
2 0.7251562500000001 0.1436562500000001 0.030421875000000043 0.055781250000000074
3 0.652546875 0.15764062499999998 0.026953125 0.05721874999999983
4 0.5735781249999999 0.16556250000000006 0.03793749999999996 0.05
5 0.507890625 0.18385937499999994 0.024093749999999935 0.04970312499999992
6 0.44003125 0.20071874999999997 0.026656249999999916 0.059218749999999966
7 0.38601562500000003 0.212109375 0.03615624999999998 0.058921875000000054
8 0.329546875 0.230265625 0.02921875000000007 0.06524999999999999
9 0.27465624999999994 0.23746875000000003 0.025453124999999945 0.05314062499999998