10 0.11360937499999998 0.147578125 0.026203125000000015 0.055546874999999975
11 0.177453125 0.151890625 0.02710937499999999 0.045453125000000004
12 0.226421875 0.148125 0.029109374999999993 0.039015625
13 0.288515625 0.14675 0.034250000000000023 0.048390625
14 0.345125 0.141328125 0.030593749999999975 0.05628125000000002
15 0.399234375 0.13379687499999998 0.029671875000000014 0.058859375000000026
16 0.45215625 0.1379375 0.030781250000000072 0.05720312500000002
17 0.51321875 0.12979687499999998 0.030921874999999942 0.06079687499999999
18 0.555296875 0.1328125 0.02726562500000007 0.06303125000000001
19 0.607125 0.12884374999999998 0.03551562500000003 0.06079687499999999
20 0.672484375 0.12096875 0.025 0.051718749999999994
21 0.7346874999999999 0.124390625 0.03301562499999999 0.06143749999999999
22 0.791609375 0.121046875 0.036171875000000145 0.05284374999999999
23 0.115125 0.280421875 0.029546874999999993 0.05481249999999997
24 0.177609375 0.282171875 0.02857812499999999 0.050687499999999996
25 0.24201562499999998 0.280421875 0.02634375000000002 0.05864062500000004
26 0.2980625 0.277875 0.03189062500000004 0.05735937499999997
27 0.346796875 0.267859375 0.0234375 0.048765624999999965
28 0.398 0.274859375 0.028515625 0.05131249999999996
29 0.455984375 0.269046875 0.029984375000000084 0.05018750000000001
30 0.514578125 0.2688125 0.03171874999999993 0.04874999999999998
31 0.561328125 0.25234375 0.027890625000000037 0.04540625
32 0.612375 0.25290625 0.040281249999999956 0.05320312500000002
33 0.656734375 0.251625 0.02595312500000002 0.04874999999999998
34 0.7109687499999999 0.24987499999999999 0.026609374999999956 0.06624999999999996
35 0.7746562499999999 0.242640625 0.03470312500000006 0.04890625000000002
36 0.10828125 0.46109375 0.032078125 0.03923437500000002
37 0.16353125 0.44765625 0.025218749999999977 0.04957812500000003
38 0.238578125 0.45075000000000004 0.036015625000000016 0.04528125000000003
39 0.303875 0.43324999999999997 0.025375000000000016 0.05226562500000007
40 0.38654687499999996 0.43659375 0.026609374999999956 0.04559374999999992
41 0.44120312500000003 0.446296875 0.029984375000000084 0.10700000000000003
42 0.51346875 0.45028125 0.034265624999999925 0.07868750000000002
43 0.586140625 0.40223437500000003 0.03551562500000003 0.05703125
44 0.637046875 0.400171875 0.02092187499999998 0.05479687500000008
45 0.6815625 0.42132812499999994 0.02407812499999995 0.11429687499999996
46 0.73284375 0.393171875 0.024546875000000058 0.06753125000000004
18 0.79096875 0.39260937500000004 0.01867187500000007 0.06545312499999997
48 0.84821875 0.4016875 0.03964062499999983 0.04732812499999994
49 0.114625 0.624796875 0.04096875 0.04415624999999999
50 0.18109375 0.6112031250000001 0.028874999999999984 0.0484375
51 0.24557812499999998 0.6125625 0.023281249999999965 0.067375
52 0.31037499999999996 0.60834375 0.033624999999999974 0.07707812500000007
53 0.38449999999999995 0.584953125 0.03396875000000001 0.043656250000000084
54 0.431734375 0.583609375 0.029187499999999922 0.04700000000000006
55 0.508609375 0.571125 0.029328124999999972 0.06751562500000005
56 0.5855 0.57096875 0.03615624999999998 0.05573437499999993
57 0.638234375 0.5644375 0.032859374999999955 0.04556249999999995
58 0.690953125 0.5574375 0.03237500000000004 0.04301562499999996
59 0.73659375 0.5534687500000001 0.033937500000000044 0.05223437499999992
60 0.779671875 0.5725625 0.03551562500000003 0.07896874999999995
61 0.8372343750000001 0.5539375 0.03296874999999986 0.04556249999999995
0 0.1213125 0.7692812499999999 0.03332812500000002 0.05543750000000003
1 0.1826875 0.75671875 0.02059375000000001 0.057015625000000014
2 0.2501875 0.762765625 0.03631250000000001 0.04812499999999993
3 0.318578125 0.75496875 0.027109375000000036 0.05543750000000003
4 0.389890625 0.7445468749999999 0.03520312500000004 0.05845312499999995
5 0.454 0.73540625 0.03459374999999998 0.056375000000000064
6 0.5137031249999999 0.728234375 0.02518750000000001 0.04778125000000007
7 0.585671875 0.723796875 0.03842187500000005 0.06942187499999992
8 0.6524687499999999 0.7180625 0.026953125 0.05414062499999996
9 0.70890625 0.72053125 0.025343750000000043 0.07720312499999996