0 0.9317968750000001 0.892578125 0.0484375 0.08173437499999991
1 0.87190625 0.893734375 0.018906249999999857 0.09331250000000005
2 0.8068125 0.86971875 0.04145312499999996 0.08232812500000009
3 0.737953125 0.86625 0.033343749999999873 0.08928125000000016
4 0.6636093750000001 0.872609375 0.046624999999999875 0.06959374999999994
5 0.574796875 0.88071875 0.040234375 0.08810937500000016
6 0.503625 0.87984375 0.029796875000000077 0.08637499999999995
7 0.44517187500000005 0.872609375 0.028625000000000077 0.07653125000000002
8 0.38153125 0.873484375 0.03785937500000003 0.09217187500000001
9 0.309484375 0.87840625 0.03957812500000006 0.07884375000000006
10 0.94221875 0.661046875 0.04149999999999991 0.10729687499999993
11 0.847328125 0.6648125 0.05073437500000004 0.08935937500000009
12 0.7570625 0.6625 0.04376562499999999 0.08009374999999999
13 0.68675 0.6723281249999999 0.041999999999999996 0.09514062499999998
14 0.6008281249999999 0.6694375 0.036765624999999955 0.08704687499999988
15 0.531109375 0.6723281249999999 0.04774999999999992 0.09514062499999998
16 0.456171875 0.663359375 0.06218749999999993 0.10962499999999994
17 0.3670625 0.67059375 0.04596874999999993 0.09167187499999993
18 0.302265625 0.668859375 0.05057812500000001 0.10903124999999995
19 0.240921875 0.6587343750000001 0.03435937500000001 0.098046875
20 0.18190624999999994 0.661625 0.03434375000000003 0.10614062499999992
21 0.12925000000000003 0.653234375 0.028531249999999987 0.11251562499999998
22 0.06878124999999997 0.6734843749999999 0.05571875000000013 0.12060937500000009
23 0.9297812499999999 0.47234375 0.055953124999999916 0.10970312500000005
24 0.8299687500000001 0.448328125 0.036843749999999884 0.10565625000000001
25 0.751265625 0.47090624999999997 0.041437499999999974 0.10912500000000006
26 0.6789375 0.46048437499999995 0.04026562499999997 0.1299687499999999
27 0.604875 0.47495312500000003 0.04256250000000002 0.10796875000000003
28 0.523 0.46714062500000003 0.036171874999999964 0.07149999999999998
29 0.45790625 0.46453125 0.037890625 0.08018750000000008
30 0.379796875 0.465703125 0.041343750000000054 0.07092187499999998
31 0.31556249999999997 0.4610625 0.04479687499999994 0.06629687499999992
32 0.24671874999999996 0.47843749999999996 0.059812499999999956 0.09175000000000004
33 0.18634374999999997 0.4734375 0.033546875000000045 0.08356250000000003
34 0.13384374999999996 0.4715 0.0323125000000001 0.09326562500000009
35 0.08984375 0.466890625 0.0373906250000001 0.06173437499999999
36 0.9372031249999999 0.28490624999999997 0.04651562499999997 0.07942187500000006
37 0.82228125 0.277375 0.03484374999999993 0.08864062500000003
38 0.74371875 0.26415625 0.028999999999999915 0.07289062499999996
39 0.673890625 0.27385937499999996 0.040625 0.1233281250000001
40 0.593859375 0.259546875 0.028968749999999942 0.07046875000000004
41 0.531671875 0.276046875 0.038406250000000065 0.09568750000000001
42 0.455296875 0.22837500000000005 0.03984375 0.16628124999999994
43 0.378046875 0.27289062499999994 0.03571875000000002 0.09326562500000009
18 0.314640625 0.28478125 0.04757812500000007 0.08985937499999999
45 0.248171875 0.272765625 0.03503124999999994 0.10659375000000004
46 0.16693750000000004 0.28646874999999994 0.03742187500000007 0.10101562499999997
47 0.11542187500000001 0.301265625 0.016796875 0.08596874999999997
48 0.06740624999999997 0.288296875 0.04296875 0.06390624999999997
49 0.931625 0.09514062499999998 0.04021875000000001 0.07190624999999998
50 0.819125 0.08895312499999992 0.03532812499999984 0.07699999999999996
51 0.72153125 0.07706250000000008 0.0370000000000001 0.09785937500000016
52 0.65703125 0.05464062500000004 0.03795312499999994 0.1092656250000001
53 0.58053125 0.06264062500000005 0.03526562500000008 0.06415624999999991
54 0.5230625 0.05875000000000004 0.03089062499999997 0.08937500000000007
55 0.45210937500000004 0.05973437500000003 0.043296875000000054 0.08743750000000006
56 0.37390625 0.06760937499999997 0.03526562500000008 0.07603125000000013
57 0.31449999999999995 0.08021875000000005 0.034765625 0.07118749999999992
58 0.23203125 0.09320312499999997 0.055656250000000004 0.07287500000000016
59 0.16462500000000002 0.11745312499999994 0.030421875000000043 0.073828125
60 0.11818749999999997 0.10362500000000008 0.03160937500000003 0.09567187500000003
61 0.059765625 0.09271875000000004 0.04371875000000003 0.07967187500000002