10 0.076296875 0.182953125 0.05074999999999998 0.10434375000000004
11 0.16975 0.18410937499999996 0.04667187500000001 0.085828125
12 0.2493125 0.18034374999999997 0.042593749999999986 0.06787499999999999
13 0.33204687499999996 0.182375 0.04835937499999998 0.07540624999999998
14 0.40959375 0.176875 0.05065624999999994 0.08176562500000002
15 0.474109375 0.18121875 0.05121874999999996 0.08698437499999997
16 0.55365625 0.1800625 0.047140624999999936 0.10550000000000001
17 0.633796875 0.17659374999999997 0.051171875 0.08465625000000002
18 0.7046875 0.167328125 0.043624999999999935 0.08696875000000004
19 0.766015625 0.17659375 0.04129687499999992 0.10550000000000001
20 0.8325625000000001 0.166453125 0.04243750000000013 0.07481249999999999
21 0.9008437499999999 0.17775000000000002 0.03315625000000004 0.07307812500000002
22 0.9581250000000001 0.17225 0.05743749999999999 0.07250000000000001
23 0.077453125 0.365859375 0.05306249999999999 0.08821874999999997
24 0.17467187499999998 0.36007812499999997 0.053031249999999995 0.06968750000000004
25 0.2446875 0.363546875 0.04723437500000003 0.09053125
26 0.323953125 0.36760937500000007 0.03910937500000004 0.098640625
27 0.396859375 0.3563125 0.04603125000000006 0.07953124999999997
28 0.457609375 0.36528125 0.03559374999999996 0.07317187499999997
29 0.517203125 0.354296875 0.05756250000000005 0.07895312499999996
30 0.594171875 0.35834375 0.05870312500000008 0.07315624999999999
31 0.670828125 0.35545312500000004 0.041906250000000075 0.067375
32 0.748375 0.3508125 0.06503125000000001 0.07895312500000004
33 0.8131718749999999 0.34734375 0.04185937499999994 0.07199999999999998
34 0.8750937499999999 0.346765625 0.03373437499999987 0.08473437500000003
35 0.945671875 0.35603125 0.049921875000000074 0.082421875
36 0.08179687500000002 0.55340625 0.044390624999999996 0.06745312499999993
37 0.1619375 0.538359375 0.03453124999999999 0.08596874999999997
38 0.2328125 0.553984375 0.047812500000000036 0.06167187500000004
39 0.288078125 0.537203125 0.04375 0.09060937500000002
40 0.3505625 0.541828125 0.03678125000000003 0.05818750000000002
41 0.411328125 0.53371875 0.03329687499999991 0.08365624999999995
42 0.47353125 0.5803281250000001 0.05006249999999994 0.1456093749999999
43 0.5290781250000001 0.52128125 0.050046874999999956 0.09001562500000002
18 0.597921875 0.512890625 0.05581250000000004 0.09059375000000003
45 0.6685156250000001 0.5157812500000001 0.03726562500000004 0.10332812499999999
46 0.7466406250000001 0.5155000000000001 0.05460937500000007 0.08539062499999997
47 0.79553125 0.514328125 0.023921874999999915 0.06917187499999997
48 0.844125 0.520984375 0.05862499999999997 0.06512499999999992
49 0.08757812499999999 0.714890625 0.04901562500000001 0.06404687500000002
50 0.161359375 0.723578125 0.054203125 0.08142187500000002
51 0.23137500000000003 0.740953125 0.04839062499999995 0.0953125
52 0.307171875 0.7386250000000001 0.05415625000000004 0.08373437500000006
53 0.402640625 0.7093906249999999 0.05065624999999994 0.05653124999999992
54 0.473234375 0.721265625 0.0390625 0.06984375000000007
55 0.538625 0.712 0.05178124999999998 0.07909375
56 0.5973437500000001 0.71721875 0.04076562500000005 0.06868750000000005
57 0.6555 0.707078125 0.04942187499999999 0.05189062500000006
58 0.728984375 0.711140625 0.064453125 0.06693750000000005
59 0.792640625 0.698109375 0.03896875000000009 0.05131250000000005
60 0.8505 0.70390625 0.043578125000000155 0.08373437500000006
61 0.910671875 0.70853125 0.05282812499999991 0.08604687500000008
0 0.073125 0.911125 0.06175000000000001 0.08843749999999986
1 0.13387500000000002 0.90359375 0.030484374999999987 0.06645312499999996
2 0.20042187500000003 0.9125624999999999 0.045500000000000006 0.08092187499999995
3 0.26725 0.91690625 0.04375 0.07223437500000003
4 0.3459375 0.90128125 0.05529687499999998 0.06876562499999998
5 0.439390625 0.890578125 0.05121874999999996 0.07859374999999993
6 0.5021718749999999 0.8888281250000001 0.04137500000000003 0.07512499999999989
7 0.564078125 0.8844843750000001 0.04020312500000003 0.06296874999999993
8 0.6254062499999999 0.8873906249999999 0.04481249999999992 0.07570312500000007
9 0.702953125 0.88478125 0.047093749999999976 0.08090624999999996