10 0.0690625 0.048093750000000005 0.039765625000000006 0.09618750000000001
11 0.170609375 0.07095312499999999 0.044937499999999984 0.10603125000000002
12 0.26290625 0.06834375000000001 0.03854687500000002 0.09040625
13 0.359828125 0.07125000000000001 0.04835937499999998 0.082296875
14 0.43099999999999994 0.07268750000000002 0.03792187499999997 0.095609375
15 0.518078125 0.083984375 0.03499999999999996 0.08693749999999997
16 0.58028125 0.097578125 0.051765624999999996 0.12456249999999999
17 0.639296875 0.082828125 0.051750000000000004 0.098515625
18 0.6991875000000001 0.076171875 0.056937500000000085 0.095609375
19 0.768328125 0.079921875 0.04592187499999998 0.08578124999999999
20 0.82909375 0.0680625 0.049374999999999857 0.09329687500000002
21 0.89215625 0.074140625 0.03662500000000009 0.08809375
22 0.9459687499999999 0.090640625 0.05396874999999994 0.089828125
23 0.067328125 0.259078125 0.057125 0.08643749999999999
24 0.149203125 0.26573437499999997 0.03684375000000002 0.08932812500000002
25 0.249890625 0.280203125 0.04375 0.09743750000000002
26 0.340734375 0.27209374999999997 0.051828125000000023 0.10206249999999999
27 0.43042187500000006 0.26746875000000003 0.043703125000000044 0.09279687499999997
28 0.504484375 0.268625 0.0390625 0.08123437500000001
29 0.582015625 0.2764375 0.05523437500000004 0.07254687500000001
30 0.6555 0.264859375 0.035546875 0.09106249999999996
31 0.701796875 0.274984375 0.05173437500000002 0.080078125
32 0.766890625 0.27556250000000004 0.046499999999999986 0.08123437500000001
33 0.818671875 0.27932812500000004 0.04243750000000013 0.064453125
34 0.8776875000000001 0.283671875 0.04935937499999987 0.11828124999999998
35 0.9465468749999999 0.2810625 0.05512499999999996 0.08181250000000002
36 0.057203125 0.478453125 0.04728125000000001 0.0946250000000001
37 0.142265625 0.45934375000000005 0.043781250000000015 0.09114062500000006
38 0.237734375 0.488 0.04029687500000003 0.08248437499999994
39 0.34015625 0.471796875 0.04373437500000001 0.11256249999999994
40 0.43359375 0.481046875 0.03965624999999999 0.07553125000000005
41 0.487984375 0.463984375 0.037328124999999976 0.09346875000000007
42 0.5762343750000001 0.519265625 0.03671875 0.151953125
43 0.6421875 0.467171875 0.04364062499999992 0.12414062500000007
44 0.697734375 0.463109375 0.02973437499999996 0.12298437500000006
45 0.757046875 0.4966875 0.033781250000000006 0.134578125
46 0.8253281250000001 0.482796875 0.0383906249999999 0.09289062500000007
47 0.87971875 0.475265625 0.02910937500000017 0.10562500000000004
48 0.938453125 0.49725 0.059765625 0.06628124999999993
49 0.06646875 0.701875 0.058859375000000005 0.07620312499999997
50 0.150078125 0.6940625 0.042046875 0.08487500000000008
51 0.244109375 0.711421875 0.039125000000000035 0.09878125000000004
52 0.319328125 0.7154843750000001 0.050687499999999996 0.12078124999999992
53 0.42434374999999996 0.6934843749999999 0.04196875000000002 0.07678124999999998
54 0.48423437500000005 0.69840625 0.03328124999999993 0.09009374999999994
55 0.5687031250000001 0.6917500000000001 0.049453124999999966 0.094140625
56 0.634671875 0.700421875 0.035546875 0.06982812500000009
57 0.688484375 0.711421875 0.039000000000000055 0.07793749999999999
58 0.753578125 0.719234375 0.06154687499999998 0.09009374999999994
59 0.8276406250000001 0.715765625 0.056906250000000116 0.08315625000000004
60 0.8933125000000001 0.7479062500000001 0.03893750000000011 0.15782812499999999
61 0.95175 0.7227187500000001 0.05165624999999992 0.12482812499999998
0 0.061843749999999996 0.894921875 0.04265624999999999 0.09770312499999996
1 0.148046875 0.895484375 0.02757812500000001 0.08496875000000018
2 0.237734375 0.8989687500000001 0.033343749999999964 0.0919062499999999
3 0.33003125 0.8897031249999999 0.04084374999999998 0.08728124999999984
4 0.41075 0.89490625 0.039078124999999984 0.09074999999999989
5 0.474109375 0.883046875 0.037328124999999976 0.084375
6 0.555109375 0.8839218750000001 0.03267187499999995 0.08264062500000016
7 0.643640625 0.8815937500000001 0.036125000000000004 0.08495312499999982
8 0.6890625 0.87928125 0.040156250000000074 0.08032812500000013
9 0.74171875 0.893765625 0.04129687499999992 0.10928125000000008