11 0.1046875 0.17890625 0.0296875 0.02421875
37 0.1453125 0.18359375 0.0234375 0.0203125
12 0.1015625 0.2359375 0.02890625 0.02421875
50 0.14296875 0.2359375 0.0265625 0.025
13 0.10390625 0.2890625 0.02890625 0.02265625
56 0.14609375 0.29375 0.02578125 0.01484375
14 0.10390625 0.340625 0.03046875 0.025
64 0.14453125 0.34296875 0.0234375 0.025
15 0.103125 0.390625 0.02890625 0.02578125
69 0.14453125 0.39296875 0.0234375 0.01953125
16 0.1015625 0.44296875 0.028125 0.0265625
71 0.13984375 0.44296875 0.01796875 0.028125
17 0.1015625 0.5125 0.0328125 0.0265625
72 0.14296875 0.5171875 0.02578125 0.025
18 0.09765625 0.5953125 0.02890625 0.0265625
76 0.12890625 0.59609375 0.0265625 0.025
19 0.08984375 0.64921875 0.01796875 0.0265625
80 0.10703125 0.65 0.0203125 0.0234375
20 0.09296875 0.70625 0.02421875 0.028125
81 0.11640625 0.709375 0.01953125 0.03125
21 0.09375 0.78125 0.03203125 0.0296875
82 0.1234375 0.78359375 0.0265625 0.02578125
22 0.0921875 0.8359375 0.0265625 0.0265625
83 0.115625 0.83828125 0.0171875 0.025
23 0.08828125 0.88984375 0.0359375 0.0265625
84 0.1296875 0.8953125 0.03359375 0.0203125
37 0.39609375 0.184375 0.03046875 0.02578125
24 0.51171875 0.18125 0.03125 0.02265625
89 0.54140625 0.18515625 0.021875 0.01484375
25 0.5125 0.23359375 0.03125 0.025
90 0.54140625 0.23671875 0.02421875 0.01875
26 0.51328125 0.28984375 0.02734375 0.02265625
91 0.54296875 0.29609375 0.02265625 0.02265625
27 0.51875 0.346875 0.02890625 0.02734375
95 0.55078125 0.35078125 0.0265625 0.02109375
28 0.51875 0.415625 0.0265625 0.0234375
99 0.54296875 0.41796875 0.02109375 0.01796875
29 0.51796875 0.4703125 0.0265625 0.025
101 0.54375 0.47421875 0.01953125 0.0171875
30 0.52109375 0.54296875 0.02421875 0.02109375
108 0.54609375 0.54453125 0.0203125 0.02109375
31 0.52109375 0.60078125 0.02890625 0.02265625
112 0.55078125 0.6046875 0.02578125 0.0171875
32 0.52421875 0.65 0.0328125 0.02421875
114 0.55234375 0.653125 0.02265625 0.01796875
33 0.52578125 0.70234375 0.03515625 0.02421875
115 0.5640625 0.70625 0.0265625 0.0171875
34 0.5265625 0.7546875 0.02734375 0.02265625
116 0.55546875 0.75703125 0.0234375 0.01796875
35 0.52421875 0.82109375 0.03125 0.02265625
117 0.55703125 0.8265625 0.0265625 0.0265625
36 0.52578125 0.89453125 0.02578125 0.02421875
118 0.5546875 0.8953125 0.02109375 0.0171875
11 0.241617165625 0.196892634375 0.26642341875 0.1910849109375 0.2818203984375 0.1685293484375 0.2863111828125 0.1490802421875 0.2828896328125 0.14502834375 0.24888795312499998 0.144758221875 0.169978403125 0.177983784375 0.1746830390625 0.1954069296875 0.1960677421875 0.19810819531249999 0.241617165625 0.196892634375
37 0.29892816093749996 0.194320990625 0.31796055 0.194320990625 0.3228790375 0.189053525 0.3250175078125 0.1781134046875 0.305771275 0.17770821875 0.2895188875 0.1763575859375 0.2730526734375 0.1867574515625 0.2640711046875 0.19013403281250002 0.2856696515625 0.1971573203125 0.29892816093749996 0.194320990625
12 0.23290275624999998 0.2497454265625 0.2641244203125 0.2465039125 0.2780244765625 0.2302963234375 0.2859368265625 0.2113874671875 0.2769552421875 0.202203171875 0.2555705390625 0.197070765625 0.20965835156249998 0.20207837031250003 0.17323944062500002 0.23056644999999998 0.1725978921875 0.24744935625000003 0.19761799687499998 0.2531220078125 0.23290275624999998 0.2497454265625
50 0.33319703437500003 0.23164695468750002 0.34110936718749996 0.21516923906250002 0.3441032125 0.2036888625 0.3323416265625 0.19990709375 0.3148061765625 0.202203171875 0.2722506140625 0.2466389734375 0.2859368265625 0.25082593750000004 0.3152338640625 0.24582859531249998 0.33319703437500003 0.23164695468750002
13 0.2167003453125 0.305482646875 0.2370158125 0.291841265625 0.25690357656249996 0.270906453125 0.26267745625 0.2588858234375 0.2470666171875 0.2540235484375 0.20451105468750003 0.2506469671875 0.1916802328125 0.26442341874999997 0.1822709765625 0.29076075156250003 0.18718944843750002 0.3023761875 0.2167003453125 0.305482646875
56 0.284062159375 0.2980541625 0.289622178125 0.2879244203125 0.278929828125 0.284817965625 0.262035909375 0.2823868390625 0.2389404390625 0.2965684796875 0.24364506718749998 0.30386188125 0.27187286875 0.3029164421875 0.284062159375 0.2980541625
14 0.251825109375 0.35517923281249997 0.286040634375 0.33586518593750003 0.28903449531250003 0.3250601265625 0.28411602343750003 0.3118239296875 0.272782125 0.3081772203125 0.257171284375 0.30304481875 0.2188926796875 0.3065564609375 0.20243981562500002 0.31087160625 0.173984803125 0.341267715625 0.1737709421875 0.3547740390625 0.18895409531250001 0.3569350484375 0.251825109375 0.35517923281249997
64 0.334370059375 0.3550441609375 0.3437793484375 0.31412 0.311488434375 0.31357975 0.3008257828125 0.3323261734375 0.2717128890625 0.3451845515625 0.269360575 0.3554493546875 0.291172965625 0.3559896109375 0.334370059375 0.3550441609375
15 0.24573002812500003 0.3615297109375 0.1933498078125 0.36003128281249996 0.186066703125 0.4074512125 0.22969150156249998 0.40799146718749996 0.24893773437500002 0.3757113515625 0.24573002812500003 0.3615297109375
69 0.24615773281250003 0.38854235937500003 0.23589306875 0.40799146718749996 0.2822978671875 0.4075862734375 0.2865748078125 0.38773198125 0.24615773281250003 0.38854235937500003
16 0.2311343984375 0.45787203749999994 0.293577725 0.4254568609375 0.311754721875 0.408168765625 0.2963577421875 0.4053324375 0.262997609375 0.410464840625 0.2011958140625 0.4177582609375 0.1714710734375 0.44787736093749997 0.17403723124999998 0.4600330515625 0.19328346406250002 0.4707030453125 0.2311343984375 0.45787203749999994
71 0.2493113953125 0.48177823281250004 0.28545154687499996 0.46854204531250004 0.3130378171875 0.44396052499999994 0.32223324531249997 0.42167508906249995 0.3089747046875 0.4149219265625 0.29421927187499997 0.42140496406250005 0.24482061093750002 0.4526045734375 0.24182674999999998 0.4632745671875 0.24204059375 0.4793471 0.2493113953125 0.48177823281250004
17 0.183446503125 0.5461118234375 0.1851572859375 0.554890934375 0.1969188734375 0.5594830875000001 0.21702049687499997 0.5562415671875 0.2525191015625 0.5407093 0.289514628125 0.5149122171875 0.2916530984375 0.4949228578125 0.28459615625 0.47749969999999997 0.2668468453125 0.47722957343749994 0.218748359375 0.47946733750000003 0.20782506875 0.4992448828125 0.2067558328125 0.51531740625 0.192214228125 0.527473096875 0.183446503125 0.5461118234375
72 0.250594475 0.556781821875 0.2655637671875 0.5589428328125 0.2905838625 0.5517844859375 0.342334853125 0.5130213343750001 0.31881168125000003 0.5049175406249999 0.30234546562500003 0.5062681718750001 0.2925084890625 0.5132914578125 0.2869484703125 0.5234212046875 0.25508525937500004 0.54354563125 0.250594475 0.556781821875
18 0.24771189218749998 0.6109559953125 0.28214126093749997 0.5905614375 0.3001044140625 0.5597670171875 0.216609534375 0.5605554640625 0.170513109375 0.5954237124999999 0.16452539375 0.612036490625 0.1916839609375 0.612306628125 0.24771189218749998 0.6109559953125
76 0.32298604062499997 0.6116313124999999 0.3379553328125 0.5998807984375001 0.34394305625 0.5796213125 0.3285460765625 0.56462929375 0.3141934421875 0.566130271875 0.29582747343750004 0.5813771328125 0.2569073046875 0.6094702921875 0.287915125 0.6121715562500001 0.32298604062499997 0.6116313124999999
19 0.1730790984375 0.666603715625 0.2070807796875 0.6701153625 0.2492086375 0.643913090625 0.2637502421875 0.618521203125 0.22302601093750002 0.6152899484375001 0.205156153125 0.634053475 0.176286803125 0.6399962546875 0.16217289375 0.6584999203125 0.1730790984375 0.666603715625
80 0.28278263125 0.65579865625 0.28385186562500003 0.642022203125 0.26695794687499996 0.6378352453125 0.23766089375 0.6599856187500001 0.24578708749999997 0.6661985359375 0.2725179671875 0.6639024499999999 0.28278263125 0.65579865625
20 0.2667961765625 0.6705535874999999 0.2310837296875 0.66879776875 0.164363453125 0.7437578609375 0.1960128125 0.7460539421875 0.2794131546875 0.679602828125 0.2667961765625 0.6705535874999999
81 0.31576715 0.6937844656250001 0.31042097343749997 0.6844650999999999 0.2879670359375 0.68351965625 0.2186805953125 0.7393007796875 0.24006529843750002 0.743217615625 0.263588471875 0.73916571875 0.31576715 0.6937844656250001
21 0.1688542375 0.79974764375 0.2886085828125 0.799477521875 0.306999425 0.757337784375 0.29545168125 0.7445067765625 0.218748359375 0.75026789375 0.1964405171875 0.7754362609375 0.16329421875 0.778002459375 0.1611557484375 0.7933996765625 0.1688542375 0.79974764375
82 0.3435672640625 0.7993424499999999 0.359605790625 0.7935347375 0.3696565953125 0.7723298078124999 0.370084315625 0.746937915625 0.3439949515625 0.750044375 0.3337303203125 0.7578780390625 0.31598099375 0.7782725859374999 0.29694862031249997 0.7946152375 0.3046471109375 0.8000177671875001 0.3435672640625 0.7993424499999999
22 0.1715800359375 0.8568158374999999 0.230387978125 0.8561405203125 0.2558357625 0.8522236890625001 0.2665281140625 0.8054918046875 0.2027071703125 0.8071985156249999 0.196172453125 0.825751290625 0.1664477046875 0.8372316671875 0.1619569203125 0.8516834453125 0.1715800359375 0.8568158374999999
83 0.34607921875000003 0.804141171875 0.30964843750000004 0.8048334453124999 0.269521975 0.838312171875 0.25904346718750004 0.854519765625 0.304806734375 0.8530340781250001 0.34607921875000003 0.804141171875
23 0.16259775 0.909530228125 0.28406286875000003 0.909800365625 0.308441434375 0.8781955546875 0.30052908437500003 0.8578010078125 0.2425427921875 0.8609194 0.19702711875 0.8880551765625 0.1700823953125 0.8857590999999999 0.15639619062500001 0.8995355515625001 0.16259775 0.909530228125
84 0.3328125 0.89921875 0.071875 0.01953125
89 0.71640625 0.18515625 0.05546875 0.0203125
90 0.68515625 0.23828125 0.03828125 0.01953125
99 0.7296875 0.4203125 0.034375 0.025
29 0.6287321765625 0.48725687031250003 0.653767353125 0.476158115625 0.6850613203125 0.4512239421875 0.68891288125 0.43799666249999997 0.6735066171875 0.432523303125 0.625362053125 0.44134149218749996 0.6159738781249999 0.4577615609375 0.5952717 0.46946846249999996 0.6005676125 0.48345592968749995 0.6287321765625 0.48725687031250003
101 0.68125 0.475 0.0296875 0.02578125
108 0.70390625 0.5328125 0.03828125 0.04765625
112 0.73203125 0.60078125 0.0515625 0.0234375
114 0.6859375 0.6515625 0.0484375 0.021875
115 0.72578125 0.70625 0.05703125 0.02421875
116 0.70703125 0.75625 0.04453125 0.02109375
118 0.71484375 0.8953125 0.0359375 0.02265625
36 0.7073336765625 0.8730903703124999 0.7032413953125001 0.8606232796875 0.6868722359375 0.8549978843750001 0.6389683921875 0.8556060343749999 0.610803828125 0.9028897515625 0.633191040625 0.9077549640625 0.68711295625 0.9034979046875 0.7073336765625 0.8730903703124999
117 0.739048665625 0.8056590703125 0.7209944546875 0.7985132984375001 0.6894597499999999 0.8001857156250001 0.6559992921875 0.8503581421874999 0.6747756609375 0.8547672374999999 0.6990886625 0.852030565625 0.739048665625 0.8056590703125
35 0.6952945374999999 0.7726668937500001 0.6753145359375 0.7693220671875001 0.610319375 0.775707646875 0.599486846875 0.8575039203125 0.6307808140625 0.8558315078125001 0.6637598515625001 0.8264882328125 0.6952945374999999 0.7726668937500001
34 0.6774810453125 0.716363528125 0.608889090625 0.7196215375 0.6014126375 0.77079301875 0.678203221875 0.7645594765625 0.7015533281249999 0.721228734375 0.6774810453125 0.716363528125
33 0.7301971671875 0.671435690625 0.7222533062500001 0.66428991875 0.611898625 0.6682770484375 0.5934665781249999 0.7074686203125 0.6194646515625 0.7170469875000001 0.6851819890625 0.7133980921874999 0.7301971671875 0.671435690625
32 0.6897557078125 0.619565421875 0.6820525843749999 0.6128757671875 0.6011697203125 0.61850115625 0.5944294734375 0.6539259390625001 0.6136872999999999 0.6615278171875 0.6502771796875 0.65970336875 0.6897557078125 0.619565421875
31 0.6899964453125 0.6083193390625 0.7022733046875 0.5870340640625 0.700588234375 0.5631641484375 0.6714607765625 0.559211171875 0.6088728437500001 0.564684525 0.59105935 0.5955481781249999 0.6047805625 0.609839715625 0.63342658125 0.6118162093749999 0.6899964453125 0.6083193390625
30 0.6735066171875 0.5411549265625 0.6802468640625 0.510443321875 0.66580349375 0.5042097734375 0.6106779640625 0.50816275625 0.607307840625 0.5464762453125 0.621510490625 0.557422965625 0.6576189140625 0.556966846875 0.6735066171875 0.5411549265625
28 0.6436570015624999 0.431844075 0.6997454078125 0.429563509375 0.7062449359375 0.4113189890625 0.6997454078125 0.3857766609375 0.672543740625 0.3838001734375 0.6260842281250001 0.387905190625 0.5875685765625 0.4041732234375 0.5846799109374999 0.418160684375 0.6005676125 0.4319961109375 0.6436570015624999 0.431844075
95 0.6990232515625 0.36646975937500004 0.7206882859375 0.3365183359375 0.69854179375 0.33150109375 0.6756731265625 0.332565359375 0.6552116859375 0.3613004765625 0.662674090625 0.37483183124999997 0.67904325 0.379088890625 0.6990232515625 0.36646975937500004
27 0.6492512515625 0.354672953125 0.6617688312500001 0.343270128125 0.6648982359375 0.32882654843750003 0.66200956875 0.321224665625 0.6533435328125 0.308149421875 0.6304748640625 0.3038923671875 0.603513915625 0.3128625921875 0.5869040375 0.344030315625 0.5960515125 0.35543314062500003 0.6153093375 0.3589300125 0.6492512515625 0.354672953125
91 0.7217088171875 0.279930665625 0.6868040093750001 0.27612972343750003 0.6812673953124999 0.28114696562499997 0.6581579890625 0.3180921234375 0.6865632890625 0.3214369546875 0.7272454500000001 0.2972629625 0.7217088171875 0.279930665625
26 0.6138650046875 0.30246190781250004 0.65743583125 0.29333964687499997 0.6964329218749999 0.272966584375 0.69402569375 0.2606515359375 0.6807859374999999 0.25457002812499996 0.6571951125 0.2510731609375 0.626864021875 0.2565465171875 0.6155500578125 0.25989134687500004 0.616753671875 0.273422703125 0.58208958125 0.2864979515625 0.59123705625 0.3006374421875 0.6138650046875 0.30246190781250004
25 0.6603244984375001 0.23332240781250002 0.6752493234375 0.214013621875 0.6747678671874999 0.202610796875 0.6610466734375 0.19789763124999998 0.635530059375 0.19865781875 0.617475846875 0.2027628375 0.603513915625 0.2436609734375 0.6165129515625 0.248526175 0.6413073921875 0.24472523281249997 0.6603244984375001 0.23332240781250002
24 0.6157907765624999 0.19698634375 0.6393816203125 0.1933374359375 0.659361603125 0.1884722359375 0.68006378125 0.1755490328125 0.7091912390624999 0.16992365 0.7193015890625001 0.16080138906250002 0.719783028125 0.14757409999999999 0.6752493234375 0.145293534375 0.6627317265625 0.145293534375 0.6471101828125 0.148556721875 0.6047175296875 0.17524496875 0.5861818796875 0.18360703437499998 0.5885891078125 0.1957700484375 0.6157907765624999 0.19698634375