0 0.072828125 0.9021250000000001 0.05768749999999998 0.10082812499999996
1 0.16540625 0.8922968749999999 0.020640625000000013 0.08579687500000013
2 0.2765 0.87896875 0.041437499999999974 0.11242187500000007
3 0.381234375 0.8850468750000001 0.03562500000000002 0.11762499999999995
4 0.4715 0.8743437500000001 0.04253125000000004 0.10084374999999994
5 0.550765625 0.8844687499999999 0.06912500000000002 0.08406249999999993
6 0.641328125 0.8865000000000001 0.038437500000000034 0.11126562500000006
7 0.74721875 0.8879531249999999 0.048828125 0.09795312500000009
8 0.799578125 0.891125 0.045921875000000154 0.0881093749999998
9 0.85628125 0.8888125 0.03432812500000004 0.11357812500000009
10 0.0734375 0.6906874999999999 0.04296875 0.12362500000000001
11 0.158453125 0.6784375 0.05715624999999998 0.10696874999999988
12 0.265265625 0.676484375 0.05320312500000002 0.08148437499999997
13 0.36890624999999994 0.683828125 0.06345312500000003 0.1020624999999999
14 0.47254687500000003 0.6970625 0.050203124999999994 0.08146874999999998
15 0.54996875 0.6909375 0.058015624999999994 0.10843749999999996
16 0.61490625 0.7156874999999999 0.06142187500000009 0.11479687500000005
17 0.71465625 0.7095625 0.04628125000000001 0.10646874999999997
18 0.761953125 0.70196875 0.026171875 0.07754687499999999
19 0.798453125 0.707359375 0.043312500000000045 0.09029687499999994
20 0.84671875 0.710546875 0.03693750000000016 0.08098437499999989
21 0.887875 0.701984375 0.02809375000000003 0.08340624999999999
22 0.928796875 0.7098281249999999 0.05404687499999987 0.08535937499999999
23 0.058265625 0.4539375 0.045 0.10899999999999999
24 0.151625 0.4603125 0.040562500000000015 0.08448437500000008
25 0.24228125 0.470125 0.05131250000000005 0.10604687500000001
26 0.378015625 0.475515625 0.06401562500000005 0.08349999999999991
27 0.47257812499999996 0.494625 0.04732812499999994 0.10407812500000002
28 0.538 0.50296875 0.04582812500000007 0.09329687500000006
29 0.6056250000000001 0.5103125000000001 0.06345312500000003 0.09034375000000008
30 0.696515625 0.5098281250000001 0.07176562499999992 0.09720312500000006
31 0.7732187500000001 0.558109375 0.03989062499999996 0.091796875
32 0.818046875 0.556640625 0.04428124999999987 0.07709375000000004
33 0.862390625 0.5541875 0.030062500000000013 0.07610937500000006
34 0.8962031250000001 0.557625 0.02710937499999986 0.09865624999999997
35 0.94178125 0.5588437500000001 0.05356249999999996 0.08739062499999992
36 0.053859375 0.25615625 0.042046875 0.06643749999999997
37 0.1548125 0.26840624999999996 0.043984375000000006 0.10075000000000003
38 0.2650625 0.27354687499999997 0.041015625 0.06396874999999991
39 0.3630625 0.29682812500000005 0.048828125 0.09092187500000008
40 0.46401562500000004 0.30639062499999997 0.039000000000000055 0.07475000000000005
41 0.5385 0.31226562500000005 0.046812500000000055 0.139453125
42 0.598765625 0.29585937500000004 0.043859375000000075 0.10465625000000003
43 0.69015625 0.34315625 0.047265625 0.08354687500000005
44 0.7501875 0.358109375 0.02323437500000001 0.10364062500000007
45 0.7835 0.347078125 0.03693749999999998 0.15218749999999998
46 0.836921875 0.395125 0.03790624999999999 0.09137500000000003
47 0.871703125 0.39953125 0.02515624999999986 0.09431250000000002
48 0.9165468750000001 0.382875 0.053078125000000045 0.06295312499999994
49 0.05532812499999999 0.06865625000000009 0.045 0.06798437499999999
50 0.14403125 0.06840624999999996 0.04006249999999998 0.0596562500000001
51 0.250859375 0.06767187499999991 0.030234375000000036 0.09935937499999987
52 0.33709375 0.08042187500000005 0.049812499999999996 0.0915156249999999
53 0.42750000000000005 0.10051562500000007 0.03360937499999998 0.06895312500000017
54 0.49487500000000006 0.10345312500000006 0.036046875000000075 0.06895312500000017
55 0.574265625 0.12306249999999999 0.03603124999999992 0.09443750000000009
56 0.64678125 0.12110937499999999 0.04579687499999992 0.07482812500000016
57 0.6965312499999999 0.13384374999999996 0.04235937500000002 0.08462500000000013
58 0.76953125 0.13556249999999997 0.053125 0.08412499999999987
59 0.84475 0.13482812499999994 0.03595312499999999 0.08265625000000014
60 0.8967031249999999 0.13825000000000004 0.03985937499999999 0.10520312499999988
61 0.9520625 0.14143749999999997 0.04473437500000017 0.09001562499999985