10 0.1058125 0.10570312500000001 0.05529687499999998 0.13049999999999998
11 0.201859375 0.113171875 0.05173437500000002 0.11242187499999998
12 0.28590625 0.10943750000000001 0.04070312500000002 0.09787500000000002
13 0.35090625000000003 0.102171875 0.041078125000000035 0.09984375000000001
14 0.40689062500000006 0.10414062500000001 0.028109375000000013 0.103765625
15 0.49781250000000005 0.0970625 0.04260937499999997 0.09906249999999998
16 0.5677187499999999 0.0915625 0.050453124999999946 0.1210625
17 0.629390625 0.095484375 0.05121874999999996 0.1100625
18 0.6763281250000001 0.09293749999999999 0.029593750000000085 0.09315624999999998
19 0.73759375 0.0874375 0.03901562500000004 0.1293125
46 0.784140625 0.0764375 0.035453125000000085 0.09315625000000001
21 0.8454218750000001 0.08251562500000001 0.04487500000000004 0.09826562499999998
22 0.909640625 0.0750625 0.07195312499999992 0.116328125
23 0.11465624999999999 0.281734375 0.05646874999999998 0.13370312499999998
24 0.19478125 0.284484375 0.047015624999999964 0.11092187500000002
25 0.26096875 0.2725 0.04503124999999999 0.12231250000000005
26 0.35954687500000004 0.27799999999999997 0.04893749999999999 0.10031249999999999
27 0.435953125 0.278203125 0.05795312500000005 0.12192187499999996
28 0.5152812499999999 0.2781875 0.04221874999999997 0.10306249999999997
29 0.559875 0.271125 0.034734375000000026 0.10306249999999997
30 0.619765625 0.26954687499999996 0.05318749999999994 0.09520312500000001
31 0.6759375000000001 0.26168749999999996 0.04767187499999999 0.09834375
32 0.739171875 0.262875 0.06099999999999994 0.10070312499999998
33 0.812625 0.259140625 0.04292187500000004 0.09087500000000004
34 0.87271875 0.258546875 0.04996875000000003 0.12034374999999997
35 0.939875 0.24676562500000002 0.057015625000000014 0.115625
36 0.112296875 0.46246875000000004 0.06118749999999999 0.08978125000000006
37 0.179859375 0.45499999999999996 0.05017187499999998 0.11256249999999994
38 0.265875 0.45912499999999995 0.03364062500000005 0.08545312499999991
39 0.32046874999999997 0.45009375 0.05798437500000002 0.11453124999999993
40 0.416109375 0.45775 0.03949999999999996 0.07564062499999995
41 0.45715625 0.43968749999999995 0.03909374999999997 0.11492187499999992
42 0.5192187500000001 0.481734375 0.040640624999999986 0.133015625
43 0.5600625 0.44400000000000006 0.04692187499999996 0.09526562500000005
44 0.614265625 0.436734375 0.03276562500000004 0.09251562500000006
45 0.656296875 0.451078125 0.041390625000000014 0.14714062499999994
46 0.697921875 0.431828125 0.04451562500000002 0.11334374999999994
47 0.7662656250000001 0.430640625 0.03507812500000007 0.10626562499999999
48 0.8153750000000001 0.438296875 0.053125 0.07209374999999998
49 0.8734999999999999 0.43084375 0.05153125000000003 0.08543749999999992
50 0.9392968749999999 0.42828125000000006 0.048765625000000055 0.07798437499999995
51 0.11387499999999999 0.618859375 0.03604687499999999 0.12442187499999999
52 0.17534375 0.632609375 0.04820312499999999 0.12835937499999997
53 0.252328125 0.609609375 0.041890625 0.07059374999999993
54 0.304171875 0.6058749999999999 0.03245312499999997 0.08434375000000002
55 0.34403125 0.601359375 0.043828125000000016 0.091796875
56 0.397265625 0.6039218749999999 0.04892187499999991 0.08984375
57 0.45696875 0.6113906250000001 0.050484375000000095 0.090625
58 0.55240625 0.6084375 0.076375 0.07765625000000007
59 0.62015625 0.60353125 0.049249999999999974 0.08434375000000002
60 0.699109375 0.6153125 0.046875 0.11264062500000005
61 0.7482031250000001 0.6149218750000001 0.041359375000000045 0.12599999999999997
0 0.124875 0.8250781249999999 0.048609374999999976 0.11262499999999989
1 0.17396875 0.80975 0.03367187500000002 0.11024999999999992
2 0.235640625 0.813875 0.039156250000000004 0.09729687499999998
3 0.2921875 0.80425 0.048562499999999974 0.10396874999999994
4 0.36996875 0.7973750000000001 0.04854687499999999 0.10199999999999995
5 0.431828125 0.79246875 0.033203125 0.10395312499999995
6 0.48621875000000003 0.78853125 0.04065624999999997 0.1102500000000001
7 0.56753125 0.786578125 0.04770312499999996 0.11575000000000006
8 0.637828125 0.780875 0.05160937499999996 0.10670312499999994
9 0.708140625 0.768109375 0.04609375 0.130671875