84 0.32734375 0.1875 0.0546875 0.03203125
69 0.36328125 0.19296875 0.02734375 0.03046875
80 0.4296875 0.1890625 0.02578125 0.0296875
56 0.478125 0.190625 0.03359375 0.02578125
76 0.509375 0.18203125 0.03671875 0.05
84 0.59609375 0.1921875 0.05625 0.03046875
112 0.63984375 0.19140625 0.034375 0.03125
37 0.67421875 0.18984375 0.04140625 0.03125
56 0.72109375 0.1890625 0.02734375 0.02890625
37 0.7515625 0.19140625 0.0375 0.02265625
56 0.52109375 0.11171875 0.0328125 0.028125
76 0.55703125 0.1015625 0.0359375 0.0515625
112 0.590625 0.11171875 0.034375 0.028125
37 0.62421875 0.1140625 0.03984375 0.025
37 0.475 0.1140625 0.03984375 0.02734375
84 0.27421875 0.27109375 0.05703125 0.03046875
112 0.3171875 0.27421875 0.03515625 0.0328125
37 0.3546875 0.271875 0.03984375 0.03125
56 0.40078125 0.27265625 0.0328125 0.03203125
112 0.4296875 0.27421875 0.0328125 0.03125
37 0.46328125 0.2765625 0.03515625 0.03203125
84 0.53515625 0.275 0.06484375 0.03515625
69 0.58125 0.275 0.03125 0.03125
84 0.6453125 0.275 0.0625 0.03359375
112 0.6921875 0.27421875 0.0328125 0.03203125
37 0.725 0.275 0.040625 0.03359375
56 0.775 0.27265625 0.03046875 0.03203125
37 0.80703125 0.271875 0.03828125 0.02578125
101 0.85390625 0.26796875 0.04375 0.03359375
37 0.328125 0.359375 0.0359375 0.02578125
56 0.38125 0.3609375 0.03125 0.03125
76 0.409375 0.3484375 0.0375 0.0515625
112 0.44609375 0.3609375 0.03828125 0.03359375
37 0.48515625 0.36015625 0.0453125 0.03828125
64 0.54921875 0.3546875 0.034375 0.04921875
112 0.58515625 0.3625 0.0390625 0.03203125
37 0.62265625 0.36328125 0.0421875 0.03359375
84 0.2640625 0.4453125 0.0640625 0.0296875
69 0.3078125 0.4453125 0.0359375 0.0390625
80 0.3859375 0.44453125 0.0234375 0.03046875
56 0.4265625 0.44765625 0.03125 0.03046875
76 0.45546875 0.4359375 0.03671875 0.05390625
90 0.48828125 0.44921875 0.03046875 0.0328125
84 0.5484375 0.44765625 0.06171875 0.03203125
112 0.59921875 0.446875 0.0359375 0.03203125
37 0.6375 0.44765625 0.03984375 0.0359375
56 0.76171875 0.44765625 0.03515625 0.028125
76 0.7953125 0.43359375 0.03984375 0.05625
90 0.82734375 0.44765625 0.0359375 0.0328125
56 0.875 0.44453125 0.03359375 0.03046875
37 0.91015625 0.4453125 0.03984375 0.02734375
89 0.2484375 0.5390625 0.04296875 0.02890625
76 0.290625 0.52890625 0.040625 0.059375
37 0.3296875 0.5421875 0.04609375 0.0296875
84 0.42265625 0.540625 0.0625 0.03515625
69 0.4671875 0.53828125 0.03359375 0.0359375
84 0.53671875 0.53984375 0.059375 0.028125
112 0.5828125 0.540625 0.0421875 0.0375
37 0.62421875 0.54140625 0.0484375 0.0359375
56 0.675 0.53984375 0.03671875 0.0359375
76 0.70703125 0.528125 0.0375 0.05625
90 0.73828125 0.54140625 0.03359375 0.0328125
76 0.79765625 0.52890625 0.04453125 0.05859375
37 0.8421875 0.54375 0.04296875 0.028125
50 0.22734375 0.8234375 0.04375 0.05625
90 0.2609375 0.83984375 0.02890625 0.02578125
37 0.3625 0.84140625 0.0453125 0.0265625
50 0.42734375 0.82734375 0.04140625 0.05859375
90 0.46171875 0.84453125 0.02890625 0.0265625
64 0.50625 0.83203125 0.034375 0.0484375
37 0.59140625 0.8453125 0.0375 0.02890625
37 0.72734375 0.84765625 0.04609375 0.03125
50 0.7984375 0.834375 0.04296875 0.0625
37 0.84140625 0.85390625 0.04453125 0.0296875
112 0.54765625 0.84609375 0.0375 0.028125
56 0.23046875 0.7359375 0.02890625 0.0265625
112 0.2609375 0.7375 0.0359375 0.02890625
37 0.2984375 0.73671875 0.04453125 0.03125
64 0.3640625 0.72734375 0.0390625 0.05
80 0.3984375 0.734375 0.02265625 0.03359375
89 0.45625 0.73671875 0.0421875 0.0296875
72 0.49453125 0.7515625 0.03359375 0.06328125
37 0.52890625 0.73828125 0.0421875 0.0296875
50 0.6046875 0.72421875 0.0359375 0.0578125
80 0.6265625 0.73515625 0.015625 0.03515625
37 0.65546875 0.74140625 0.04296875 0.028125
37 0.74296875 0.74140625 0.04296875 0.02734375
56 0.78671875 0.74296875 0.0265625 0.0296875
112 0.81953125 0.74609375 0.03671875 0.028125
37 0.859375 0.74609375 0.0484375 0.03046875
64 0.2421875 0.6265625 0.0375 0.04921875
112 0.2796875 0.6359375 0.03671875 0.028125
37 0.31953125 0.6375 0.04140625 0.03203125
108 0.378125 0.63125 0.028125 0.03671875
90 0.40234375 0.6359375 0.028125 0.028125
76 0.5 0.621875 0.03515625 0.0609375
89 0.58984375 0.63828125 0.03984375 0.0328125
69 0.53046875 0.6390625 0.028125 0.0265625
76 0.6296875 0.625 0.04140625 0.0578125
90 0.66640625 0.63984375 0.0328125 0.0265625
84 0.7328125 0.63984375 0.0625 0.034375
80 0.775 0.63828125 0.01875 0.0296875
37 0.8046875 0.64140625 0.04375 0.03125
37 0.890625 0.64140625 0.04921875 0.02578125