36 0.9581250000000001 0.140125 0.047875000000000154 0.09506250000000001
37 0.894484375 0.123046875 0.043218750000000125 0.10606249999999999
10 0.955515625 0.451828125 0.05654687500000009 0.14556249999999996
11 0.888984375 0.45210937500000004 0.07157812499999991 0.12876562499999994
38 0.842109375 0.12709375 0.04031249999999993 0.07943750000000001
39 0.7778906250000001 0.11176562500000001 0.06459374999999987 0.1263125
12 0.801609375 0.46195312499999996 0.07270312499999995 0.11371874999999995
13 0.7234999999999999 0.457609375 0.06226562500000003 0.12934374999999995
40 0.7234999999999999 0.137234375 0.0344843749999999 0.06843749999999997
14 0.65290625 0.4581875 0.07845312500000005 0.13051562499999997
41 0.6604218749999999 0.114375 0.06340624999999989 0.11646874999999998
15 0.5701562499999999 0.45443749999999994 0.05643750000000001 0.11951562500000001
42 0.6155781250000001 0.162703125 0.05007812499999993 0.12632812500000004
16 0.506796875 0.46340624999999996 0.06162500000000008 0.12009375000000003
43 0.547015625 0.11321874999999999 0.047171875000000085 0.11415625
17 0.44343750000000004 0.458484375 0.05292187500000001 0.10678125000000005
44 0.503625 0.11985937499999999 0.029796875000000077 0.09621875000000002
18 0.37429687500000003 0.465421875 0.06274999999999994 0.12067187500000003
45 0.46832812500000004 0.14303125 0.047140624999999936 0.14946874999999998
19 0.31267187500000004 0.471796875 0.05057812500000001 0.11256249999999994
46 0.40496875 0.128546875 0.05001562499999999 0.09968749999999997
20 0.250765625 0.467453125 0.06328125 0.10735937500000006
47 0.35259375000000004 0.119 0.03323437499999997 0.10489062499999999
21 0.18971874999999994 0.46224999999999994 0.04996875000000003 0.10389062500000001
22 0.11421875000000004 0.46775 0.09334375000000002 0.12529687500000009
23 0.9381718749999999 0.64196875 0.07273437499999993 0.13579687499999996
48 0.2860625 0.13809375 0.05520312500000006 0.094484375
49 0.95609375 0.310875 0.0484375 0.06851562500000004
24 0.869015625 0.646015625 0.06635937500000004 0.12074999999999995
50 0.8884062500000001 0.31840625 0.05189062500000006 0.06967187499999997
25 0.794671875 0.6408125 0.058812500000000156 0.11959374999999994
51 0.832859375 0.332296875 0.047250000000000014 0.11135937499999997
26 0.72146875 0.651234375 0.07673437500000002 0.14506250000000004
52 0.77846875 0.3351875 0.056500000000000127 0.11714062499999996
53 0.7182968750000001 0.316078125 0.05879687499999999 0.07198437499999999
27 0.647125 0.6495 0.07612500000000004 0.1485312500000001
54 0.6546406250000001 0.3155 0.047203125000000054 0.07778125000000005
28 0.574796875 0.643421875 0.06106250000000006 0.12595312500000003
55 0.593890625 0.2984375 0.05065624999999994 0.095703125
29 0.49031250000000004 0.6425468750000001 0.09807812499999997 0.10685937499999998
56 0.5368906250000001 0.321296875 0.0546875 0.07546875000000001
30 0.411046875 0.6390781249999999 0.062171874999999946 0.11379687500000006
57 0.47468750000000004 0.31434375000000003 0.039046875000000016 0.06851562500000004
31 0.34334375 0.637921875 0.065625 0.11148437500000004
58 0.41421875 0.31260937499999997 0.059281250000000084 0.07198437499999999
32 0.272171875 0.64196875 0.06907812500000006 0.11264062500000005
59 0.349703125 0.31609375 0.05290625000000002 0.07893749999999997
33 0.19607812500000002 0.644578125 0.06499999999999986 0.11437500000000007
60 0.30543750000000003 0.33634375 0.059249999999999935 0.1055625
61 0.23803124999999997 0.309140625 0.04707812499999999 0.06503125000000001
34 0.13764062500000004 0.64775 0.04995312500000004 0.11032812500000003
35 0.06415624999999991 0.6442812499999999 0.09274999999999985 0.126546875
0 0.949734375 0.818796875 0.10051562499999989 0.10867187499999993
1 0.885515625 0.8254531249999999 0.029906250000000155 0.09767187499999999
2 0.8276562500000001 0.820828125 0.07618749999999999 0.10229687500000004
3 0.76284375 0.81821875 0.0530156250000001 0.09360937500000013
4 0.696875 0.819671875 0.05993750000000002 0.09303124999999994
5 0.633234375 0.8176406249999999 0.062234374999999884 0.11329687499999999
6 0.5701562499999999 0.814453125 0.05643750000000001 0.11734374999999986
7 0.51403125 0.8147500000000001 0.05064062499999995 0.114453125
8 0.455890625 0.817359375 0.05929687500000007 0.10229687500000004
9 0.39773437500000003 0.807796875 0.05407812500000002 0.12139062500000009