10 0.975484375 0.8124062500000001 0.033984375 0.0858281250000001
11 0.9147812500000001 0.82434375 0.028953124999999958 0.06090625000000003
12 0.8664687499999999 0.832359375 0.025421874999999972 0.05409374999999983
13 0.8077031250000001 0.8371875 0.030906249999999958 0.04706249999999983
14 0.758953125 0.8429062500000001 0.038796874999999884 0.0620000000000001
15 0.71359375 0.8514687500000001 0.033296875000000094 0.05540625000000006
16 0.670984375 0.855984375 0.028890625000000014 0.058265624999999946
17 0.63375 0.8604843750000001 0.036125000000000004 0.05584375000000001
18 0.60046875 0.8589375 0.014375000000000072 0.053640624999999886
19 0.571265625 0.86421875 0.025343750000000043 0.06946875000000005
20 0.52896875 0.8671875 0.032140625000000075 0.056937500000000085
21 0.49098437500000003 0.86915625 0.03168749999999996 0.060890625000000045
22 0.44821875 0.880234375 0.04209375000000008 0.05193750000000001
23 0.400328125 0.8774843750000001 0.037687500000000006 0.053468750000000044
24 0.349703125 0.8850625000000001 0.02690625000000004 0.05281249999999993
25 0.313890625 0.8920937500000001 0.03523437499999993 0.0572031250000002
26 0.27468750000000003 0.8953906249999999 0.02798437499999995 0.061156250000000155
27 0.22395312499999998 0.90021875 0.03456250000000001 0.06203125000000007
28 0.15737500000000004 0.9026406250000001 0.030624999999999857 0.0572031250000002
29 0.11212499999999999 0.9068125 0.026218749999999957 0.05148437500000007
30 0.06468749999999997 0.907578125 0.028843750000000057 0.04862500000000018
31 0.025375000000000016 0.914390625 0.03367187499999993 0.04818749999999987
32 0.9635624999999999 0.6830468749999999 0.04475000000000016 0.06539062500000004
33 0.913703125 0.6864531250000001 0.023218749999999844 0.059890624999999885
34 0.85571875 0.6919375000000001 0.02320312499999986 0.06209375000000002
35 0.7893749999999999 0.69721875 0.03459374999999998 0.059453124999999926
36 0.969828125 0.500390625 0.03356250000000003 0.07085937500000003
37 0.9223750000000001 0.501046875 0.02564062500000013 0.06162499999999991
38 0.8713124999999999 0.50303125 0.028921874999999986 0.052390624999999955
39 0.8305624999999999 0.513578125 0.030000000000000072 0.07084375000000005
40 0.7841093750000001 0.512046875 0.029328124999999972 0.042281249999999916
41 0.7401875 0.521484375 0.032828124999999986 0.06820312499999996
42 0.69315625 0.51709375 0.031984375000000044 0.08228124999999994
43 0.652953125 0.53675 0.030656250000000006 0.06534375000000008
44 0.60353125 0.5485156250000001 0.016140625000000065 0.07215624999999992
45 0.558515625 0.547078125 0.016562500000000036 0.08423437499999994
46 0.508875 0.551046875 0.02885937500000004 0.06314062499999995
47 0.46976562499999996 0.554671875 0.012156249999999957 0.062484375000000016
48 0.43309375 0.55378125 0.040687499999999946 0.05368750000000002
49 0.38356250000000003 0.55675 0.03035937499999992 0.04907812499999995
50 0.34303125 0.5626875 0.020468750000000036 0.04248437500000009
51 0.30160937499999996 0.56203125 0.024249999999999973 0.07543749999999996
52 0.24371875000000004 0.5800468750000001 0.03324999999999996 0.07367187499999997
53 0.20385937500000004 0.5983906250000001 0.024671874999999944 0.04620312500000008
54 0.15759375000000003 0.59596875 0.026234374999999942 0.05895312500000003
55 0.11784374999999994 0.60784375 0.0319218750000001 0.056312499999999946
56 0.06875 0.603671875 0.03125 0.054109374999999994
57 0.02690625000000004 0.619484375 0.029265625000000028 0.054109374999999994
32 0.9695 0.349703125 0.04078124999999986 0.0625
59 0.913828125 0.35496875 0.032203124999999846 0.044031249999999925
60 0.845078125 0.34199999999999997 0.04053125000000009 0.08579687499999995
61 0.785765625 0.349921875 0.03523437499999993 0.09106249999999996
0 0.977390625 0.17131249999999998 0.02765625000000007 0.0528437499999999
1 0.931703125 0.17043750000000008 0.013578125000000085 0.05459375000000009
2 0.8805156249999999 0.17406249999999995 0.04476562500000014 0.056578125000000055
3 0.821109375 0.17681249999999996 0.03046875 0.06293749999999995
4 0.7535624999999999 0.18340625 0.029781249999999915 0.055031250000000045
5 0.704140625 0.18284374999999997 0.039000000000000055 0.06007812500000007
6 0.652859375 0.19790624999999995 0.024265624999999957 0.06820312500000014
7 0.602890625 0.205265625 0.027984375000000127 0.0547968749999999
8 0.54896875 0.21987500000000004 0.026437499999999937 0.06643749999999997
9 0.49878125000000006 0.21393750000000003 0.025328125000000055 0.07040625000000009