10 0.13374999999999998 0.088078125 0.049953125 0.055390625000000006
11 0.24285937500000002 0.08553125 0.045546874999999966 0.0365
12 0.355875 0.09084375 0.040671874999999955 0.033265624999999986
13 0.471890625 0.08046875 0.03903125000000003 0.03603125
14 0.584359375 0.080234375 0.03168749999999996 0.03834375000000001
15 0.690359375 0.07725 0.027968749999999966 0.03787499999999999
16 0.77678125 0.079203125 0.06114062500000017 0.051484374999999985
17 0.117140625 0.15665625 0.036093749999999994 0.03767187499999998
18 0.23304687500000001 0.16253125 0.04114062499999997 0.039749999999999994
19 0.3519375 0.15918749999999998 0.038328124999999956 0.042750000000000024
20 0.46640625 0.15665625 0.03495312500000001 0.04598437500000001
21 0.590265625 0.14896875 0.03306249999999995 0.046890624999999984
22 0.6992812500000001 0.14656249999999998 0.04132812500000007 0.03759375
23 0.7881875 0.14015625 0.045578124999999935 0.03834374999999999
24 0.10860937500000001 0.22065625 0.04165624999999999 0.040875000000000036
25 0.216875 0.223046875 0.03634374999999999 0.03810937499999998
26 0.33259375 0.23146874999999997 0.04893749999999999 0.041390625000000014
27 0.45720312500000004 0.22354687499999998 0.028031250000000084 0.03307812500000003
28 0.582953125 0.218765625 0.03504687499999992 0.03860937499999997
29 0.7031875000000001 0.217 0.03856249999999992 0.03810937499999998
30 0.805296875 0.20745312500000002 0.04356250000000017 0.04615625000000003
31 0.104359375 0.28959375 0.043703124999999995 0.03990625000000003
32 0.19890625 0.288703125 0.051718749999999994 0.051718750000000036
33 0.33384375 0.297390625 0.04539062500000002 0.04342187500000003
34 0.46498437499999995 0.30115625 0.04057812500000004 0.054000000000000006
35 0.62090625 0.297640625 0.11095312499999999 0.04996875000000003
0 0.059296875000000006 0.7701875 0.043546875000000006 0.05493749999999995
1 0.18559375 0.778734375 0.03401562499999997 0.04353124999999984
2 0.3370625 0.79109375 0.05201562500000003 0.04543750000000006
3 0.47143750000000006 0.795609375 0.02443749999999998 0.04021875000000001
4 0.59584375 0.7998750000000001 0.03959375000000005 0.04306249999999991
5 0.738765625 0.812703125 0.04049999999999994 0.06303124999999987
6 0.05596875 0.8659062499999999 0.04259375000000001 0.04974999999999987
7 0.172296875 0.8772968750000001 0.03592187500000001 0.04974999999999987
8 0.328984375 0.8856093749999999 0.047265625 0.04643750000000004
9 0.47095312500000003 0.8948750000000001 0.034890625000000064 0.05640624999999986
36 0.08553125 0.42234375 0.03728125 0.03276562500000004
37 0.186796875 0.41606249999999995 0.025921875000000004 0.04787499999999998
38 0.311328125 0.43115625 0.03595312499999999 0.025218749999999977
39 0.4324375 0.42234375 0.03534375000000001 0.05290625000000002
40 0.531703125 0.435140625 0.03635937499999997 0.033203125
41 0.6163125 0.427171875 0.03570312500000004 0.05751562499999992
42 0.70175 0.46125 0.06189062500000002 0.06656250000000004
43 0.0723125 0.489671875 0.03348437500000001 0.05923437499999995
44 0.184171875 0.49093749999999997 0.026953125 0.03657812499999995
45 0.302734375 0.514953125 0.03384375000000004 0.07076562499999994
46 0.434390625 0.510234375 0.027937499999999994 0.05
47 0.528140625 0.505296875 0.021671875000000007 0.05649999999999995
48 0.62196875 0.515265625 0.05204687500000009 0.03239062500000003
49 0.733015625 0.51925 0.035093750000000055 0.03029687499999998
50 0.07021875 0.56746875 0.039359374999999995 0.04120312500000001
51 0.165609375 0.585921875 0.028859375 0.05546875
52 0.300421875 0.5904375 0.056906250000000026 0.05064062499999995
53 0.41971875000000003 0.587078125 0.041359375000000045 0.033859374999999935
54 0.512734375 0.596203125 0.06004687499999992 0.043312500000000045
55 0.62659375 0.581953125 0.04245312499999994 0.06510937499999994
56 0.7418125 0.597140625 0.03507812500000007 0.03387499999999992
57 0.060781249999999995 0.6504218749999999 0.034328125 0.03725000000000005
58 0.15953124999999999 0.662484375 0.05065625000000003 0.03746875000000003
59 0.284703125 0.67034375 0.03174999999999999 0.039359375000000085
60 0.39417187500000006 0.7008593750000001 0.07581249999999998 0.0790000000000001
61 0.53778125 0.689640625 0.06360937500000005 0.05026562499999994