10 0.10365625 0.06251562499999999 0.07768749999999999 0.06229687499999999
11 0.277078125 0.060703125000000004 0.060531250000000016 0.061765625000000005
12 0.412921875 0.066140625 0.05842187499999998 0.044656249999999995
13 0.5630468750000001 0.066140625 0.047562500000000084 0.04776562499999999
14 0.72415625 0.067953125 0.047765625000000075 0.048281249999999984
15 0.8474375000000001 0.06225000000000001 0.056312499999999946 0.061765625000000005
16 0.9513906249999999 0.059015625 0.07754687500000017 0.05995312499999998
17 0.05973437499999999 0.146671875 0.08160937500000001 0.05481249999999997
18 0.241453125 0.148609375 0.05926562500000001 0.05714062499999999
19 0.42239062499999996 0.142390625 0.060250000000000095 0.060250000000000005
20 0.55784375 0.147046875 0.04024999999999999 0.050921875000000005
47 0.707171875 0.14653125 0.040234375 0.04054687499999998
22 0.820484375 0.143421875 0.052187500000000143 0.03742187499999998
23 0.9316875 0.13874999999999998 0.05992187499999986 0.04053125
25 0.22425 0.233796875 0.04507812500000004 0.05173437500000002
26 0.405578125 0.22498437500000001 0.08571875000000002 0.05276562499999997
27 0.54725 0.21953125 0.06882812499999993 0.044984375000000035
28 0.694625 0.215 0.03535937499999999 0.04368749999999997
29 0.814125 0.218109375 0.09701562499999987 0.04679687499999998
30 0.93159375 0.22173437499999998 0.056625000000000016 0.04471875000000001
24 0.06609374999999999 0.23729687500000002 0.07254687500000001 0.06340624999999997
31 0.066609375 0.318984375 0.06424999999999999 0.05254687499999999
32 0.24235937500000002 0.314828125 0.07975000000000003 0.04112499999999999
33 0.40179687499999994 0.30446875 0.06570312499999993 0.05460937499999998
34 0.551625 0.299796875 0.060484375000000055 0.05149999999999997
35 0.7091093749999999 0.29889062499999997 0.08765625000000003 0.05123437500000003
0 0.096796875 0.8298593750000001 0.056187500000000015 0.05381250000000008
1 0.22331249999999997 0.82090625 0.016750000000000043 0.03435937500000001
2 0.3780625 0.81040625 0.10225 0.033578125000000014
3 0.54825 0.797046875 0.07395312500000006 0.04887499999999996
4 0.679578125 0.7853749999999999 0.06595312500000006 0.05042187499999997
5 0.86090625 0.767484375 0.11592187500000009 0.04885937499999997
6 0.10159375 0.924890625 0.04242187500000001 0.05567187500000017
7 0.226796875 0.9168593749999999 0.08128124999999997 0.06448437499999997
8 0.3643125 0.8981875 0.05920312499999998 0.05203124999999993
9 0.5251718750000001 0.884953125 0.052671875000000055 0.05046874999999993
36 0.087328125 0.44523437499999996 0.07923437500000001 0.060812499999999936
37 0.22990624999999998 0.43809375 0.059499999999999977 0.05121874999999996
38 0.4028125 0.4335625 0.06929687500000004 0.04368750000000006
39 0.5661562499999999 0.41775 0.07087500000000002 0.04317187499999999
40 0.691359375 0.41385937500000003 0.047499999999999966 0.04782812500000002
41 0.8080624999999999 0.40737500000000004 0.06467187500000016 0.05353124999999999
42 0.938328125 0.417484375 0.07164062499999986 0.06754687500000003
43 0.103265625 0.538828125 0.061359375000000015 0.055109374999999974
44 0.2166875 0.5243125 0.019062499999999982 0.05717187500000005
45 0.36262500000000003 0.5315624999999999 0.040281250000000046 0.05614062499999992
46 0.540109375 0.508609375 0.04679687500000007 0.042906250000000055
47 0.668953125 0.49565625 0.03379687499999999 0.04185937499999994
48 0.8110312499999999 0.490328125 0.07682812500000011 0.029671875000000014
49 0.926765625 0.47865624999999995 0.0454218749999999 0.03434375000000003
50 0.089671875 0.623625 0.04660937500000002 0.03803125000000005
51 0.21746875000000002 0.6235 0.03464062500000002 0.05178124999999998
52 0.363671875 0.6174062499999999 0.05326562500000005 0.04735937499999991
53 0.534640625 0.601453125 0.04829687499999995 0.032578125000000034
54 0.681015625 0.588359375 0.050125000000000065 0.05460937500000007
55 0.8017031250000001 0.569421875 0.06439062500000006 0.047859374999999996
56 0.923015625 0.556203125 0.02703124999999993 0.02762499999999992
57 0.08915625 0.7069687499999999 0.058015624999999994 0.03982812500000001
58 0.22240625 0.6990624999999999 0.09115624999999997 0.03801562500000007
59 0.372625 0.694140625 0.06026562499999999 0.04682812500000004
60 0.53321875 0.686875 0.05010937500000008 0.06031250000000003
35 0.698109375 0.68246875 0.13256250000000006 0.05926562499999992