11 0.1921875 0.06484375 0.1078125 0.08359375
12 0.41953125 0.10859375 0.08671875 0.09609375
13 0.6609375 0.16953125 0.1203125 0.09921875
14 0.8921875 0.215625 0.0953125 0.08984375
15 0.16171875 0.1921875 0.08125 0.0921875
16 0.39921875 0.23984375 0.0921875 0.08046875
17 0.6328125 0.29609375 0.11640625 0.090625
18 0.86171875 0.3484375 0.10625 0.0953125
19 0.14296875 0.32734375 0.06953125 0.08125
20 0.36875 0.3734375 0.09375 0.08359375
21 0.603125 0.428125 0.0921875 0.09609375
22 0.825 0.48203125 0.0890625 0.09296875
23 0.10703125 0.45703125 0.1234375 0.0875
24 0.34609375 0.50546875 0.11484375 0.09453125
25 0.575 0.55703125 0.109375 0.08984375
26 0.81015625 0.61015625 0.09140625 0.08046875
27 0.0828125 0.59375 0.1203125 0.1015625
28 0.309375 0.640625 0.0953125 0.0921875
29 0.5453125 0.69453125 0.08515625 0.08515625
30 0.78046875 0.73984375 0.08203125 0.084375
31 0.0546875 0.72421875 0.103125 0.08515625
32 0.2953125 0.76875 0.09765625 0.08828125
33 0.521875 0.81875 0.15 0.09921875
34 0.75234375 0.871875 0.09140625 0.090625
35 0.0375 0.85 0.075 0.09609375
36 0.25703125 0.90234375 0.09375 0.10703125