36 0.062125 0.11292187499999999 0.053640625 0.08231250000000001
37 0.1306875 0.0900625 0.05535937500000001 0.109515625
38 0.19607812499999996 0.11146875 0.047250000000000014 0.06899999999999999
39 0.25971875 0.099609375 0.05648437499999996 0.097359375
40 0.334359375 0.116390625 0.03910937499999996 0.068421875
41 0.4020625 0.09440625 0.04949999999999992 0.100828125
42 0.4636875 0.141 0.05815625000000004 0.135
43 0.52559375 0.1025 0.056984375000000045 0.08926562499999999
44 0.581734375 0.10192187500000001 0.03729687500000001 0.08810937500000002
45 0.620203125 0.11784374999999998 0.04828124999999996 0.192875
46 0.6852968749999999 0.09440625 0.06389062499999998 0.10778124999999998
47 0.745765625 0.09989062499999998 0.049406250000000006 0.101421875
48 0.8160624999999999 0.113203125 0.07542187499999997 0.07248437500000002
49 0.061250000000000006 0.30625 0.0484375 0.080078125
50 0.12085937499999999 0.30625 0.04957812499999999 0.073140625
51 0.180453125 0.319265625 0.057671875 0.08878124999999999
52 0.25017187500000004 0.32360937500000003 0.047812500000000036 0.10093750000000004
53 0.30428125 0.297859375 0.055312499999999966 0.07371875000000001
54 0.36271875 0.29178125 0.06107812500000005 0.08587499999999997
55 0.43735937500000005 0.297859375 0.05759375000000002 0.08065625000000001
56 0.4995625 0.305375 0.046578124999999915 0.07487500000000002
57 0.56465625 0.299875 0.06218749999999993 0.07429687500000001
58 0.6312031250000001 0.303359375 0.06332812499999996 0.0881875
59 0.6936875 0.3076875 0.05635937500000008 0.08645312499999998
60 0.7558906249999999 0.343296875 0.05923437499999995 0.14029687500000004
61 0.815203125 0.303640625 0.04243750000000013 0.07834374999999998
10 0.055765625 0.477 0.047859374999999996 0.11604687499999997
11 0.1159375 0.47006249999999994 0.057109374999999976 0.10909375000000007
12 0.1868125 0.47757812499999996 0.049562500000000044 0.1033125
13 0.259140625 0.4793125 0.09698437499999998 0.12067187500000003
14 0.3468125 0.47006249999999994 0.06051562500000003 0.11604687499999997
15 0.417390625 0.477 0.055859375 0.10215624999999999
16 0.49232812499999995 0.48046875 0.056421875000000024 0.10215624999999999
17 0.5565625 0.472375 0.06681249999999998 0.10678125000000005
18 0.64190625 0.47121874999999996 0.08125 0.118359375
19 0.720890625 0.51 0.06214062499999997 0.182046875
20 0.78453125 0.47468750000000004 0.04360937500000013 0.11140624999999993
21 0.84528125 0.482796875 0.06095312499999998 0.12067187500000003
22 0.93496875 0.48395312500000004 0.08753124999999998 0.08826562500000001
23 0.061546875 0.6581718750000001 0.057125 0.15432812499999998
24 0.12953125000000001 0.66309375 0.05304687499999998 0.11670312500000009
25 0.1955 0.67640625 0.059968749999999994 0.09471875
26 0.267828125 0.6628125 0.07962499999999997 0.13348437499999993
27 0.346515625 0.6578906250000001 0.06340624999999997 0.13406249999999992
28 0.425203125 0.6581718750000001 0.08189062499999995 0.13812499999999997
29 0.49984375 0.66396875 0.07840624999999993 0.13579687499999996
30 0.5768125000000001 0.65296875 0.05870312500000008 0.12074999999999995
31 0.6450781250000001 0.661078125 0.056375000000000064 0.12306249999999999
32 0.71971875 0.6683125000000001 0.08065625000000001 0.12017187499999996
33 0.791765625 0.665125 0.04765625 0.12423437499999998
34 0.85859375 0.711140625 0.07367187500000014 0.19196874999999985
35 0.9372812500000001 0.667734375 0.07132812500000014 0.11207812500000003
0 0.067625 0.8593125 0.08199999999999999 0.11331249999999997
1 0.13387500000000002 0.8653906250000001 0.04437500000000001 0.10810937500000009
2 0.201859375 0.8656874999999999 0.07270312499999995 0.09826562500000016
3 0.283734375 0.8625 0.05242187500000002 0.1092656250000001
4 0.370234375 0.8584531249999999 0.062234375000000064 0.10810937500000009
5 0.450953125 0.859609375 0.06742187499999996 0.11042187500000011
6 0.53225 0.8581562500000001 0.06682812499999997 0.11099999999999995
7 0.608625 0.8627968750000001 0.059859374999999916 0.09942187500000017
8 0.68240625 0.8625 0.051156250000000014 0.10231250000000003
9 0.75965625 0.8555624999999999 0.07023437500000007 0.10231250000000003