95 0.3 0.50390625 0.07578125 0.14765625
112 0.38046875 0.48359375 0.07265625 0.0828125
37 0.46171875 0.4640625 0.078125 0.0859375
118 0.5359375 0.47578125 0.06484375 0.0890625
118 0.62421875 0.46484375 0.07265625 0.0875
117 0.69296875 0.50625 0.0796875 0.14609375
95 0.0640625 0.88046875 0.128125 0.2390625
95 0.22109375 0.865625 0.134375 0.12890625
80 0.34140625 0.8296875 0.078125 0.1875
114 0.478125 0.8859375 0.12109375 0.17890625
114 0.6328125 0.8703125 0.125 0.175
95 0.778125 0.878125 0.1015625 0.24375
112 0.94140625 0.89140625 0.11640625 0.14296875