10 0.5875 0.41875 0.05546875 0.0890625
6 0.8953125 0.42265625 0.053125 0.08828125
31 0.31640625 0.42421875 0.0625 0.08671875
18 0.05 0.72421875 0.0765625 0.08984375
8 0.28125 0.5671875 0.05 0.08046875
1 0.67421875 0.42265625 0.0546875 0.08671875
29 0.1359375 0.42421875 0.0546875 0.08828125
25 0.35625 0.27578125 0.0671875 0.090625
14 0.63671875 0.5671875 0.0671875 0.09140625
17 0.91171875 0.56640625 0.0671875 0.09453125
3 0.20078125 0.56875 0.05546875 0.0875
28 0.04765625 0.425 0.05859375 0.08359375
20 0.21015625 0.71640625 0.05078125 0.08828125
6 0.81875 0.42421875 0.0484375 0.0828125
23 0.140625 0.26875 0.08125 0.0859375
7 0.03828125 0.56796875 0.05703125 0.090625
5 0.11875 0.56875 0.0453125 0.08203125
22 0.05 0.275 0.08515625 0.09765625
24 0.2609375 0.2765625 0.09921875 0.09453125
26 0.44765625 0.2703125 0.08046875 0.09453125
27 0.5453125 0.28046875 0.0890625 0.11484375
33 0.6546875 0.26875 0.11171875 0.0921875
34 0.7765625 0.2703125 0.0890625 0.10703125
35 0.86875 0.271875 0.0671875 0.1109375
36 0.9546875 0.27109375 0.075 0.09609375
30 0.22265625 0.41875 0.06796875 0.10078125
32 0.4109375 0.41796875 0.08828125 0.0984375
2 0.75234375 0.41875 0.04609375 0.0921875
9 0.36015625 0.56875 0.06796875 0.0921875
12 0.4484375 0.5703125 0.0703125 0.09453125
13 0.5390625 0.571875 0.0765625 0.08984375
15 0.73046875 0.5703125 0.07734375 0.0984375
17 0.821875 0.565625 0.0734375 0.09140625
19 0.1375 0.7203125 0.04765625 0.09453125
11 0.290625 0.72109375 0.07890625 0.084375
21 0.5078125 0.41796875 0.08203125 0.10234375