5 0.22578125 0.5515625 0.04765625 0.08125
7 0.146875 0.55390625 0.04765625 0.0859375
31 0.3453125 0.3875 0.0546875 0.08203125
34 0.725 0.2203125 0.0625 0.08828125
3 0.3046875 0.553125 0.046875 0.0828125
8 0.38671875 0.5515625 0.040625 0.0796875
14 0.92578125 0.55234375 0.0578125 0.08671875
15 0.0703125 0.72109375 0.05546875 0.08515625
9 0.46640625 0.5546875 0.04375 0.08203125
1 0.78515625 0.38515625 0.046875 0.0828125
4 0.95 0.38359375 0.04921875 0.0859375
35 0.8234375 0.21875 0.05703125 0.08515625
24 0.2328125 0.21875 0.059375 0.08203125
6 0.059375 0.55390625 0.046875 0.0875
30 0.25390625 0.38671875 0.05859375 0.0796875
2 0.86640625 0.38359375 0.034375 0.0796875
23 0.1328125 0.21875 0.071875 0.0828125
16 0.15546875 0.71484375 0.05546875 0.0828125
18 0.34375 0.72421875 0.06171875 0.0828125
10 0.52890625 0.390625 0.04453125 0.08515625
36 0.90703125 0.21875 0.06328125 0.08515625
32 0.440625 0.384375 0.06171875 0.078125
19 0.04921875 0.2171875 0.053125 0.0953125
25 0.3296875 0.21796875 0.07109375 0.0859375
26 0.4265625 0.21953125 0.06953125 0.08671875
27 0.52890625 0.2203125 0.08046875 0.09375
33 0.62578125 0.215625 0.08671875 0.0859375
28 0.0734375 0.38671875 0.0703125 0.08984375
29 0.165625 0.38359375 0.06640625 0.08359375
20 0.6140625 0.384375 0.0515625 0.0859375
21 0.6953125 0.3890625 0.0640625 0.0890625
22 0.553125 0.5546875 0.0734375 0.08828125
11 0.6421875 0.5546875 0.0703125 0.07890625
12 0.7328125 0.5484375 0.07265625 0.0828125
13 0.8328125 0.5515625 0.08125 0.0890625
17 0.25 0.7171875 0.07265625 0.0875