18 0.66015625 0.70703125 0.06875 0.09765625
15 0.73125 0.5515625 0.05625 0.096875
12 0.175 0.703125 0.0578125 0.09140625
29 0.16640625 0.4265625 0.05625 0.09140625
31 0.3296875 0.4203125 0.065625 0.0875
28 0.09453125 0.4265625 0.0609375 0.08984375
16 0.50234375 0.703125 0.05625 0.09375
36 0.86953125 0.29453125 0.0640625 0.0921875
16 0.80859375 0.5546875 0.053125 0.09296875
17 0.88671875 0.55390625 0.06328125 0.09609375
14 0.6515625 0.553125 0.0640625 0.09453125
11 0.09453125 0.7046875 0.07265625 0.1046875
13 0.56875 0.55625 0.0609375 0.09375
30 0.24375 0.42578125 0.0625 0.0921875
20 0.784375 0.70546875 0.04375 0.1
23 0.159375 0.2890625 0.07890625 0.09296875
11 0.4984375 0.4234375 0.0703125 0.096875
35 0.7890625 0.29140625 0.0640625 0.08828125
14 0.34140625 0.70390625 0.06484375 0.09375
24 0.2453125 0.2953125 0.0640625 0.09453125
34 0.7171875 0.2921875 0.06171875 0.0890625
21 0.86171875 0.703125 0.071875 0.10859375
17 0.5734375 0.70703125 0.0640625 0.090625
32 0.4078125 0.42421875 0.07109375 0.09296875
26 0.425 0.2984375 0.05546875 0.0921875
13 0.2578125 0.7 0.06171875 0.090625
15 0.42734375 0.7015625 0.05703125 0.09453125
1 0.65859375 0.425 0.05625 0.09453125
33 0.62421875 0.2921875 0.0984375 0.0875
19 0.07265625 0.2953125 0.05625 0.0890625
25 0.33515625 0.290625 0.08046875 0.0859375
27 0.5140625 0.29765625 0.08203125 0.09296875
12 0.48515625 0.5546875 0.06796875 0.08828125
19 0.72890625 0.7015625 0.04296875 0.09453125