34 0.20546875 0.25234375 0.06171875 0.090625
34 0.2171875 0.43359375 0.0703125 0.09296875
33 0.12109375 0.74609375 0.13984375 0.09609375
33 0.09921875 0.43515625 0.09375 0.09296875
11 0.784375 0.2546875 0.065625 0.103125
33 0.10546875 0.6078125 0.109375 0.08828125
35 0.27890625 0.259375 0.06171875 0.08515625
36 0.35625 0.25234375 0.05625 0.0875
35 0.3140625 0.609375 0.0734375 0.08359375
33 0.1046875 0.25078125 0.10703125 0.0921875
35 0.31328125 0.4375 0.07265625 0.0921875
36 0.4015625 0.43515625 0.065625 0.09453125
27 0.58828125 0.26640625 0.071875 0.115625
36 0.478125 0.740625 0.0765625 0.0875
36 0.40390625 0.59921875 0.05859375 0.0859375
27 0.67734375 0.60625 0.07421875 0.10234375
19 0.41953125 0.25546875 0.04921875 0.08984375
19 0.4734375 0.43359375 0.05078125 0.10859375
19 0.4796875 0.60625 0.0453125 0.09609375
19 0.5734375 0.7390625 0.06328125 0.1109375
23 0.76171875 0.440625 0.10234375 0.10234375
23 0.6890625 0.25859375 0.0859375 0.10078125
25 0.49375 0.25390625 0.078125 0.0953125
25 0.55859375 0.4359375 0.075 0.1078125
27 0.6578125 0.44140625 0.0796875 0.11796875
34 0.22421875 0.6046875 0.08203125 0.0953125
34 0.26015625 0.74296875 0.09921875 0.1078125
35 0.37421875 0.73984375 0.10078125 0.10234375
25 0.56484375 0.60546875 0.0921875 0.09375
23 0.78515625 0.60625 0.1078125 0.1109375
25 0.66953125 0.7390625 0.09765625 0.0953125
27 0.78515625 0.75390625 0.096875 0.1125