9 0.55859375 0.71875 0.059375 0.1125
1 0.19375 0.5171875 0.0546875 0.1125
10 0.0765625 0.51953125 0.06015625 0.11640625
5 0.19375 0.71796875 0.0578125 0.1046875
34 0.92265625 0.11484375 0.059375 0.109375
8 0.43828125 0.71171875 0.05546875 0.10703125
33 0.79921875 0.11484375 0.065625 0.1078125
6 0.559375 0.5140625 0.0546875 0.11171875
4 0.43828125 0.51484375 0.05625 0.1109375
3 0.315625 0.715625 0.059375 0.1046875
32 0.8015625 0.31484375 0.06875 0.1109375
7 0.0765625 0.7171875 0.05859375 0.1125
35 0.07421875 0.315625 0.0609375 0.1046875
18 0.56171875 0.91484375 0.05859375 0.10546875
23 0.91953125 0.51796875 0.0671875 0.1046875
2 0.31484375 0.51953125 0.040625 0.10625
15 0.92109375 0.31875 0.06484375 0.11484375
31 0.684375 0.31484375 0.06171875 0.10625
36 0.1953125 0.31640625 0.06484375 0.10546875
24 0.31171875 0.11328125 0.06171875 0.1078125
14 0.0703125 0.9140625 0.05859375 0.1109375
17 0.43671875 0.91328125 0.06015625 0.11328125
28 0.31875 0.3203125 0.0625 0.10390625
23 0.19140625 0.115625 0.08046875 0.11484375
26 0.559375 0.1171875 0.06640625 0.1125
27 0.67578125 0.11953125 0.07421875 0.1203125
29 0.4359375 0.31484375 0.0703125 0.11328125
30 0.55625 0.3140625 0.09765625 0.1109375
21 0.67734375 0.515625 0.07578125 0.11640625
22 0.79765625 0.515625 0.07265625 0.1109375
11 0.678125 0.72109375 0.07890625 0.1046875
12 0.796875 0.7171875 0.07890625 0.10078125
13 0.921875 0.715625 0.0734375 0.1109375
15 0.1953125 0.91484375 0.08203125 0.109375
16 0.31171875 0.91640625 0.07734375 0.11015625
20 0.7984375 0.91171875 0.04609375 0.1078125
22 0.91953125 0.9171875 0.0828125 0.11328125
19 0.0734375 0.12109375 0.05078125 0.125
25 0.43828125 0.11875 0.07421875 0.1046875
19 0.67890625 0.91484375 0.0515625 0.1140625