18 0.21640625 0.73515625 0.0859375 0.10390625
22 0.5640625 0.73046875 0.07109375 0.10546875
35 0.103125 0.39375 0.0765625 0.10078125
34 0.85390625 0.23359375 0.0859375 0.1015625
17 0.10078125 0.73203125 0.0828125 0.09609375
31 0.59453125 0.3921875 0.078125 0.1015625
30 0.4953125 0.39609375 0.06796875 0.10703125
21 0.46328125 0.7328125 0.0890625 0.09453125
27 0.60703125 0.24765625 0.084375 0.11484375
1 0.09140625 0.55546875 0.05390625 0.10390625
23 0.67734375 0.7296875 0.103125 0.096875
29 0.40546875 0.39453125 0.0609375 0.10390625
36 0.20390625 0.3953125 0.0734375 0.09921875
23 0.18203125 0.23359375 0.10078125 0.1
28 0.30625 0.4 0.071875 0.08984375
33 0.72421875 0.2328125 0.1015625 0.1015625
20 0.37890625 0.72890625 0.04609375 0.0984375
16 0.8609375 0.55859375 0.0640625 0.1015625
24 0.296875 0.2328125 0.08359375 0.103125
32 0.703125 0.39765625 0.07578125 0.09921875
26 0.51171875 0.23515625 0.0609375 0.103125
11 0.8078125 0.39921875 0.08671875 0.08671875
24 0.790625 0.7265625 0.08515625 0.09765625
10 0.9015625 0.396875 0.0640625 0.09453125
19 0.084375 0.234375 0.05390625 0.1109375
25 0.4078125 0.2390625 0.09765625 0.10625
19 0.3046875 0.73046875 0.0578125 0.115625
25 0.89453125 0.728125 0.08671875 0.10390625