29 0.2875 0.4171875 0.05390625 0.10234375
24 0.2890625 0.26171875 0.05234375 0.09453125
30 0.3890625 0.4171875 0.0546875 0.0984375
15 0.49375 0.75703125 0.05859375 0.1015625
34 0.7890625 0.25546875 0.0546875 0.09296875
1 0.8921875 0.4203125 0.04296875 0.0984375
35 0.8921875 0.25625 0.053125 0.09921875
31 0.4875 0.41640625 0.0546875 0.1
28 0.18984375 0.4171875 0.05390625 0.09453125
12 0.1890625 0.76015625 0.05546875 0.1015625
36 0.0890625 0.41640625 0.05546875 0.09375
32 0.58828125 0.4140625 0.0578125 0.103125
18 0.78984375 0.75703125 0.059375 0.096875
23 0.1890625 0.2609375 0.06328125 0.0953125
26 0.48515625 0.26015625 0.0546875 0.096875
33 0.6875 0.253125 0.0578125 0.09921875
14 0.38515625 0.7625 0.0546875 0.09296875
17 0.6890625 0.7640625 0.0578125 0.090625
11 0.0890625 0.7609375 0.06171875 0.0984375
16 0.5859375 0.75859375 0.05390625 0.09921875
19 0.89296875 0.75390625 0.0421875 0.10546875
27 0.59140625 0.26171875 0.06796875 0.1109375
11 0.68828125 0.42109375 0.06171875 0.0796875
13 0.290625 0.7578125 0.0578125 0.08515625
19 0.0875 0.25625 0.04765625 0.1046875
25 0.390625 0.2578125 0.06640625 0.09453125