1 0.66171875 0.471875 0.03359375 0.065625
14 0.6890625 0.89765625 0.0375 0.0609375
1 0.6515625 0.2921875 0.03359375 0.0640625
1 0.65546875 0.09609375 0.03203125 0.065625
14 0.6875 0.6875 0.03828125 0.0625
11 0.265625 0.29375 0.0390625 0.06171875
11 0.27578125 0.475 0.0359375 0.06484375
26 0.05625 0.471875 0.05390625 0.08046875
26 0.05625 0.09609375 0.0421875 0.08359375
26 0.05 0.2890625 0.0484375 0.08203125
11 0.26875 0.1015625 0.0421875 0.06875
22 0.4765625 0.1015625 0.0515625 0.0765625
22 0.46953125 0.29375 0.03671875 0.07265625
22 0.4734375 0.475 0.0453125 0.0671875
23 0.0671875 0.67578125 0.0703125 0.075
23 0.05859375 0.890625 0.059375 0.0734375
23 0.81875 0.1 0.06796875 0.0671875
23 0.81796875 0.2890625 0.06484375 0.08203125
23 0.8203125 0.46796875 0.0515625 0.07734375