29 0.6046875 0.29140625 0.03671875 0.0671875
29 0.0546875 0.9171875 0.03828125 0.065625
23 0.2453125 0.70234375 0.04921875 0.06015625
18 0.05234375 0.50078125 0.03828125 0.05859375
11 0.0640625 0.096875 0.06953125 0.11640625
14 0.0515625 0.70625 0.03359375 0.0578125
29 0.18671875 0.096875 0.0609375 0.1015625
31 0.46796875 0.89921875 0.03046875 0.05625
11 0.58515625 0.4375 0.03515625 0.0546875
89 0.6859375 0.30234375 0.03515625 0.046875
25 0.7328125 0.29375 0.0390625 0.06015625
14 0.0640625 0.3796875 0.04453125 0.0578125
69 0.1296875 0.09921875 0.0578125 0.109375
80 0.6265625 0.29453125 0.01796875 0.065625
72 0.65078125 0.309375 0.03359375 0.065625
112 0.76796875 0.30234375 0.03359375 0.0546875
108 0.79765625 0.30234375 0.028125 0.06328125
80 0.096875 0.38046875 0.01640625 0.06484375
101 0.11953125 0.39140625 0.0328125 0.05390625
56 0.15 0.38671875 0.0359375 0.06171875
90 0.18359375 0.3890625 0.0359375 0.0578125
89 0.215625 0.38828125 0.03359375 0.0578125
89 0.24765625 0.3875 0.034375 0.05234375
69 0.28046875 0.38828125 0.03359375 0.05390625
56 0.31015625 0.38828125 0.03203125 0.05390625
108 0.33515625 0.384375 0.02109375 0.059375
69 0.3625 0.3890625 0.0328125 0.05234375
64 0.39296875 0.38125 0.0328125 0.0671875
90 0.09140625 0.50859375 0.03515625 0.05
84 0.13359375 0.50859375 0.05 0.05546875
69 0.1734375 0.50625 0.0359375 0.05078125
64 0.6171875 0.43671875 0.0296875 0.0578125
64 0.64609375 0.4359375 0.0296875 0.0609375
89 0.684375 0.4421875 0.03046875 0.0484375
69 0.71484375 0.44140625 0.0265625 0.04765625
115 0.74609375 0.440625 0.03984375 0.046875
64 0.79140625 0.4375 0.03125 0.0625
69 0.82109375 0.4421875 0.028125 0.04296875
114 0.846875 0.43984375 0.02578125 0.05
80 0.865625 0.43828125 0.0140625 0.05859375
56 0.884375 0.44375 0.028125 0.0484375
69 0.9125 0.44140625 0.03046875 0.05390625
69 0.0859375 0.7140625 0.0328125 0.04765625
114 0.11640625 0.71328125 0.03203125 0.05078125
80 0.1390625 0.7078125 0.01328125 0.06640625
56 0.1609375 0.7140625 0.03203125 0.053125
69 0.1921875 0.7125 0.0328125 0.05546875
37 0.2875 0.7140625 0.03515625 0.0515625
89 0.31875 0.71328125 0.03203125 0.05546875
37 0.35 0.7140625 0.03359375 0.05390625
72 0.38125 0.71796875 0.03515625 0.06640625
69 0.41328125 0.7125 0.0359375 0.05390625
84 0.45546875 0.71171875 0.05078125 0.06171875
69 0.496875 0.7125 0.034375 0.0546875
89 0.528125 0.7109375 0.03125 0.0609375
108 0.55546875 0.70859375 0.02890625 0.0640625
69 0.084375 0.921875 0.028125 0.046875
108 0.109375 0.915625 0.01875 0.06171875
108 0.128125 0.915625 0.01953125 0.06484375
80 0.1453125 0.9140625 0.0140625 0.06328125
89 0.16875 0.921875 0.03125 0.0578125
72 0.20078125 0.928125 0.03515625 0.071875
101 0.23203125 0.9203125 0.0296875 0.0578125
89 0.50625 0.9109375 0.03046875 0.0515625
37 0.53671875 0.9109375 0.0328125 0.05390625
50 0.56875 0.90390625 0.03359375 0.06171875
83 0.5921875 0.9015625 0.0171875 0.06328125
69 0.6171875 0.91015625 0.03359375 0.0453125
108 0.65390625 0.90703125 0.025 0.0625
90 0.68046875 0.9109375 0.034375 0.046875
56 0.72421875 0.91015625 0.03125 0.05
90 0.75546875 0.91171875 0.03203125 0.05625
89 0.78828125 0.9109375 0.03203125 0.0609375
89 0.82109375 0.91015625 0.03203125 0.0609375
69 0.85390625 0.909375 0.03203125 0.06015625
56 0.884375 0.91015625 0.03125 0.0671875
108 0.91171875 0.9046875 0.02578125 0.06328125
9 0.2859375 0.0984375 0.05 0.09765625
3 0.340625 0.09921875 0.05390625 0.09921875
9 0.39453125 0.1015625 0.046875 0.10390625
5 0.44921875 0.1 0.05859375 0.0921875