34 0.7640625 0.1671875 0.06640625 0.08984375
31 0.4578125 0.3640625 0.06015625 0.0875
1 0.71328125 0.3703125 0.05 0.08828125
23 0.1640625 0.1671875 0.07578125 0.0828125
28 0.1953125 0.36953125 0.06796875 0.08984375
20 0.515625 0.76171875 0.05078125 0.0875
24 0.26640625 0.17265625 0.06484375 0.0859375
33 0.6578125 0.1671875 0.08984375 0.0859375
18 0.38359375 0.75859375 0.07421875 0.08515625
30 0.371875 0.365625 0.07109375 0.0984375
16 0.1953125 0.7609375 0.059375 0.090625
17 0.28671875 0.76484375 0.07109375 0.0953125
27 0.553125 0.17265625 0.06953125 0.1015625
21 0.59921875 0.7609375 0.0625 0.0921875
35 0.84921875 0.1703125 0.0640625 0.090625
12 0.66875 0.56484375 0.05546875 0.08828125
25 0.36328125 0.17265625 0.06875 0.08984375
22 0.6828125 0.76015625 0.05234375 0.08828125
19 0.084375 0.17421875 0.0484375 0.08671875
26 0.45234375 0.171875 0.07265625 0.0875
36 0.09765625 0.36875 0.0796875 0.08359375
29 0.28671875 0.37109375 0.06953125 0.1
32 0.54765625 0.36640625 0.075 0.08515625
11 0.57578125 0.565625 0.07578125 0.084375
13 0.75703125 0.56328125 0.07734375 0.09296875
14 0.8515625 0.5625 0.06875 0.0859375
15 0.10546875 0.76171875 0.07421875 0.09140625
19 0.45078125 0.76484375 0.05 0.096875