34 0.70234375 0.2640625 0.0578125 0.078125
31 0.434375 0.41328125 0.0515625 0.075
23 0.1484375 0.27109375 0.0671875 0.075
24 0.24296875 0.26484375 0.05390625 0.07578125
30 0.34296875 0.41328125 0.05390625 0.07109375
1 0.084375 0.56640625 0.04609375 0.078125
35 0.7875 0.26484375 0.05703125 0.078125
15 0.44609375 0.71875 0.05234375 0.0796875
36 0.0875 0.41640625 0.05859375 0.078125
32 0.5171875 0.4171875 0.0578125 0.075
19 0.07421875 0.2640625 0.040625 0.0890625
25 0.32890625 0.26171875 0.06796875 0.07734375
26 0.42109375 0.2671875 0.05859375 0.0828125
27 0.5140625 0.2625 0.06953125 0.0796875
33 0.6109375 0.2640625 0.0828125 0.0765625
28 0.171875 0.41796875 0.0734375 0.07734375
29 0.25625 0.4140625 0.0671875 0.0765625
20 0.67421875 0.4140625 0.05234375 0.08203125
20 0.75703125 0.415625 0.0703125 0.07890625
22 0.76796875 0.565625 0.06484375 0.0859375
11 0.090625 0.71640625 0.06640625 0.08125
12 0.178125 0.7125 0.0609375 0.0796875
13 0.26875 0.7140625 0.07265625 0.08203125
14 0.35703125 0.71796875 0.06171875 0.078125
17 0.6140625 0.7125 0.0640625 0.0796875
18 0.69765625 0.715625 0.08046875 0.0859375
16 0.528125 0.71484375 0.06640625 0.084375