101 0.10390625 0.55078125 0.13046875 0.24921875
83 0.234375 0.503125 0.11796875 0.29765625
37 0.3171875 0.54140625 0.1265625 0.13203125
91 0.44375 0.55859375 0.12734375 0.21640625
81 0.521875 0.5546875 0.1078125 0.3296875
37 0.6546875 0.51328125 0.14296875 0.1375
56 0.79609375 0.5 0.12734375 0.121875
82 0.90078125 0.46328125 0.11640625 0.25234375
56 0.2453125 0.14375 0.109375 0.23984375
90 0.36640625 0.1640625 0.1125 0.1640625
37 0.49453125 0.14296875 0.1546875 0.1484375
116 0.6578125 0.1609375 0.16328125 0.184375
116 0.93359375 0.09765625 0.1328125 0.1828125
116 0.05859375 0.14609375 0.11640625 0.1640625