56 0.06328125 0.54921875 0.0921875 0.11015625
37 0.17109375 0.53984375 0.11953125 0.109375
56 0.30234375 0.5046875 0.10546875 0.09765625
90 0.42421875 0.496875 0.1078125 0.11328125
64 0.54765625 0.44140625 0.1328125 0.178125
90 0.65859375 0.48046875 0.0875 0.10546875
116 0.78125 0.490625 0.1078125 0.1171875
117 0.8953125 0.5375 0.1109375 0.225
37 0.09609375 0.15390625 0.103125 0.11171875
89 0.19453125 0.146875 0.078125 0.1109375
83 0.30078125 0.11953125 0.08515625 0.2390625
90 0.39296875 0.16875 0.09296875 0.11015625
84 0.6828125 0.1265625 0.11640625 0.1515625
50 0.78515625 0.10625 0.08359375 0.2125
37 0.88515625 0.0984375 0.10078125 0.11953125
95 0.97109375 0.16484375 0.05703125 0.2515625
50 0.1265625 0.7984375 0.08984375 0.2296875
90 0.22734375 0.8171875 0.090625 0.15546875
50 0.32421875 0.784375 0.06171875 0.2109375
50 0.41328125 0.76796875 0.07109375 0.24375
117 0.5125 0.8109375 0.08125 0.2515625
90 0.61640625 0.7765625 0.07421875 0.134375
116 0.7125 0.77734375 0.1 0.140625