12 0.1609375 0.16328125 0.04765625 0.0640625
12 0.3203125 0.18125 0.05 0.04765625
12 0.73828125 0.2109375 0.040625 0.04296875
12 0.51875 0.27421875 0.04140625 0.04296875
12 0.68515625 0.278125 0.03828125 0.05078125
12 0.7203125 0.3515625 0.03671875 0.04375
12 0.84609375 0.428125 0.04296875 0.04453125
12 0.8390625 0.571875 0.03984375 0.0421875
12 0.5875 0.65 0.04921875 0.04765625
12 0.7234375 0.646875 0.0453125 0.04140625
12 0.1671875 0.73203125 0.046875 0.05234375
24 0.19921875 0.18515625 0.04140625 0.07890625
24 0.725 0.29765625 0.03515625 0.06640625
24 0.4328125 0.35625 0.040625 0.0640625
24 0.8796875 0.43828125 0.0328125 0.0578125
24 0.87265625 0.5875 0.034375 0.08125
24 0.31796875 0.73828125 0.03671875 0.07265625
13 0.2484375 0.18125 0.0375 0.0515625
13 0.515625 0.19765625 0.0328125 0.05625
13 0.871875 0.2140625 0.02734375 0.04609375
13 0.809375 0.28046875 0.0296875 0.05546875
13 0.9625 0.2921875 0.03046875 0.04765625
13 0.29140625 0.33046875 0.0375 0.0484375
13 0.3640625 0.3390625 0.0328125 0.053125
13 0.59140625 0.3484375 0.028125 0.040625
13 0.671875 0.35 0.03125 0.04765625
13 0.88359375 0.35078125 0.025 0.0453125
13 0.2421875 0.40546875 0.0375 0.05078125
13 0.49921875 0.41875 0.0359375 0.04609375
13 0.59375 0.42578125 0.03125 0.04453125
13 0.771875 0.42890625 0.02734375 0.03515625
13 0.1953125 0.48359375 0.03046875 0.04453125
13 0.60546875 0.48984375 0.02578125 0.03359375
13 0.6625 0.4921875 0.02890625 0.0421875
13 0.30078125 0.56171875 0.0375 0.04296875
13 0.30546875 0.64453125 0.03984375 0.04296875
13 0.39765625 0.7234375 0.02734375 0.04375
0 0.28515625 0.1859375 0.0328125 0.0453125
0 0.70703125 0.21015625 0.02578125 0.04140625
0 0.80703125 0.215625 0.025 0.03671875
0 0.790625 0.28359375 0.02421875 0.04296875
0 0.9078125 0.3546875 0.01953125 0.053125
0 0.26171875 0.32890625 0.02578125 0.04140625
0 0.1375 0.4046875 0.03359375 0.0421875
0 0.19609375 0.40625 0.02421875 0.03671875
0 0.3 0.40625 0.028125 0.05625
0 0.46953125 0.4171875 0.03125 0.03984375
0 0.1671875 0.48203125 0.02578125 0.04140625
0 0.13359375 0.565625 0.04375 0.0453125
0 0.2765625 0.64921875 0.0265625 0.04609375
0 0.3390625 0.5625 0.03359375 0.04453125
0 0.36953125 0.72109375 0.0328125 0.0515625
0 0.78046875 0.71640625 0.040625 0.04921875
4 0.35546875 0.184375 0.0265625 0.0453125
4 0.38984375 0.26171875 0.03359375 0.04609375
4 0.4578125 0.178125 0.03125 0.08203125
4 0.63515625 0.27890625 0.028125 0.04921875
4 0.3359375 0.33203125 0.0296875 0.04765625
4 0.5359375 0.49296875 0.03046875 0.04765625
4 0.809375 0.50078125 0.02109375 0.04375
4 0.5171875 0.56484375 0.03046875 0.05234375
4 0.8 0.57109375 0.0234375 0.04921875
4 0.79765625 0.64375 0.03203125 0.05078125
4 0.5265625 0.7203125 0.0296875 0.04453125
4 0.64765625 0.7203125 0.02421875 0.04453125
8 0.38828125 0.18046875 0.0265625 0.06171875
8 0.57734375 0.19609375 0.01953125 0.04609375
8 0.49453125 0.19140625 0.01484375 0.059375
8 0.67890625 0.1859375 0.02265625 0.08515625
8 0.84921875 0.20625 0.015625 0.04609375
8 0.20546875 0.30859375 0.021875 0.07265625
8 0.54140625 0.33671875 0.01875 0.0609375
8 0.5734375 0.3421875 0.01640625 0.040625
8 0.65 0.34765625 0.0140625 0.0546875
8 0.36328125 0.40859375 0.015625 0.05703125
8 0.21640625 0.39453125 0.015625 0.065625
8 0.6984375 0.409375 0.0171875 0.06796875
8 0.315625 0.48046875 0.01875 0.059375
8 0.3578125 0.4828125 0.01953125 0.0671875
8 0.68828125 0.48515625 0.02109375 0.06328125
8 0.471875 0.55078125 0.01953125 0.06796875
8 0.76171875 0.5578125 0.0171875 0.06171875
8 0.22578125 0.80625 0.02421875 0.06640625
8 0.48515625 0.26015625 0.025 0.0546875
18 0.415625 0.18828125 0.0359375 0.065625
18 0.59921875 0.20078125 0.01953125 0.046875
18 0.21484375 0.2546875 0.02421875 0.04765625
18 0.3640625 0.25703125 0.02109375 0.03984375
18 0.14296875 0.31796875 0.03125 0.0546875
18 0.93984375 0.346875 0.02421875 0.04453125
18 0.32734375 0.41328125 0.0296875 0.04765625
18 0.4265625 0.41640625 0.02890625 0.0453125
18 0.5578125 0.42421875 0.02578125 0.0484375
18 0.13125 0.72578125 0.02890625 0.06484375
18 0.4921875 0.71640625 0.02578125 0.05234375
18 0.8125 0.71484375 0.03359375 0.065625
18 0.18046875 0.809375 0.02265625 0.04765625
18 0.2046875 0.8046875 0.02421875 0.05625
17 0.47734375 0.196875 0.0234375 0.04765625
17 0.3375 0.25625 0.0296875 0.03828125
17 0.57265625 0.27578125 0.0203125 0.05
17 0.88828125 0.2828125 0.0265625 0.04453125
17 0.521875 0.34921875 0.0234375 0.04921875
17 0.85859375 0.353125 0.02578125 0.046875
17 0.296875 0.4859375 0.0265625 0.04921875
17 0.7484375 0.49765625 0.02265625 0.04453125
17 0.39296875 0.565625 0.0234375 0.0421875
17 0.159375 0.64609375 0.0265625 0.046875
17 0.77421875 0.6453125 0.02578125 0.0453125
17 0.596875 0.7171875 0.01953125 0.03828125
5 0.5578125 0.19296875 0.0328125 0.0875
5 0.73359375 0.4125 0.03125 0.06171875
5 0.140625 0.63515625 0.03046875 0.08125
5 0.459375 0.6390625 0.0296875 0.0734375
7 0.62109375 0.19296875 0.03125 0.059375
7 0.1671875 0.23671875 0.025 0.0671875
8 0.18828125 0.25 0.01953125 0.05390625
7 0.76953125 0.2703125 0.03046875 0.0703125
7 0.13671875 0.47265625 0.03359375 0.06953125
7 0.24453125 0.640625 0.0375 0.0765625
7 0.67734375 0.6390625 0.028125 0.0578125
19 0.7828125 0.20703125 0.02265625 0.059375
19 0.146875 0.23203125 0.0265625 0.0703125
19 0.4328125 0.25703125 0.0296875 0.06484375
19 0.9265625 0.27734375 0.021875 0.06171875
8 0.9046875 0.28125 0.01640625 0.05703125
8 0.94453125 0.28671875 0.0171875 0.05625
19 0.5578125 0.34453125 0.0203125 0.06171875
19 0.384375 0.41328125 0.028125 0.0671875
19 0.33984375 0.47890625 0.02734375 0.06640625
19 0.4484375 0.4875 0.0265625 0.05234375
19 0.36171875 0.56171875 0.01953125 0.053125
19 0.37578125 0.55859375 0.01875 0.06328125
19 0.453125 0.55859375 0.0234375 0.05234375
19 0.390625 0.6359375 0.03203125 0.06015625
19 0.25546875 0.71796875 0.0265625 0.05625
19 0.61796875 0.71171875 0.02265625 0.05546875
2 0.25546875 0.25546875 0.03046875 0.05234375
2 0.23671875 0.3265625 0.025 0.05625
2 0.434375 0.56328125 0.02890625 0.04921875
2 0.65390625 0.646875 0.025 0.0484375
10 0.834375 0.20390625 0.02578125 0.06171875
14 0.590625 0.275 0.0234375 0.04453125
14 0.28203125 0.25859375 0.021875 0.0359375
14 0.45859375 0.26953125 0.02578125 0.04921875
14 0.16953125 0.32421875 0.0265625 0.0546875
14 0.4046875 0.34375 0.0234375 0.03984375
14 0.8125 0.3578125 0.02421875 0.03125
14 0.6203125 0.42109375 0.021875 0.03515625
14 0.475 0.49609375 0.02578125 0.0453125
14 0.73125 0.49140625 0.0203125 0.040625
14 0.6390625 0.57265625 0.02109375 0.03125
14 0.421875 0.64296875 0.025 0.04921875
14 0.4953125 0.64609375 0.02578125 0.03671875
14 0.7515625 0.63828125 0.02734375 0.0484375
14 0.20234375 0.728125 0.0265625 0.04453125
14 0.2265625 0.72265625 0.034375 0.065625
14 0.1546875 0.8125 0.02734375 0.0546875
14 0.578125 0.721875 0.0171875 0.040625
20 0.30859375 0.26015625 0.03671875 0.05859375
20 0.83359375 0.35625 0.03515625 0.040625
20 0.578125 0.49375 0.0265625 0.05234375
20 0.63046875 0.4859375 0.028125 0.05234375
20 0.66328125 0.56953125 0.03828125 0.053125
20 0.25859375 0.56875 0.04140625 0.0484375
20 0.625 0.64375 0.03671875 0.05078125
21 0.61171875 0.27890625 0.0265625 0.04921875
21 0.490625 0.56484375 0.02578125 0.059375
0 0.46953125 0.72265625 0.03359375 0.0546875
8 0.571875 0.55234375 0.021875 0.075
3 0.8296875 0.27578125 0.03515625 0.05859375
3 0.2265625 0.4734375 0.0328125 0.06796875
3 0.19921875 0.5546875 0.04140625 0.0640625
3 0.79921875 0.425 0.03359375 0.05859375
3 0.83671875 0.4921875 0.03359375 0.0546875
3 0.7078125 0.56171875 0.03203125 0.05859375
3 0.33828125 0.63203125 0.03203125 0.0640625
3 0.42265625 0.70390625 0.03515625 0.08046875
22 0.4859375 0.3453125 0.04609375 0.05
22 0.86015625 0.2828125 0.0375 0.04140625
22 0.65 0.421875 0.040625 0.04375
22 0.26015625 0.48515625 0.05078125 0.05078125
22 0.60546875 0.56796875 0.040625 0.04296875
22 0.525 0.64296875 0.04296875 0.04921875
18 0.665625 0.7140625 0.0234375 0.053125
18 0.68828125 0.71640625 0.0234375 0.0578125
11 0.703125 0.71796875 0.01875 0.0765625
11 0.746875 0.55234375 0.0203125 0.059375
11 0.9203125 0.3359375 0.0171875 0.06640625
11 0.29609375 0.71640625 0.01796875 0.06875
7 0.275 0.71171875 0.0234375 0.07109375
6 0.89921875 0.22890625 0.02890625 0.07578125
6 0.9859375 0.303125 0.028125 0.0734375
6 0.41328125 0.50859375 0.02890625 0.0703125
12 0.77734375 0.4984375 0.03828125 0.04609375
6 0.61953125 0.365625 0.0421875 0.08671875
3 0.53203125 0.41875 0.040625 0.07421875
24 0.4359375 0.353125 0.04140625 0.06640625
13 0.16484375 0.56875 0.03359375 0.0609375
13 0.38359375 0.496875 0.03359375 0.04296875
10 0.7765625 0.56171875 0.0265625 0.06171875
1 0.253125 0.8 0.03828125 0.0625
11 0.2796875 0.8015625 0.01640625 0.065625
4 0.30390625 0.8109375 0.0359375 0.06015625
15 0.12578125 0.825 0.046875 0.09921875
6 0.16875 0.41171875 0.0328125 0.07265625
4 0.18046875 0.64375 0.02421875 0.05078125
4 0.20703125 0.6453125 0.03828125 0.07734375
5 0.7125 0.48984375 0.02421875 0.065625
5 0.5671875 0.71015625 0.01796875 0.0578125
5 0.55234375 0.71171875 0.01953125 0.0640625
1 0.51015625 0.4859375 0.025 0.0578125
24 0.75078125 0.3625 0.03671875 0.07578125
24 0.72265625 0.73203125 0.03359375 0.08828125
0 0.41484375 0.56640625 0.02421875 0.05078125
9 0.38828125 0.359375 0.01640625 0.06640625
9 0.78984375 0.36953125 0.02578125 0.075
15 0.54921875 0.28203125 0.02734375 0.05859375
19 0.4453125 0.41015625 0.02265625 0.0609375