19 0.5734375 0.08125 0.0375 0.04375
19 0.428125 0.4203125 0.0390625 0.028125
19 0.4265625 0.60546875 0.040625 0.0390625
19 0.3828125 0.6578125 0.034375 0.025
7 0.5765625 0.125 0.040625 0.04375
7 0.61171875 0.50078125 0.028125 0.04375
7 0.35625 0.14375 0.0390625 0.046875
7 0.33359375 0.271875 0.034375 0.046875
7 0.4359375 0.64375 0.0375 0.046875
7 0.3140625 0.42734375 0.0328125 0.046875
19 0.60625 0.46953125 0.0375 0.034375
4 0.58515625 0.15859375 0.03125 0.0375
4 0.58515625 0.3953125 0.03125 0.03125
4 0.3984375 0.30625 0.0296875 0.03125
16 0.5875 0.21484375 0.0515625 0.0390625
20 0.60390625 0.24609375 0.040625 0.034375
20 0.52421875 0.13515625 0.03125 0.04375
8 0.6140625 0.26953125 0.028125 0.03125
8 0.42421875 0.39609375 0.03125 0.028125
8 0.4421875 0.6703125 0.0390625 0.025
8 0.3828125 0.68046875 0.0296875 0.028125
8 0.37421875 0.62890625 0.0375 0.034375
2 0.61640625 0.29296875 0.03125 0.040625
10 0.628125 0.32421875 0.0359375 0.040625
10 0.4609375 0.74140625 0.0328125 0.05
1 0.63984375 0.37890625 0.03125 0.0484375
17 0.64453125 0.41328125 0.0296875 0.028125
17 0.59296875 0.425 0.0296875 0.0328125
17 0.39453125 0.27265625 0.040625 0.040625
17 0.365625 0.60859375 0.0328125 0.0296875
14 0.6484375 0.4375 0.03125 0.03125
14 0.68359375 0.590625 0.028125 0.03125
14 0.57421875 0.33671875 0.03125 0.0390625
14 0.4765625 0.17578125 0.0328125 0.0421875
14 0.3796875 0.453125 0.0296875 0.03125
14 0.24609375 0.19296875 0.03125 0.0390625
22 0.65703125 0.46875 0.03125 0.040625
22 0.3578125 0.58046875 0.034375 0.0421875
13 0.66328125 0.509375 0.03125 0.0375
13 0.4453125 0.7 0.034375 0.040625
13 0.33515625 0.5046875 0.034375 0.04375
13 0.38828125 0.7078125 0.034375 0.0375
5 0.678125 0.55703125 0.0375 0.040625
9 0.50625 0.10546875 0.0546875 0.0375
12 0.53046875 0.190625 0.040625 0.071875
12 0.27734375 0.31875 0.0375 0.075
15 0.54375 0.2359375 0.05 0.04375
18 0.55703125 0.2765625 0.0328125 0.0453125
21 0.58125 0.36640625 0.034375 0.03125
4 0.6203125 0.53515625 0.028125 0.0390625
11 0.63203125 0.58671875 0.046875 0.028125
0 0.63671875 0.61875 0.03125 0.0375
0 0.33984375 0.31640625 0.03125 0.0453125
0 0.4046875 0.55625 0.03125 0.04375
0 0.3234375 0.47109375 0.040625 0.040625
4 0.36171875 0.18203125 0.03125 0.0375
24 0.3640625 0.215625 0.04375 0.053125
24 0.2890625 0.36796875 0.053125 0.0453125
24 0.3921875 0.515625 0.0484375 0.05
24 0.6453125 0.68828125 0.0453125 0.04375
23 0.69296875 0.621875 0.0375 0.040625
25 0.64453125 0.65078125 0.03125 0.034375
3 0.4703125 0.1328125 0.04375 0.05625
3 0.35234375 0.54453125 0.04375 0.046875
3 0.37578125 0.4171875 0.040625 0.040625
6 0.47734375 0.2234375 0.05625 0.053125
3 0.41015625 0.3375 0.04375 0.034375
3 0.421875 0.3703125 0.0453125 0.034375
22 0.321875 0.228125 0.0375 0.0625
5 0.26328125 0.24140625 0.0390625 0.0515625
6 0.3828125 0.7546875 0.0515625 0.046875