30 0.08125 0.4265625 0.04296875 0.03671875
108 0.4203125 0.571875 0.02734375 0.0390625
108 0.60546875 0.5734375 0.0390625 0.03984375
108 0.6578125 0.6171875 0.025 0.03515625
76 0.125 0.4234375 0.04375 0.03984375
76 0.50078125 0.38828125 0.04296875 0.02890625
18 0.14375 0.64375 0.04609375 0.0390625
76 0.271875 0.66640625 0.046875 0.034375
76 0.64375 0.5640625 0.046875 0.03828125
76 0.42734375 0.6859375 0.04609375 0.0328125
108 0.46953125 0.39375 0.03515625 0.0375
69 0.15859375 0.41484375 0.03828125 0.03046875
69 0.3953125 0.41484375 0.03125 0.03203125
69 0.30625 0.6015625 0.03203125 0.0296875
95 0.21484375 0.4125 0.0390625 0.0515625
112 0.24609375 0.39609375 0.03359375 0.03984375
112 0.13515625 0.47578125 0.04453125 0.03203125
80 0.26953125 0.3859375 0.03046875 0.028125
80 0.39609375 0.57578125 0.02890625 0.03046875
80 0.6703125 0.5578125 0.02421875 0.0390625
80 0.68046875 0.6171875 0.02890625 0.0296875
80 0.62890625 0.62578125 0.03359375 0.03828125
56 0.29296875 0.38359375 0.040625 0.03125
82 0.32421875 0.371875 0.04140625 0.0359375
82 0.74140625 0.5390625 0.05 0.0328125
50 0.37890625 0.36015625 0.0484375 0.03125
99 0.41328125 0.35546875 0.02890625 0.0296875
99 0.425 0.40703125 0.0328125 0.0296875
99 0.27265625 0.60546875 0.04140625 0.03984375
99 0.60859375 0.634375 0.0296875 0.0328125
90 0.4375 0.3515625 0.03203125 0.03046875
90 0.590625 0.31640625 0.03203125 0.028125
90 0.33671875 0.42578125 0.0390625 0.03046875
90 0.17578125 0.5234375 0.0421875 0.0328125
90 0.453125 0.6203125 0.03203125 0.0296875
90 0.19296875 0.75390625 0.0390625 0.03125
115 0.46875 0.34296875 0.03984375 0.03125
115 0.58046875 0.6421875 0.0421875 0.034375
89 0.509375 0.33671875 0.03828125 0.03203125
89 0.7 0.5546875 0.04140625 0.03359375
89 0.5046875 0.66484375 0.04375 0.03359375
89 0.7078125 0.61171875 0.03828125 0.03359375
71 0.55703125 0.321875 0.040625 0.03671875
81 0.10546875 0.49375 0.03828125 0.0546875
84 0.190625 0.46953125 0.071875 0.03984375
84 0.31875 0.72265625 0.075 0.03671875
91 0.2359375 0.45625 0.04453125 0.05078125
101 0.2765625 0.44296875 0.0453125 0.0328125
114 0.36640625 0.41875 0.03046875 0.03359375
69 0.53515625 0.3796875 0.0390625 0.02890625
83 0.58671875 0.36796875 0.02890625 0.04609375
37 0.61875 0.36328125 0.03671875 0.03203125
37 0.31640625 0.66015625 0.0453125 0.03203125
37 0.55625 0.5953125 0.04453125 0.03125
37 0.47109375 0.6765625 0.04140625 0.03984375
69 0.18203125 0.63828125 0.03671875 0.03203125
117 0.215625 0.6359375 0.05234375 0.04375
117 0.36796875 0.7109375 0.0453125 0.05390625
117 0.515625 0.6078125 0.05078125 0.0484375
117 0.68828125 0.3546875 0.04375 0.0453125
116 0.621875 0.30703125 0.04140625 0.03671875
118 0.65078125 0.35546875 0.03515625 0.03203125
64 0.1328125 0.5296875 0.05546875 0.04296875
64 0.54453125 0.64765625 0.046875 0.04453125
108 0.35 0.6484375 0.04140625 0.03515625
64 0.4171875 0.62421875 0.03984375 0.04140625
72 0.2234375 0.52265625 0.05390625 0.05703125
64 0.3375 0.58984375 0.03359375 0.04375
64 0.3703125 0.578125 0.03515625 0.0453125
33 0.228125 0.678125 0.06328125 0.03671875
71 0.24140625 0.73671875 0.0515625 0.0390625
72 0.7546875 0.6171875 0.04765625 0.0515625