12 0.2546875 0.1859375 0.0953125 0.0875
13 0.5109375 0.15546875 0.0796875 0.07734375
14 0.7453125 0.1265625 0.0890625 0.0765625
16 0.26875 0.30859375 0.08515625 0.08359375
17 0.521875 0.2875 0.0859375 0.07265625
18 0.7671875 0.25546875 0.0828125 0.08203125
19 0.0421875 0.4765625 0.0828125 0.0890625
20 0.296875 0.44609375 0.07421875 0.08359375
21 0.5296875 0.4125 0.08828125 0.08515625
22 0.7875 0.38984375 0.0890625 0.08359375
23 0.05703125 0.60546875 0.1 0.08203125
24 0.30703125 0.578125 0.08671875 0.07890625
25 0.553125 0.54375 0.0859375 0.07578125
26 0.78984375 0.5125 0.08359375 0.0796875
27 0.0640625 0.7328125 0.0890625 0.0765625
28 0.3234375 0.69921875 0.0828125 0.078125
29 0.56484375 0.67421875 0.08359375 0.078125
30 0.8046875 0.6390625 0.0828125 0.08203125
31 0.0875 0.8546875 0.09765625 0.0796875
32 0.32890625 0.8265625 0.09296875 0.08203125
33 0.57890625 0.79375 0.11796875 0.0796875
34 0.81875 0.77265625 0.109375 0.08125
36 0.3546875 0.95390625 0.10078125 0.0734375
37 0.12734375 0.2140625 0.08125 0.06640625
69 0.14453125 0.34375 0.0625 0.05078125
80 0.16328125 0.46640625 0.0453125 0.0640625
84 0.17890625 0.59921875 0.090625 0.05078125
95 0.19296875 0.74375 0.09375 0.0953125
112 0.2109375 0.86171875 0.06953125 0.05234375
50 0.3828125 0.17578125 0.06953125 0.0796875
71 0.39921875 0.296875 0.05703125 0.08515625
81 0.409375 0.45 0.07109375 0.10234375
89 0.42890625 0.5734375 0.06796875 0.05234375
99 0.4453125 0.70546875 0.0640625 0.05234375
114 0.45703125 0.83125 0.059375 0.05703125
118 0.475 0.95234375 0.05546875 0.05546875
56 0.62734375 0.15546875 0.05859375 0.0640625
72 0.64765625 0.296875 0.08203125 0.090625
82 0.65625 0.40234375 0.065625 0.0796875
90 0.67265625 0.54453125 0.0640625 0.06640625
101 0.68359375 0.67421875 0.05234375 0.05859375
115 0.70234375 0.79921875 0.0953125 0.05
64 0.86875 0.1140625 0.08125 0.08671875
76 0.88515625 0.2421875 0.0796875 0.078125
83 0.909375 0.36796875 0.03984375 0.09375
91 0.9125 0.52734375 0.075 0.090625
108 0.9265625 0.63359375 0.05234375 0.065625