37 0.14453125 0.0734375 0.0484375 0.04609375
37 0.36015625 0.07734375 0.04296875 0.04921875
37 0.55546875 0.08125 0.0421875 0.0421875
37 0.75 0.0859375 0.053125 0.04609375
37 0.1484375 0.17109375 0.0359375 0.03671875
37 0.353125 0.16953125 0.034375 0.0421875
101 0.55390625 0.178125 0.04140625 0.04609375
37 0.75703125 0.1828125 0.04453125 0.04375
37 0.14375 0.2703125 0.03671875 0.0421875
37 0.35 0.275 0.03515625 0.03828125
37 0.553125 0.27734375 0.04765625 0.0421875
37 0.75703125 0.27890625 0.04453125 0.03671875
37 0.1421875 0.371875 0.04609375 0.04375
37 0.346875 0.3765625 0.05 0.0453125
37 0.559375 0.3796875 0.0359375 0.04609375
37 0.76640625 0.38125 0.0421875 0.03984375
84 0.1546875 0.48359375 0.06171875 0.0515625
84 0.26484375 0.48046875 0.08125 0.0515625
117 0.3640625 0.49375 0.0453125 0.065625
37 0.41953125 0.48359375 0.03515625 0.03515625
84 0.575 0.4828125 0.06640625 0.04921875
84 0.69140625 0.49140625 0.0625 0.06953125
37 0.8296875 0.4875 0.04453125 0.04140625
84 0.14765625 0.5859375 0.06953125 0.04375
84 0.26875 0.59765625 0.071875 0.06953125
37 0.41953125 0.590625 0.0390625 0.03125
84 0.58046875 0.58984375 0.06640625 0.05078125
84 0.6921875 0.5953125 0.07578125 0.065625
117 0.784375 0.6 0.04453125 0.08046875
37 0.840625 0.58671875 0.04453125 0.03515625
84 0.1484375 0.696875 0.06015625 0.05078125
84 0.25859375 0.70234375 0.07734375 0.071875
37 0.41484375 0.69609375 0.05234375 0.03828125
84 0.57890625 0.69453125 0.0671875 0.05859375
84 0.69765625 0.70546875 0.07109375 0.06640625
37 0.84375 0.69453125 0.03984375 0.03359375
84 0.13359375 0.81328125 0.078125 0.05078125
84 0.2625 0.8234375 0.0625 0.065625
37 0.41171875 0.80859375 0.06015625 0.03203125
84 0.58359375 0.80859375 0.07890625 0.05078125
84 0.70859375 0.81796875 0.07890625 0.0734375
117 0.8015625 0.81953125 0.0453125 0.0671875
37 0.85234375 0.80546875 0.04296875 0.03046875
84 0.13828125 0.9296875 0.065625 0.040625
84 0.2625 0.93359375 0.08046875 0.06640625
37 0.41171875 0.92421875 0.05390625 0.03984375
84 0.58203125 0.92578125 0.06640625 0.05859375
84 0.71328125 0.93203125 0.06640625 0.0734375
37 0.86875 0.9171875 0.04921875 0.034375
90 0.1859375 0.07421875 0.0390625 0.03515625
90 0.1890625 0.17421875 0.04609375 0.034375
90 0.17890625 0.27421875 0.03984375 0.034375
90 0.1796875 0.375 0.0421875 0.0359375
90 0.39296875 0.37734375 0.05078125 0.0375
90 0.38515625 0.28046875 0.04453125 0.04609375
90 0.3890625 0.17890625 0.0390625 0.03359375
90 0.3921875 0.0765625 0.0375 0.03125
90 0.5953125 0.08203125 0.0453125 0.034375
90 0.58984375 0.178125 0.040625 0.0296875
90 0.5953125 0.2765625 0.0375 0.0359375
90 0.59140625 0.38046875 0.0375 0.0328125
90 0.7921875 0.08515625 0.03828125 0.03515625
90 0.7890625 0.18046875 0.0375 0.0359375
90 0.79140625 0.28046875 0.0359375 0.03203125
90 0.8015625 0.38125 0.04375 0.034375
69 0.20390625 0.47578125 0.04140625 0.03671875
69 0.2015625 0.5875 0.0421875 0.040625
69 0.1875 0.69609375 0.04140625 0.03125
69 0.18671875 0.8125 0.03671875 0.03671875
69 0.18359375 0.93046875 0.03359375 0.03515625
69 0.62109375 0.48671875 0.03671875 0.040625
69 0.62265625 0.58125 0.03984375 0.03828125
69 0.6234375 0.68984375 0.03359375 0.04453125
69 0.63515625 0.80390625 0.03828125 0.04375
69 0.62578125 0.9171875 0.03125 0.04375
37 0.325 0.48125 0.05 0.03984375
37 0.32578125 0.58984375 0.0390625 0.0421875
37 0.31171875 0.69921875 0.03828125 0.040625
37 0.30859375 0.80703125 0.03984375 0.0359375
37 0.3109375 0.9234375 0.04453125 0.040625
37 0.7359375 0.48046875 0.03984375 0.04375
37 0.74921875 0.5859375 0.03984375 0.03984375
37 0.746875 0.69375 0.03984375 0.0421875
37 0.7625 0.80546875 0.03828125 0.040625
37 0.76953125 0.921875 0.04765625 0.03828125
117 0.815625 0.93046875 0.05859375 0.07265625
117 0.3609375 0.603125 0.0484375 0.07421875
117 0.3515625 0.71171875 0.04765625 0.07890625
117 0.35 0.82265625 0.0421875 0.07890625
117 0.35625 0.93828125 0.04609375 0.07890625
117 0.7703125 0.49296875 0.04609375 0.06484375
117 0.784375 0.70703125 0.0484375 0.07734375
90 0.4484375 0.48203125 0.040625 0.03359375
90 0.45859375 0.5859375 0.03671875 0.034375
90 0.45625 0.696875 0.03515625 0.0375
90 0.4546875 0.80625 0.0328125 0.03671875
90 0.4578125 0.925 0.0390625 0.04453125
90 0.9109375 0.9171875 0.04609375 0.04375
90 0.89140625 0.80859375 0.0390625 0.04140625
90 0.8796875 0.696875 0.0390625 0.0390625
90 0.88125 0.58828125 0.0453125 0.03359375
90 0.87734375 0.48671875 0.04453125 0.04296875