11 0.09453125 0.08828125 0.0375 0.05390625
37 0.1234375 0.096875 0.03203125 0.03671875
11 0.09921875 0.2671875 0.040625 0.05234375
37 0.09453125 0.38984375 0.03203125 0.04140625
37 0.11484375 0.5609375 0.02578125 0.0296875
12 0.178125 0.0890625 0.03828125 0.04296875
50 0.21015625 0.0921875 0.02890625 0.03828125
12 0.14453125 0.2640625 0.04375 0.0484375
50 0.13828125 0.39296875 0.04296875 0.04140625
50 0.3109375 0.51953125 0.0390625 0.0390625
13 0.25390625 0.09296875 0.02734375 0.04375
56 0.28515625 0.0953125 0.02578125 0.0421875
13 0.18828125 0.2609375 0.0359375 0.04296875
56 0.18671875 0.39375 0.0265625 0.03515625
56 0.25390625 0.521875 0.01875 0.0375
64 0.334375 0.090625 0.040625 0.0515625
64 0.371875 0.09296875 0.0375 0.04609375
14 0.2296875 0.2640625 0.03125 0.04140625
64 0.22265625 0.38984375 0.03671875 0.0421875
64 0.19765625 0.55703125 0.03359375 0.040625
15 0.415625 0.09296875 0.03046875 0.05546875
69 0.4375 0.0984375 0.034375 0.03828125
15 0.27109375 0.26171875 0.0328125 0.04140625
69 0.26328125 0.4015625 0.028125 0.0375
69 0.16015625 0.51796875 0.03125 0.0390625
69 0.62890625 0.5265625 0.0234375 0.0359375
69 0.73046875 0.525 0.02109375 0.0375
69 0.828125 0.52734375 0.025 0.0390625
16 0.48515625 0.09296875 0.0328125 0.03984375
71 0.51484375 0.09296875 0.0234375 0.0453125
16 0.3109375 0.2625 0.0390625 0.046875
71 0.29453125 0.3953125 0.03046875 0.04609375
71 0.44296875 0.52578125 0.0265625 0.03984375
17 0.55859375 0.096875 0.03671875 0.04296875
72 0.58828125 0.10859375 0.03359375 0.05390625
17 0.3578125 0.26796875 0.034375 0.04765625
72 0.3296875 0.40859375 0.03046875 0.05078125
72 0.24375 0.5734375 0.02734375 0.05625
18 0.628125 0.09765625 0.034375 0.04921875
76 0.65546875 0.0984375 0.02890625 0.03984375
18 0.4015625 0.26796875 0.03203125 0.04296875
76 0.3671875 0.39921875 0.03828125 0.04296875
76 0.80546875 0.5265625 0.02890625 0.04140625
76 0.13046875 0.51328125 0.028125 0.03125
19 0.68671875 0.0921875 0.0234375 0.046875
80 0.70390625 0.096875 0.0234375 0.053125
19 0.4390625 0.26796875 0.028125 0.05703125
80 0.39765625 0.39140625 0.02109375 0.053125
80 0.24140625 0.52109375 0.0203125 0.03828125
20 0.73671875 0.09375 0.025 0.04140625
81 0.76171875 0.1125 0.028125 0.059375
20 0.47421875 0.2640625 0.03515625 0.0578125
81 0.42109375 0.403125 0.0328125 0.07890625
81 0.52265625 0.52890625 0.03359375 0.05859375
82 0.79921875 0.1 0.02734375 0.04296875
82 0.8390625 0.0984375 0.03828125 0.03984375
21 0.51484375 0.2640625 0.03515625 0.04375
82 0.46015625 0.3953125 0.03828125 0.05546875
82 0.2765625 0.5203125 0.0328125 0.04375
22 0.8796875 0.09765625 0.02265625 0.05
83 0.9 0.10234375 0.02109375 0.059375
22 0.57109375 0.2734375 0.03671875 0.04765625
83 0.490625 0.39765625 0.02421875 0.04609375
83 0.1 0.55390625 0.0140625 0.04296875
23 0.09453125 0.13671875 0.0375 0.03359375
84 0.13203125 0.140625 0.04140625 0.03046875
23 0.62265625 0.2703125 0.04609375 0.0421875
84 0.525 0.3984375 0.04609375 0.04765625
84 0.57734375 0.52734375 0.04765625 0.03203125
24 0.18203125 0.13125 0.0375 0.0375
89 0.215625 0.140625 0.0359375 0.03828125
24 0.66484375 0.26796875 0.0359375 0.04921875
89 0.565625 0.40078125 0.03984375 0.04375
89 0.409375 0.521875 0.03046875 0.0359375
25 0.25703125 0.134375 0.02578125 0.03671875
90 0.28046875 0.14296875 0.03203125 0.0375
25 0.70078125 0.2734375 0.02890625 0.04765625
90 0.6078125 0.40390625 0.0265625 0.02890625
90 0.68828125 0.5265625 0.028125 0.0265625
90 0.3546875 0.5234375 0.028125 0.0296875
90 0.221875 0.5625 0.02578125 0.03359375
26 0.32734375 0.140625 0.03203125 0.05
91 0.35625 0.14765625 0.03671875 0.046875
26 0.73984375 0.26796875 0.03671875 0.04765625
91 0.64609375 0.4078125 0.03828125 0.04375
91 0.609375 0.53125 0.02109375 0.03984375
27 0.40703125 0.1421875 0.0390625 0.034375
95 0.4375 0.1484375 0.03046875 0.04921875
27 0.7828125 0.27109375 0.04140625 0.04609375
95 0.6859375 0.4078125 0.028125 0.040625
95 0.203125 0.525 0.0296875 0.04140625
28 0.48515625 0.140625 0.03671875 0.03828125
99 0.5140625 0.13984375 0.0328125 0.05078125
28 0.8328125 0.27421875 0.04453125 0.05
99 0.71953125 0.409375 0.03125 0.04609375
99 0.75078125 0.525 0.0296875 0.03515625
99 0.33828125 0.52109375 0.02421875 0.0421875
29 0.553125 0.140625 0.0296875 0.0375
101 0.57421875 0.1421875 0.03125 0.03515625
29 0.87109375 0.27421875 0.04375 0.06171875
101 0.7578125 0.403125 0.03203125 0.04453125
101 0.26484375 0.56171875 0.02890625 0.0375
30 0.621875 0.1375 0.028125 0.0375
108 0.646875 0.14140625 0.01875 0.040625
30 0.1 0.3046875 0.0421875 0.03828125
108 0.79296875 0.40546875 0.0328125 0.04140625
108 0.784375 0.52890625 0.021875 0.046875
30 0.10234375 0.5125 0.03046875 0.046875
31 0.6859375 0.1390625 0.03125 0.0359375
112 0.70546875 0.1453125 0.02421875 0.0359375
31 0.1421875 0.30390625 0.0328125 0.0375
112 0.83125 0.40078125 0.0359375 0.04140625
112 0.54375 0.5265625 0.02890625 0.03125
32 0.73828125 0.13984375 0.03125 0.03203125
114 0.75859375 0.14375 0.028125 0.03984375
32 0.18203125 0.30703125 0.0359375 0.0328125
114 0.86640625 0.40703125 0.03203125 0.04140625
114 0.71015625 0.525 0.02421875 0.04140625
33 0.8046875 0.13828125 0.0390625 0.0484375
115 0.83984375 0.14296875 0.03671875 0.0375
33 0.2359375 0.309375 0.040625 0.03515625
115 0.10390625 0.4328125 0.04375 0.0390625
115 0.37890625 0.525 0.0359375 0.03671875
34 0.87890625 0.1390625 0.03359375 0.04453125
116 0.91171875 0.15078125 0.03125 0.03046875
34 0.28046875 0.30703125 0.03984375 0.04140625
116 0.15078125 0.43359375 0.04296875 0.04921875
116 0.49296875 0.52734375 0.03125 0.04375
90 0.4625 0.5234375 0.02890625 0.03515625
35 0.09375 0.178125 0.03203125 0.05625
117 0.12109375 0.19375 0.0375 0.05703125
35 0.3328125 0.3125 0.03046875 0.04609375
117 0.1953125 0.44609375 0.03828125 0.04921875
117 0.1609375 0.5609375 0.03125 0.0625
36 0.1765625 0.17734375 0.03828125 0.04921875
118 0.2140625 0.1859375 0.03515625 0.0328125
36 0.3671875 0.31015625 0.0421875 0.04765625
118 0.22890625 0.4375 0.02890625 0.04609375
118 0.1359375 0.5546875 0.02890625 0.0375
64 0.6515625 0.51953125 0.03203125 0.0390625
112 0.2234375 0.51875 0.0234375 0.02734375