11 0.0828125 0.0765625 0.0671875 0.11796875
16 0.0703125 0.24140625 0.0328125 0.1140625
22 0.07109375 0.403125 0.0421875 0.11796875
27 0.08515625 0.58203125 0.06015625 0.12734375
32 0.0890625 0.74765625 0.06640625 0.12578125
37 0.14140625 0.07890625 0.0484375 0.09140625
71 0.11171875 0.234375 0.040625 0.12421875
83 0.10625 0.41171875 0.01796875 0.10625
95 0.1453125 0.603125 0.053125 0.12421875
114 0.1453125 0.75390625 0.05 0.09375
12 0.26328125 0.0625 0.0390625 0.11640625
17 0.23359375 0.2359375 0.0609375 0.11640625
23 0.23203125 0.4078125 0.0765625 0.12421875
28 0.24765625 0.57578125 0.05234375 0.115625
33 0.27890625 0.74921875 0.08125 0.11875
50 0.31484375 0.06796875 0.0453125 0.1125
72 0.2921875 0.25625 0.0546875 0.1265625
84 0.31015625 0.41640625 0.071875 0.10546875
99 0.2953125 0.58671875 0.04140625 0.09921875
115 0.35546875 0.7640625 0.06875 0.09375
13 0.44609375 0.0625 0.0578125 0.11484375
56 0.5 0.07421875 0.04921875 0.0890625
18 0.42734375 0.2328125 0.05859375 0.134375
76 0.4875 0.2375 0.053125 0.125
24 0.45546875 0.40078125 0.06171875 0.1203125
29 0.4078125 0.57265625 0.0484375 0.1421875
101 0.453125 0.58359375 0.03515625 0.0921875
89 0.51328125 0.4109375 0.05 0.1046875
30 0.565625 0.57109375 0.0546875 0.1125
14 0.62265625 0.0625 0.0578125 0.121875
64 0.68125 0.0609375 0.0421875 0.12109375
19 0.60546875 0.2328125 0.03125 0.134375
80 0.63125 0.228125 0.0234375 0.10546875
108 0.60703125 0.57265625 0.03671875 0.1140625
25 0.64765625 0.4015625 0.0671875 0.1203125
90 0.70859375 0.41171875 0.05078125 0.08515625
31 0.73125 0.565625 0.053125 0.11484375
112 0.790625 0.58046875 0.0421875 0.07421875
20 0.70078125 0.23515625 0.0328125 0.140625
81 0.734375 0.24296875 0.0296875 0.14609375
15 0.80546875 0.0625 0.0375 0.11640625
69 0.85078125 0.06875 0.040625 0.08515625
21 0.85390625 0.22734375 0.05078125 0.12578125
82 0.9078125 0.22734375 0.040625 0.1125
26 0.8328125 0.3921875 0.03828125 0.115625
91 0.88515625 0.41640625 0.046875 0.12109375