6 0.21428571428571427 0.07142857142857142 0.14285714285714285 0.14285714285714285
8 0.35714285714285715 0.07142857142857142 0.14285714285714285 0.14285714285714285
1 0.5 0.07142857142857142 0.14285714285714285 0.14285714285714285
6 0.7857142857142857 0.07142857142857142 0.14285714285714285 0.14285714285714285
8 0.07142857142857142 0.21428571428571427 0.14285714285714285 0.14285714285714285
6 0.21428571428571427 0.21428571428571427 0.14285714285714285 0.14285714285714285
6 0.5 0.21428571428571427 0.14285714285714285 0.14285714285714285
7 0.6428571428571429 0.21428571428571427 0.14285714285714285 0.14285714285714285
6 0.7857142857142857 0.21428571428571427 0.14285714285714285 0.14285714285714285
3 0.9285714285714286 0.21428571428571427 0.14285714285714285 0.14285714285714285
3 0.07142857142857142 0.35714285714285715 0.14285714285714285 0.14285714285714285
2 0.21428571428571427 0.35714285714285715 0.14285714285714285 0.14285714285714285
8 0.5 0.35714285714285715 0.14285714285714285 0.14285714285714285
8 0.6428571428571429 0.35714285714285715 0.14285714285714285 0.14285714285714285
8 0.7857142857142857 0.35714285714285715 0.14285714285714285 0.14285714285714285
3 0.9285714285714286 0.35714285714285715 0.14285714285714285 0.14285714285714285
5 0.07142857142857142 0.5 0.14285714285714285 0.14285714285714285
6 0.21428571428571427 0.5 0.14285714285714285 0.14285714285714285
8 0.35714285714285715 0.5 0.14285714285714285 0.14285714285714285
8 0.5 0.5 0.14285714285714285 0.14285714285714285
4 0.6428571428571429 0.5 0.14285714285714285 0.14285714285714285
6 0.7857142857142857 0.5 0.14285714285714285 0.14285714285714285
5 0.21428571428571427 0.6428571428571429 0.14285714285714285 0.14285714285714285
5 0.35714285714285715 0.6428571428571429 0.14285714285714285 0.14285714285714285
8 0.5 0.6428571428571429 0.14285714285714285 0.14285714285714285
8 0.6428571428571429 0.6428571428571429 0.14285714285714285 0.14285714285714285
3 0.07142857142857142 0.7857142857142857 0.14285714285714285 0.14285714285714285
4 0.21428571428571427 0.7857142857142857 0.14285714285714285 0.14285714285714285
7 0.35714285714285715 0.7857142857142857 0.14285714285714285 0.14285714285714285
7 0.5 0.7857142857142857 0.14285714285714285 0.14285714285714285
4 0.7857142857142857 0.7857142857142857 0.14285714285714285 0.14285714285714285
8 0.9285714285714286 0.7857142857142857 0.14285714285714285 0.14285714285714285
7 0.07142857142857142 0.9285714285714286 0.14285714285714285 0.14285714285714285
8 0.21428571428571427 0.9285714285714286 0.14285714285714285 0.14285714285714285
8 0.35714285714285715 0.9285714285714286 0.14285714285714285 0.14285714285714285
6 0.6428571428571429 0.9285714285714286 0.14285714285714285 0.14285714285714285
7 0.7857142857142857 0.9285714285714286 0.14285714285714285 0.14285714285714285
8 0.9285714285714286 0.9285714285714286 0.14285714285714285 0.14285714285714285