108 0.12109375 0.45 0.11796875 0.23515625
37 0.2421875 0.484375 0.11796875 0.13125
84 0.41171875 0.484375 0.1796875 0.13828125
91 0.58828125 0.546875 0.13828125 0.2765625
37 0.7234375 0.4671875 0.1109375 0.13125
89 0.86875 0.46328125 0.1453125 0.13828125
64 0.56875 0.10234375 0.1546875 0.2046875
90 0.69609375 0.11171875 0.08828125 0.14609375
72 0.8140625 0.17109375 0.1328125 0.28984375
72 0.93984375 0.175 0.11171875 0.2609375
69 0.23984375 0.13046875 0.10625 0.09765625
83 0.14609375 0.09375 0.08125 0.18359375
72 0.046875 0.16875 0.09375 0.25859375