12 0.80703125 0.08515625 0.0296875 0.0359375
12 0.43125 0.071875 0.03125 0.03125
12 0.24609375 0.07890625 0.0328125 0.03125
12 0.0609375 0.08203125 0.028125 0.034375
13 0.06875 0.20234375 0.03125 0.021875
13 0.2546875 0.20625 0.0359375 0.021875
13 0.4375 0.203125 0.028125 0.01875
13 0.6296875 0.20859375 0.03125 0.021875
13 0.82421875 0.23828125 0.034375 0.021875
14 0.8140625 0.3953125 0.03125 0.021875
14 0.62890625 0.31796875 0.0328125 0.021875
14 0.44296875 0.32265625 0.0359375 0.0203125
14 0.25546875 0.31875 0.034375 0.021875
14 0.075 0.3171875 0.0375 0.021875
15 0.06328125 0.3953125 0.053125 0.01875
15 0.2453125 0.4 0.0515625 0.01875
15 0.43125 0.41015625 0.0578125 0.021875
15 0.61484375 0.39609375 0.05625 0.0171875
15 0.79609375 0.565625 0.053125 0.021875
12 0.81171875 0.675 0.03125 0.04375
12 0.63046875 0.51171875 0.03125 0.0375
12 0.440625 0.52734375 0.028125 0.0390625
12 0.2578125 0.525 0.0375 0.040625
12 0.0875 0.51796875 0.03125 0.0375
13 0.09375 0.6265625 0.0421875 0.0265625
13 0.26484375 0.61953125 0.0421875 0.021875
13 0.4421875 0.62734375 0.0375 0.0234375
13 0.6296875 0.63046875 0.034375 0.025
13 0.8171875 0.77734375 0.03125 0.028125
14 0.8234375 0.85859375 0.03125 0.028125
14 0.63125 0.7265625 0.03125 0.025
14 0.453125 0.7171875 0.028125 0.0234375
14 0.27265625 0.7078125 0.0359375 0.0265625
14 0.09375 0.69609375 0.03125 0.021875
15 0.08671875 0.778125 0.071875 0.01875
15 0.259375 0.79140625 0.05625 0.0203125
15 0.44375 0.815625 0.053125 0.01875
15 0.821875 0.93671875 0.05625 0.0203125