0 0.2390625 0.7515625 0.015625 0.025
0 0.29609375 0.75078125 0.0140625 0.01875
0 0.353125 0.75625 0.015625 0.0171875
1 0.2328125 0.64765625 0.021875 0.01875
1 0.28984375 0.6546875 0.0203125 0.0203125
1 0.346875 0.65390625 0.021875 0.01875
2 0.23828125 0.54921875 0.0171875 0.0234375
2 0.29609375 0.5484375 0.0125 0.021875
2 0.35234375 0.54765625 0.015625 0.021875
3 0.23359375 0.44375 0.0234375 0.0171875
3 0.29140625 0.44609375 0.021875 0.01875
3 0.346875 0.4453125 0.0234375 0.0203125
4 0.2390625 0.36171875 0.0140625 0.021875
4 0.29453125 0.3625 0.0125 0.01875
4 0.35078125 0.353125 0.0140625 0.021875
5 0.2359375 0.2484375 0.01875 0.0203125
5 0.28828125 0.259375 0.01875 0.01875
5 0.34609375 0.25859375 0.015625 0.025
17 0.4 0.27109375 0.0125 0.01875
16 0.40546875 0.36015625 0.01875 0.015625
15 0.40859375 0.44296875 0.021875 0.0125
14 0.40546875 0.54921875 0.0125 0.0171875
13 0.40703125 0.6515625 0.0125 0.01875
12 0.41328125 0.75078125 0.0109375 0.028125
18 0.46875 0.7484375 0.0171875 0.021875
8 0.465625 0.72890625 0.0203125 0.009375
6 0.46875 0.70859375 0.01875 0.015625
0 0.465625 0.6859375 0.0125 0.01875
17 0.46328125 0.665625 0.0125 0.0125
0 0.46328125 0.6421875 0.0125 0.01875
8 0.46328125 0.559375 0.01875 0.009375
13 0.4671875 0.54375 0.0109375 0.009375
18 0.46640625 0.5265625 0.0125 0.015625
19 0.46328125 0.50625 0.0171875 0.0140625
0 0.46484375 0.48671875 0.009375 0.0125
6 0.465625 0.47109375 0.015625 0.015625
17 0.46171875 0.453125 0.0109375 0.0109375
0 0.46171875 0.4375 0.0125 0.0125
12 0.4625 0.41640625 0.0125 0.025
10 0.45703125 0.3390625 0.021875 0.01875
0 0.4625 0.31953125 0.009375 0.0140625
7 0.45546875 0.29609375 0.0203125 0.01875
21 0.45859375 0.27421875 0.0125 0.015625
4 0.459375 0.2578125 0.0125 0.0140625
4 0.5296875 0.75703125 0.015625 0.0234375
11 0.5234375 0.73984375 0.0203125 0.0125
10 0.5234375 0.6578125 0.0203125 0.0203125
14 0.52578125 0.63515625 0.0125 0.01875
11 0.51875 0.615625 0.0203125 0.009375
1 0.5171875 0.49453125 0.0203125 0.021875
0 0.5203125 0.471875 0.0109375 0.015625
2 0.5203125 0.44765625 0.0125 0.0171875
0 0.5203125 0.42578125 0.0109375 0.015625
10 0.515625 0.40546875 0.01875 0.01875
0 0.51640625 0.3125 0.0125 0.01875
18 0.51484375 0.28359375 0.0125 0.01875
11 0.51328125 0.265625 0.0171875 0.0078125
0 0.51640625 0.25078125 0.0125 0.015625
13 0.5171875 0.23203125 0.0109375 0.015625
4 0.5859375 0.7546875 0.0171875 0.025
0 0.5828125 0.6703125 0.0109375 0.01875
19 0.58125 0.62265625 0.021875 0.0203125
5 0.2296875 0.9421875 0.01875 0.0234375
5 0.2859375 0.940625 0.0171875 0.021875
5 0.35078125 0.9515625 0.021875 0.021875
11 0.40546875 0.95 0.021875 0.0109375
11 0.46875 0.9578125 0.0265625 0.0125