4 0.09765625 0.08046875 0.02890625 0.0203125
4 0.20546875 0.0859375 0.02890625 0.01796875
4 0.290625 0.08515625 0.02421875 0.015625
4 0.384375 0.08671875 0.0265625 0.0140625
4 0.4796875 0.08203125 0.03203125 0.01875
4 0.57265625 0.08046875 0.034375 0.01875
4 0.66640625 0.07578125 0.028125 0.0171875
4 0.765625 0.075 0.034375 0.01875
4 0.834375 0.07734375 0.02578125 0.0171875
4 0.88046875 0.08046875 0.02109375 0.01796875
18 0.87265625 0.15546875 0.0265625 0.01796875
18 0.80625 0.1484375 0.0265625 0.0171875
18 0.721875 0.15390625 0.02890625 0.02109375
18 0.63125 0.14921875 0.02421875 0.01875
18 0.53984375 0.15546875 0.02265625 0.0171875
18 0.440625 0.1578125 0.0234375 0.01796875
18 0.3578125 0.1609375 0.0203125 0.0171875
18 0.27265625 0.1609375 0.0234375 0.01953125
18 0.19375 0.1609375 0.0203125 0.01953125
18 0.09765625 0.15703125 0.02265625 0.0171875
2 0.1 0.2375 0.025 0.01796875
2 0.19609375 0.240625 0.02421875 0.01484375
2 0.271875 0.240625 0.0203125 0.01640625
2 0.365625 0.240625 0.02421875 0.0171875
2 0.4515625 0.2390625 0.0234375 0.01953125
2 0.54140625 0.2359375 0.025 0.015625
2 0.6296875 0.2359375 0.02578125 0.015625
2 0.7109375 0.23359375 0.0265625 0.01953125
2 0.7890625 0.2375 0.0265625 0.0171875
2 0.884375 0.23984375 0.02265625 0.0171875
24 0.8484375 0.31953125 0.02578125 0.02265625
24 0.7609375 0.31953125 0.02890625 0.025
24 0.67109375 0.32109375 0.02734375 0.02734375
24 0.57109375 0.3234375 0.0296875 0.03125
24 0.4640625 0.32265625 0.025 0.02421875
24 0.36796875 0.325 0.02734375 0.025
24 0.27421875 0.3265625 0.02578125 0.028125
24 0.19296875 0.3265625 0.02890625 0.02734375
24 0.0984375 0.3203125 0.0203125 0.021875
17 0.08984375 0.39765625 0.015625 0.01875
17 0.18203125 0.3984375 0.021875 0.01484375
17 0.26875 0.3953125 0.0234375 0.01640625
17 0.35078125 0.39609375 0.02421875 0.01875
17 0.45703125 0.3953125 0.02265625 0.02265625
17 0.55390625 0.39140625 0.0203125 0.01796875
17 0.6578125 0.39296875 0.0140625 0.0171875
17 0.746875 0.390625 0.02109375 0.01953125
17 0.8359375 0.390625 0.01875 0.01796875
25 0.83828125 0.47265625 0.0359375 0.01875
25 0.75234375 0.47265625 0.03515625 0.01875
25 0.63828125 0.47421875 0.02890625 0.015625
25 0.51015625 0.47578125 0.028125 0.015625
25 0.3984375 0.4734375 0.02421875 0.01484375
25 0.28671875 0.475 0.02734375 0.01640625
25 0.17578125 0.4765625 0.02890625 0.01875
25 0.10234375 0.475 0.03125 0.01640625
8 0.09609375 0.55234375 0.01015625 0.02109375
8 0.16171875 0.55390625 0.0078125 0.02109375
8 0.26171875 0.55078125 0.0140625 0.01875
8 0.35390625 0.546875 0.009375 0.02265625
8 0.4515625 0.55078125 0.00859375 0.021875
8 0.5546875 0.5515625 0.00859375 0.021875
8 0.65078125 0.54921875 0.01015625 0.02265625
8 0.7140625 0.54921875 0.0171875 0.02109375
8 0.80625 0.54921875 0.0109375 0.021875
8 0.87734375 0.54453125 0.00859375 0.0234375
11 0.85078125 0.62421875 0.01171875 0.025
11 0.78984375 0.62421875 0.0109375 0.0234375
11 0.71875 0.6234375 0.01015625 0.0234375
11 0.62578125 0.6234375 0.01171875 0.021875
11 0.559375 0.6234375 0.00859375 0.02421875
11 0.50078125 0.62109375 0.01015625 0.0265625
11 0.4328125 0.62578125 0.0078125 0.02109375
11 0.346875 0.62265625 0.00703125 0.01875
11 0.25078125 0.62421875 0.009375 0.01796875
11 0.15625 0.62734375 0.0140625 0.025
11 0.0921875 0.6265625 0.00703125 0.025
14 0.09453125 0.71015625 0.02265625 0.015625
14 0.171875 0.70859375 0.01796875 0.015625
14 0.259375 0.70625 0.0203125 0.01171875
14 0.3828125 0.70625 0.0203125 0.0140625
14 0.48203125 0.7046875 0.02734375 0.0140625
14 0.59453125 0.70625 0.02578125 0.0109375
14 0.66640625 0.70390625 0.0234375 0.01328125
14 0.75234375 0.7046875 0.0234375 0.01328125
14 0.81875 0.70390625 0.0265625 0.01328125
14 0.86875 0.70234375 0.0234375 0.0125
4 0.71484375 0.790625 0.03046875 0.015625
11 0.68828125 0.7796875 0.0140625 0.02890625
2 0.66484375 0.7890625 0.02890625 0.01875
24 0.63203125 0.7890625 0.02265625 0.0234375
2 0.596875 0.7859375 0.025 0.01875
1 0.509375 0.77890625 0.03046875 0.0234375
17 0.4828125 0.78515625 0.0171875 0.015625
4 0.45234375 0.7859375 0.0234375 0.01640625
15 0.4234375 0.78984375 0.01875 0.03125
21 0.39375 0.78515625 0.0203125 0.0125
18 0.36015625 0.7859375 0.01953125 0.0203125
19 0.234375 0.784375 0.0265625 0.0234375
17 0.20703125 0.7859375 0.01875 0.01796875
14 0.17734375 0.78984375 0.01953125 0.015625
15 0.1578125 0.7953125 0.01875 0.02890625
23 0.1296875 0.78984375 0.01875 0.01875
4 0.09765625 0.79375 0.02734375 0.0234375
24 0.1046875 0.88125 0.02578125 0.02578125
14 0.1375 0.87421875 0.01875 0.01484375
17 0.159375 0.871875 0.01484375 0.015625
10 0.18671875 0.86953125 0.025 0.02421875
17 0.3203125 0.86328125 0.01953125 0.0171875
0 0.34296875 0.8640625 0.01640625 0.0140625
10 0.37265625 0.8609375 0.0296875 0.02578125
4 0.40703125 0.86640625 0.02421875 0.01875
25 0.5421875 0.86875 0.0234375 0.01953125
4 0.57109375 0.86796875 0.021875 0.01875
15 0.59921875 0.8734375 0.01875 0.0296875
7 0.6296875 0.8640625 0.0203125 0.0296875
24 0.65859375 0.875 0.02421875 0.025
17 0.69140625 0.8703125 0.02265625 0.015625
18 0.825 0.9421875 0.0234375 0.02109375
20 0.80078125 0.94140625 0.021875 0.0125
15 0.7734375 0.9484375 0.0171875 0.025
12 0.7453125 0.94609375 0.028125 0.0140625
24 0.715625 0.9453125 0.021875 0.01640625
11 0.6984375 0.93671875 0.01328125 0.0234375
14 0.67734375 0.94296875 0.021875 0.0140625
4 0.58125 0.9453125 0.0203125 0.0203125
6 0.546875 0.94765625 0.02578125 0.0265625
17 0.5203125 0.94296875 0.02109375 0.01953125
0 0.49375 0.94296875 0.0234375 0.01796875
11 0.471875 0.93515625 0.0078125 0.0296875
13 0.31015625 0.94921875 0.02109375 0.0171875
0 0.27421875 0.946875 0.0234375 0.01796875
12 0.2328125 0.94921875 0.0390625 0.0140625
20 0.19453125 0.95234375 0.025 0.015625
7 0.1578125 0.946875 0.03125 0.02890625
13 0.125 0.95625 0.02421875 0.01796875
8 0.10390625 0.953125 0.01171875 0.02734375