19 0.2296875 0.86328125 0.05 0.015625
19 0.371875 0.8625 0.046875 0.015625
19 0.51640625 0.86171875 0.0625 0.021875
19 0.6625 0.86484375 0.053125 0.01875
19 0.8015625 0.85859375 0.046875 0.015625
19 0.94765625 0.85703125 0.0484375 0.01875
20 0.959375 0.803125 0.025 0.0171875
20 0.8109375 0.81015625 0.028125 0.01875
20 0.65625 0.7953125 0.034375 0.0203125
20 0.5109375 0.80078125 0.034375 0.0203125
20 0.3625 0.80625 0.03125 0.01875
20 0.2140625 0.7875 0.0328125 0.01875
21 0.2046875 0.69375 0.028125 0.021875
21 0.35234375 0.7234375 0.0359375 0.0265625
21 0.49921875 0.70859375 0.0375 0.028125
21 0.64453125 0.71328125 0.034375 0.025
21 0.80546875 0.7328125 0.03125 0.021875
21 0.95078125 0.71796875 0.03125 0.0203125
19 0.94296875 0.6046875 0.046875 0.0203125
19 0.7953125 0.62109375 0.053125 0.01875
19 0.64453125 0.60546875 0.0515625 0.0203125
19 0.49453125 0.6015625 0.04375 0.01875
19 0.34921875 0.6265625 0.046875 0.01875
19 0.21015625 0.56875 0.04375 0.015625
20 0.228125 0.4875 0.025 0.015625
20 0.3609375 0.5484375 0.025 0.0203125
20 0.503125 0.52109375 0.0296875 0.0203125
20 0.65546875 0.534375 0.03125 0.0203125
20 0.8046875 0.53359375 0.028125 0.01875
20 0.9515625 0.52578125 0.025 0.0203125
21 0.94140625 0.43203125 0.028125 0.021875
21 0.80078125 0.4375 0.0296875 0.0234375
21 0.65234375 0.44453125 0.028125 0.025
21 0.50625 0.4421875 0.0328125 0.028125
21 0.36171875 0.46171875 0.028125 0.021875
19 0.50703125 0.334375 0.04375 0.01875
19 0.6484375 0.34453125 0.046875 0.01875
19 0.790625 0.34453125 0.0453125 0.0203125
19 0.9296875 0.33125 0.0484375 0.021875
20 0.94140625 0.2796875 0.025 0.01875
20 0.80078125 0.271875 0.025 0.01875
20 0.65703125 0.2734375 0.025 0.01875
20 0.51796875 0.2984375 0.025 0.01875
20 0.3734375 0.30859375 0.021875 0.0171875
20 0.23828125 0.2484375 0.0234375 0.0203125
21 0.24140625 0.18359375 0.025 0.0203125
21 0.37265625 0.24140625 0.025 0.021875
21 0.51640625 0.23671875 0.028125 0.025
21 0.65234375 0.19296875 0.028125 0.025
21 0.78984375 0.19453125 0.028125 0.028125
21 0.93359375 0.20703125 0.0296875 0.0234375
21 0.234375 0.3890625 0.025 0.0234375
19 0.23359375 0.30703125 0.040625 0.021875