0 0.7609375 0.2484375 0.015625 0.025
0 0.70390625 0.24921875 0.0140625 0.01875
0 0.646875 0.24375 0.015625 0.0171875
1 0.7671875 0.35234375 0.021875 0.01875
1 0.71015625 0.3453125 0.0203125 0.0203125
1 0.653125 0.34609375 0.021875 0.01875
2 0.76171875 0.45078125 0.0171875 0.0234375
2 0.70390625 0.4515625 0.0125 0.021875
2 0.64765625 0.45234375 0.015625 0.021875
3 0.76640625 0.55625 0.0234375 0.0171875
3 0.70859375 0.55390625 0.021875 0.01875
3 0.653125 0.5546875 0.0234375 0.0203125
4 0.7609375 0.63828125 0.0140625 0.021875
4 0.70546875 0.6375 0.0125 0.01875
4 0.64921875 0.646875 0.0140625 0.021875
5 0.7640625 0.7515625 0.01875 0.0203125
5 0.71171875 0.740625 0.01875 0.01875
5 0.65390625 0.74140625 0.015625 0.025
17 0.6 0.72890625 0.0125 0.01875
16 0.59453125 0.63984375 0.01875 0.015625
15 0.59140625 0.55703125 0.021875 0.0125
14 0.59453125 0.45078125 0.0125 0.0171875
13 0.59296875 0.3484375 0.0125 0.01875
12 0.58671875 0.24921875 0.0109375 0.028125
18 0.53125 0.2515625 0.0171875 0.021875
8 0.534375 0.27109375 0.0203125 0.009375
6 0.53125 0.29140625 0.01875 0.015625
0 0.534375 0.3140625 0.0125 0.01875
17 0.53671875 0.334375 0.0125 0.0125
0 0.53671875 0.3578125 0.0125 0.01875
8 0.53671875 0.440625 0.01875 0.009375
13 0.5328125 0.45625 0.0109375 0.009375
18 0.53359375 0.4734375 0.0125 0.015625
19 0.53671875 0.49375 0.0171875 0.0140625
0 0.53515625 0.51328125 0.009375 0.0125
6 0.534375 0.52890625 0.015625 0.015625
17 0.53828125 0.546875 0.0109375 0.0109375
0 0.53828125 0.5625 0.0125 0.0125
12 0.5375 0.58359375 0.0125 0.025
10 0.54296875 0.6609375 0.021875 0.01875
0 0.5375 0.68046875 0.009375 0.0140625
7 0.54453125 0.70390625 0.0203125 0.01875
21 0.54140625 0.72578125 0.0125 0.015625
4 0.540625 0.7421875 0.0125 0.0140625
4 0.4703125 0.24296875 0.015625 0.0234375
11 0.4765625 0.26015625 0.0203125 0.0125
10 0.4765625 0.3421875 0.0203125 0.0203125
14 0.47421875 0.36484375 0.0125 0.01875
11 0.48125 0.384375 0.0203125 0.009375
1 0.4828125 0.50546875 0.0203125 0.021875
0 0.4796875 0.528125 0.0109375 0.015625
2 0.4796875 0.55234375 0.0125 0.0171875
0 0.4796875 0.57421875 0.0109375 0.015625
10 0.484375 0.59453125 0.01875 0.01875
0 0.48359375 0.6875 0.0125 0.01875
18 0.48515625 0.71640625 0.0125 0.01875
11 0.48671875 0.734375 0.0171875 0.0078125
0 0.48359375 0.74921875 0.0125 0.015625
13 0.4828125 0.76796875 0.0109375 0.015625
4 0.4140625 0.2453125 0.0171875 0.025
0 0.4171875 0.3296875 0.0109375 0.01875
19 0.41875 0.37734375 0.021875 0.0203125
5 0.7703125 0.0578125 0.01875 0.0234375
5 0.7140625 0.059375 0.0171875 0.021875
5 0.64921875 0.0484375 0.021875 0.021875
11 0.59453125 0.05 0.021875 0.0109375
11 0.53125 0.0421875 0.0265625 0.0125