21 0.2453125 0.2875 0.02265625 0.01484375
21 0.2375 0.34921875 0.02421875 0.0140625
21 0.2375 0.4078125 0.0296875 0.01796875
21 0.23671875 0.4703125 0.021875 0.0171875
22 0.3296875 0.46640625 0.04296875 0.01640625
22 0.33359375 0.40234375 0.0421875 0.015625
22 0.35546875 0.3421875 0.04296875 0.0125
22 0.34921875 0.2828125 0.034375 0.01328125
23 0.4859375 0.278125 0.01640625 0.015625
23 0.48359375 0.33828125 0.02265625 0.01875
23 0.4859375 0.39921875 0.0234375 0.02109375
23 0.46796875 0.46171875 0.015625 0.0171875
24 0.58046875 0.46171875 0.021875 0.021875
24 0.59296875 0.3984375 0.02265625 0.02421875
24 0.5984375 0.3375 0.0234375 0.01953125
24 0.6078125 0.2765625 0.01953125 0.01875
25 0.71484375 0.271875 0.028125 0.0171875
25 0.70859375 0.3359375 0.0296875 0.01875
25 0.7109375 0.39140625 0.028125 0.015625
25 0.6984375 0.45390625 0.03125 0.01796875
25 0.01640625 0.27109375 0.025 0.0203125