99 0.096875 0.21015625 0.021875 0.025
112 0.12265625 0.209375 0.021875 0.01796875
89 0.1421875 0.2109375 0.01796875 0.01796875
101 0.16640625 0.21015625 0.021875 0.01875
64 0.2578125 0.2015625 0.02109375 0.03203125
69 0.2828125 0.2109375 0.01875 0.01796875
108 0.31171875 0.2046875 0.021875 0.021875
69 0.33828125 0.21015625 0.0203125 0.0171875
56 0.365625 0.20859375 0.0203125 0.01796875
108 0.3875 0.2015625 0.025 0.02734375
115 0.4796875 0.20390625 0.04140625 0.01484375
69 0.51328125 0.20546875 0.02421875 0.0171875
80 0.53203125 0.2 0.01171875 0.01953125
72 0.55625 0.20625 0.0234375 0.021875
76 0.58203125 0.2015625 0.02265625 0.02265625
108 0.61328125 0.19921875 0.01953125 0.025
101 0.63828125 0.2046875 0.0203125 0.0171875
115 0.1109375 0.28984375 0.03671875 0.01953125
90 0.13828125 0.28671875 0.01875 0.01640625
99 0.15625 0.28671875 0.01796875 0.015625
101 0.17265625 0.28828125 0.01875 0.02109375
108 0.203125 0.28515625 0.02421875 0.02265625
108 0.2875 0.28046875 0.0203125 0.0265625
69 0.31171875 0.28671875 0.021875 0.015625
101 0.33046875 0.28671875 0.01796875 0.01640625
108 0.35625 0.284375 0.02109375 0.021875
71 0.44375 0.28125 0.021875 0.021875
90 0.46484375 0.28203125 0.0140625 0.0125
99 0.4828125 0.2796875 0.015625 0.0125
80 0.52578125 0.27890625 0.01171875 0.0203125
89 0.5484375 0.28046875 0.01796875 0.01171875
56 0.625 0.28046875 0.02421875 0.01640625
90 0.6515625 0.28125 0.021875 0.01640625
89 0.6734375 0.28125 0.01953125 0.01484375
114 0.6953125 0.2796875 0.0234375 0.0140625
69 0.71640625 0.2796875 0.01640625 0.01640625
99 0.7375 0.2765625 0.01328125 0.015625
108 0.7625 0.275 0.01953125 0.01875
101 0.12265625 0.3671875 0.01875 0.01875
56 0.14609375 0.36875 0.01875 0.0171875
37 0.1703125 0.36953125 0.02109375 0.01484375
83 0.196875 0.3625 0.015625 0.021875
69 0.22109375 0.36953125 0.02265625 0.01640625
115 0.3296875 0.36484375 0.0390625 0.01484375
37 0.3609375 0.3640625 0.01796875 0.01328125
80 0.38203125 0.3609375 0.01484375 0.0203125
108 0.40703125 0.35859375 0.02109375 0.0234375
82 0.4890625 0.35625 0.0265625 0.02734375
69 0.51796875 0.36328125 0.01953125 0.0171875
117 0.5453125 0.36484375 0.02890625 0.02109375
91 0.6390625 0.36484375 0.01640625 0.02421875
99 0.66328125 0.35859375 0.01640625 0.0171875
69 0.684375 0.35859375 0.01640625 0.0140625
101 0.70625 0.3578125 0.01484375 0.015625
101 0.72734375 0.3578125 0.01796875 0.015625
115 0.80078125 0.3484375 0.0390625 0.0171875
80 0.83515625 0.34609375 0.01328125 0.0203125
108 0.8625 0.34375 0.02109375 0.02109375
76 0.8890625 0.34296875 0.02421875 0.021875
101 0.92890625 0.43203125 0.02421875 0.01640625
115 0.9 0.43203125 0.03046875 0.01171875
90 0.871875 0.43359375 0.01796875 0.01171875
64 0.84609375 0.43046875 0.021875 0.02109375
89 0.8234375 0.43515625 0.01796875 0.0171875
80 0.80546875 0.43125 0.0109375 0.02265625
115 0.78203125 0.4359375 0.03515625 0.0140625
89 0.73671875 0.43828125 0.02109375 0.01484375
69 0.7140625 0.43828125 0.01953125 0.01640625
91 0.69375 0.4421875 0.01875 0.02265625
90 0.67265625 0.4375 0.021875 0.0140625
83 0.61171875 0.43671875 0.01328125 0.025
83 0.6 0.43515625 0.01171875 0.0203125
37 0.5828125 0.44296875 0.02109375 0.0140625
69 0.51015625 0.4421875 0.02734375 0.01796875
101 0.48671875 0.4421875 0.01484375 0.01796875
90 0.46796875 0.43984375 0.01796875 0.01484375
83 0.4484375 0.43515625 0.015625 0.025
56 0.42890625 0.44140625 0.0234375 0.01875
71 0.32265625 0.44609375 0.0265625 0.0234375
90 0.290625 0.44296875 0.02421875 0.015625
117 0.196875 0.45390625 0.02265625 0.0203125
37 0.175 0.45234375 0.01640625 0.01328125
83 0.15625 0.44609375 0.01484375 0.02421875
69 0.13828125 0.45390625 0.01484375 0.01484375
64 0.115625 0.44609375 0.02109375 0.02578125
108 0.1265625 0.521875 0.01953125 0.0265625
99 0.146875 0.52421875 0.0125 0.01484375
112 0.16484375 0.525 0.01796875 0.0125
69 0.1890625 0.5234375 0.01953125 0.01484375
71 0.3484375 0.51953125 0.02265625 0.0234375
37 0.3765625 0.51875 0.01640625 0.0140625
83 0.39609375 0.5125 0.01171875 0.02109375
101 0.41328125 0.5171875 0.015625 0.01640625
69 0.4375 0.5171875 0.02265625 0.01484375
69 0.52734375 0.5140625 0.02890625 0.01796875
91 0.5578125 0.51796875 0.01875 0.02890625
90 0.58359375 0.5125 0.01796875 0.01328125
56 0.60859375 0.51328125 0.01953125 0.01328125
76 0.63359375 0.50859375 0.02421875 0.02578125
101 0.6609375 0.51171875 0.0234375 0.0203125
50 0.7421875 0.5046875 0.0265625 0.0234375
37 0.76796875 0.51171875 0.01953125 0.0140625
108 0.79140625 0.5078125 0.0203125 0.0234375
56 0.81796875 0.5109375 0.02109375 0.01640625
76 0.84921875 0.50546875 0.03203125 0.02734375
108 0.8140625 0.58515625 0.021875 0.02265625
83 0.7859375 0.58515625 0.02265625 0.0234375
112 0.75546875 0.5875 0.0203125 0.01328125
101 0.73125 0.5875 0.01796875 0.0140625
69 0.7046875 0.58671875 0.02265625 0.01640625
99 0.68046875 0.58828125 0.0234375 0.01953125
108 0.59765625 0.5859375 0.0265625 0.0265625
56 0.56171875 0.59140625 0.01796875 0.015625
80 0.540625 0.59140625 0.01328125 0.015625
64 0.51796875 0.5875 0.02109375 0.0265625
69 0.490625 0.59609375 0.0203125 0.0140625
99 0.46875 0.59609375 0.01875 0.01640625
91 0.44765625 0.6015625 0.01640625 0.02109375
108 0.36875 0.5984375 0.02265625 0.0234375
101 0.3421875 0.603125 0.02109375 0.01796875
69 0.31953125 0.60234375 0.02109375 0.02109375
108 0.28828125 0.5984375 0.025 0.02265625
89 0.20078125 0.60859375 0.0203125 0.01484375
37 0.17109375 0.6078125 0.01484375 0.01171875
99 0.15390625 0.60625 0.01640625 0.0140625
108 0.12890625 0.6015625 0.02578125 0.0265625
101 0.13515625 0.6796875 0.021875 0.01875
90 0.15703125 0.68203125 0.01875 0.01640625
112 0.1796875 0.68203125 0.01875 0.01328125
99 0.2015625 0.68125 0.0140625 0.0140625
56 0.21875 0.68203125 0.01875 0.01328125
69 0.2421875 0.68359375 0.02578125 0.015625
101 0.32421875 0.68046875 0.0203125 0.0171875
76 0.3515625 0.67421875 0.0265625 0.02109375
90 0.378125 0.6765625 0.0171875 0.01328125
115 0.4109375 0.675 0.03828125 0.01640625
101 0.49765625 0.671875 0.02890625 0.02109375
69 0.525 0.67109375 0.021875 0.01875
69 0.55625 0.66953125 0.025 0.01953125
64 0.5875 0.66328125 0.021875 0.0265625
83 0.7046875 0.19609375 0.0140625 0.0203125
37 0.728125 0.20078125 0.01875 0.01171875
101 0.75078125 0.2 0.01953125 0.01796875
108 0.7828125 0.19375 0.0203125 0.01953125
50 0.853125 0.18984375 0.028125 0.025
69 0.88203125 0.1921875 0.0234375 0.01640625
101 0.90703125 0.19140625 0.01953125 0.01875
108 0.93984375 0.1859375 0.02265625 0.02578125
117 0.68203125 0.66953125 0.0234375 0.02421875
90 0.70546875 0.665625 0.0234375 0.0140625
112 0.7328125 0.6640625 0.02265625 0.0203125