15 0.1453125 0.1171875 0.0203125 0.03203125
15 0.14296875 0.1953125 0.02421875 0.0375
15 0.14140625 0.26328125 0.025 0.03515625
15 0.140625 0.340625 0.0203125 0.03515625
15 0.14375 0.41171875 0.0171875 0.0296875
4 0.16953125 0.40390625 0.02421875 0.0203125
2 0.203125 0.40078125 0.02421875 0.01484375
13 0.23515625 0.4 0.02109375 0.01640625
11 0.259375 0.39375 0.01328125 0.03046875
8 0.2828125 0.39609375 0.01015625 0.02578125
15 0.3734375 0.4453125 0.0171875 0.03671875
4 0.409375 0.440625 0.02421875 0.01484375
2 0.4375 0.43828125 0.01875 0.01640625
17 0.4671875 0.43515625 0.01953125 0.01796875
13 0.50078125 0.4359375 0.02109375 0.0171875
11 0.52421875 0.42890625 0.021875 0.0265625
8 0.54765625 0.43359375 0.01484375 0.021875
8 0.471875 0.50390625 0.0109375 0.02890625
11 0.4953125 0.50546875 0.0140625 0.028125
13 0.525 0.5109375 0.025 0.01484375
17 0.55234375 0.5109375 0.01640625 0.01640625
2 0.58203125 0.51015625 0.02109375 0.0171875
4 0.61640625 0.50859375 0.02421875 0.01796875
15 0.64453125 0.5171875 0.01875 0.0328125
13 0.69140625 0.5796875 0.02109375 0.01953125
2 0.6578125 0.578125 0.02421875 0.0171875
11 0.62421875 0.571875 0.0125 0.02421875
4 0.60078125 0.57890625 0.021875 0.01875
8 0.578125 0.5765625 0.0109375 0.0234375
15 0.5546875 0.584375 0.01484375 0.0265625
8 0.38359375 0.6578125 0.01171875 0.02734375
15 0.3609375 0.67109375 0.02109375 0.03359375
11 0.3328125 0.66015625 0.015625 0.0296875
4 0.3015625 0.66640625 0.02890625 0.0203125
13 0.2625 0.66796875 0.0234375 0.01875
2 0.23359375 0.66796875 0.0234375 0.01953125
4 0.22734375 0.321875 0.03203125 0.02109375
4 0.2265625 0.253125 0.02890625 0.01953125
4 0.2296875 0.175 0.0265625 0.021875
4 0.22578125 0.10625 0.03515625 0.025
2 0.36484375 0.1046875 0.028125 0.021875
2 0.36640625 0.1796875 0.02734375 0.015625
2 0.36171875 0.2484375 0.025 0.01640625
2 0.37109375 0.3234375 0.02578125 0.0203125
17 0.49375 0.32421875 0.02109375 0.021875
17 0.49765625 0.2578125 0.025 0.021875
17 0.5015625 0.1859375 0.0203125 0.01796875
17 0.5015625 0.1140625 0.02265625 0.02265625
13 0.62109375 0.128125 0.0234375 0.01875
13 0.6171875 0.19453125 0.0234375 0.0171875
13 0.61484375 0.26328125 0.021875 0.01796875
13 0.6171875 0.33203125 0.021875 0.0171875
11 0.70625 0.3296875 0.01484375 0.03203125
11 0.70390625 0.259375 0.01640625 0.028125
11 0.70703125 0.19296875 0.01640625 0.02734375
11 0.70390625 0.1296875 0.0140625 0.02734375
8 0.79765625 0.13203125 0.0078125 0.02421875
8 0.7953125 0.19765625 0.0125 0.02578125
8 0.79453125 0.26328125 0.01171875 0.02421875
8 0.7921875 0.33125 0.01640625 0.025