20 0.1140625 0.10859375 0.01875 0.0171875
19 0.140625 0.10625 0.0203125 0.028125
14 0.165625 0.1125 0.01640625 0.01328125
17 0.18671875 0.1125 0.01484375 0.01796875
5 0.21484375 0.1125 0.02578125 0.021875
16 0.24453125 0.1109375 0.01640625 0.02109375
8 0.27109375 0.1046875 0.0140625 0.02890625
25 0.309375 0.1109375 0.021875 0.01875
9 0.3328125 0.10625 0.02109375 0.03046875
22 0.375 0.10859375 0.03515625 0.015625
12 0.428125 0.109375 0.03359375 0.01484375
24 0.46640625 0.11015625 0.025 0.02109375
24 0.490625 0.15703125 0.02578125 0.01953125
12 0.44609375 0.1546875 0.046875 0.01640625
22 0.3828125 0.15625 0.04375 0.0171875
9 0.33671875 0.15703125 0.021875 0.02578125
25 0.31015625 0.15859375 0.02578125 0.01484375
8 0.28359375 0.15546875 0.01015625 0.0234375
16 0.25859375 0.1609375 0.0171875 0.021875
5 0.23203125 0.159375 0.01640625 0.01953125
17 0.215625 0.15625 0.0125 0.015625
14 0.2 0.15703125 0.01484375 0.01171875
19 0.178125 0.15 0.021875 0.025
20 0.1484375 0.15546875 0.01875 0.0140625
20 0.11484375 0.278125 0.0171875 0.01484375
19 0.1375 0.27578125 0.015625 0.02265625
14 0.1546875 0.28359375 0.01640625 0.01171875
17 0.1734375 0.28203125 0.01640625 0.01953125
5 0.19453125 0.28359375 0.02109375 0.0234375
16 0.2265625 0.284375 0.02265625 0.02890625
8 0.25625 0.278125 0.0109375 0.025
25 0.284375 0.2796875 0.028125 0.01640625
9 0.3125 0.27890625 0.01796875 0.02578125
22 0.36015625 0.28203125 0.03359375 0.01484375
12 0.40390625 0.28359375 0.03359375 0.01796875
24 0.471875 0.28515625 0.0203125 0.0203125
20 0.58125 0.28046875 0.025 0.01875
19 0.6109375 0.27890625 0.021875 0.0234375
14 0.63671875 0.28515625 0.01796875 0.0125
17 0.6640625 0.2828125 0.01796875 0.0171875
5 0.69921875 0.28671875 0.021875 0.02578125
16 0.74296875 0.290625 0.02109375 0.03203125
8 0.77734375 0.28203125 0.0125 0.02578125
25 0.81875 0.2859375 0.025 0.01875
9 0.84609375 0.2890625 0.01796875 0.03046875
22 0.8796875 0.28671875 0.03359375 0.01875
12 0.91640625 0.2890625 0.0265625 0.01875
24 0.940625 0.29296875 0.015625 0.0234375
24 0.92578125 0.37109375 0.01796875 0.02109375
12 0.89140625 0.36796875 0.03515625 0.0140625
22 0.84140625 0.3703125 0.03515625 0.01328125
9 0.78671875 0.3671875 0.0203125 0.02890625
25 0.73515625 0.36640625 0.028125 0.01640625
8 0.70703125 0.3640625 0.0109375 0.01953125
16 0.66796875 0.36953125 0.01640625 0.02578125
5 0.6390625 0.3671875 0.01796875 0.0234375
17 0.61484375 0.36484375 0.0171875 0.01796875
14 0.5859375 0.36640625 0.01640625 0.0125
19 0.56015625 0.3609375 0.0171875 0.0234375
20 0.53515625 0.3640625 0.0171875 0.01640625
24 0.4671875 0.36328125 0.0171875 0.015625
12 0.42578125 0.36484375 0.03671875 0.0140625
22 0.3828125 0.36484375 0.0296875 0.015625
9 0.346875 0.3625 0.01875 0.02421875
25 0.3015625 0.3640625 0.025 0.01484375
8 0.2640625 0.36015625 0.00859375 0.02265625
16 0.23984375 0.359375 0.01640625 0.025
5 0.21015625 0.3625 0.02109375 0.0203125
17 0.18671875 0.3609375 0.015625 0.015625
14 0.16484375 0.3625 0.015625 0.01171875
19 0.14296875 0.35703125 0.0171875 0.02265625
20 0.1171875 0.36015625 0.01796875 0.01640625
20 0.12109375 0.43984375 0.01953125 0.01484375
19 0.14140625 0.4375 0.0125 0.021875
14 0.159375 0.44296875 0.0140625 0.01328125
17 0.17890625 0.44140625 0.0140625 0.015625
5 0.19921875 0.44296875 0.01796875 0.02109375
16 0.221875 0.4453125 0.015625 0.02734375
8 0.23984375 0.44375 0.009375 0.021875
25 0.26796875 0.44375 0.021875 0.01640625
9 0.2921875 0.43828125 0.01796875 0.0296875
22 0.32265625 0.4421875 0.0296875 0.01484375
12 0.359375 0.44453125 0.03671875 0.01484375
24 0.39609375 0.44921875 0.02578125 0.02421875
24 0.421875 0.5265625 0.028125 0.0234375
12 0.3859375 0.5203125 0.03359375 0.01328125
22 0.34140625 0.52265625 0.03125 0.01484375
9 0.3046875 0.5171875 0.02734375 0.0296875
8 0.28359375 0.51953125 0.0078125 0.0234375
16 0.259375 0.521875 0.01796875 0.02578125
5 0.2296875 0.5203125 0.02265625 0.02109375
17 0.19453125 0.51796875 0.015625 0.01640625
14 0.17265625 0.51640625 0.015625 0.0140625
19 0.15078125 0.51328125 0.02109375 0.02578125
20 0.1140625 0.51484375 0.021875 0.0140625
20 0.11171875 0.59296875 0.02109375 0.01640625
19 0.13515625 0.59296875 0.0171875 0.028125
14 0.1609375 0.5984375 0.0171875 0.015625
17 0.18359375 0.596875 0.015625 0.01796875
5 0.2109375 0.59765625 0.02421875 0.021875
16 0.24765625 0.596875 0.01875 0.0328125
8 0.27578125 0.5953125 0.0125 0.0265625
9 0.303125 0.5953125 0.02421875 0.03046875
22 0.34453125 0.60390625 0.040625 0.01640625
12 0.4015625 0.6015625 0.0453125 0.01796875
24 0.44375 0.6078125 0.03203125 0.0265625
24 0.4484375 0.68125 0.0265625 0.01953125
12 0.39921875 0.6765625 0.03671875 0.0125
22 0.346875 0.675 0.0421875 0.0109375
9 0.30546875 0.675 0.01953125 0.0265625
8 0.28671875 0.671875 0.009375 0.02421875
16 0.2578125 0.6734375 0.01484375 0.02890625
5 0.225 0.67421875 0.01875 0.021875
17 0.196875 0.6703125 0.01640625 0.0171875
14 0.17265625 0.6703125 0.01796875 0.0125
19 0.14765625 0.66640625 0.0203125 0.0234375
20 0.11171875 0.6671875 0.02265625 0.01484375
20 0.1140625 0.74765625 0.01796875 0.01328125
19 0.1453125 0.74375 0.01796875 0.02109375
14 0.165625 0.74921875 0.015625 0.0125
17 0.18671875 0.74765625 0.01640625 0.01640625
5 0.21015625 0.74921875 0.021875 0.025
16 0.23671875 0.7484375 0.01484375 0.02421875
8 0.2765625 0.7421875 0.0078125 0.01875
9 0.2984375 0.7453125 0.01875 0.02578125
22 0.34765625 0.7453125 0.03046875 0.015625
12 0.40546875 0.74609375 0.03984375 0.015625
24 0.45703125 0.75078125 0.03125 0.021875
24 0.3953125 0.8265625 0.028125 0.02265625
12 0.3640625 0.8234375 0.0296875 0.01171875
22 0.325 0.82109375 0.02734375 0.015625
9 0.28046875 0.81875 0.01875 0.0265625
8 0.2609375 0.8203125 0.00859375 0.025
16 0.22734375 0.8265625 0.01484375 0.02421875
5 0.20390625 0.828125 0.0203125 0.025
17 0.18125 0.82421875 0.0171875 0.01484375
14 0.16015625 0.8265625 0.01640625 0.0125
19 0.140625 0.8203125 0.01796875 0.021875
20 0.11328125 0.8234375 0.0203125 0.01328125
20 0.1171875 0.9015625 0.02109375 0.0140625
19 0.14453125 0.896875 0.021875 0.0203125
14 0.16875 0.90078125 0.01796875 0.0125
17 0.1953125 0.8984375 0.01875 0.01640625
5 0.221875 0.9 0.0234375 0.025
16 0.25703125 0.9 0.02109375 0.0296875
8 0.28046875 0.896875 0.00859375 0.02421875
9 0.30390625 0.896875 0.0234375 0.03203125
22 0.35 0.896875 0.0359375 0.01328125
12 0.39921875 0.89765625 0.03671875 0.0171875
24 0.43984375 0.9015625 0.02578125 0.02265625
20 0.58515625 0.4453125 0.02265625 0.01640625
19 0.61484375 0.44140625 0.021875 0.0234375
14 0.63984375 0.44765625 0.01796875 0.01328125
17 0.6640625 0.44609375 0.01796875 0.01640625
5 0.69140625 0.44375 0.0234375 0.025
16 0.7203125 0.44375 0.0234375 0.0265625
8 0.753125 0.44140625 0.0109375 0.0265625
25 0.7828125 0.44765625 0.02890625 0.01953125
9 0.82109375 0.44296875 0.0234375 0.0296875
22 0.859375 0.44609375 0.03359375 0.015625
12 0.896875 0.44765625 0.03125 0.0171875
24 0.928125 0.45 0.01796875 0.025
24 0.92109375 0.5265625 0.025 0.021875
12 0.8921875 0.5234375 0.03046875 0.0140625
22 0.85234375 0.5265625 0.0296875 0.0125
9 0.8046875 0.525 0.0234375 0.02578125
25 0.7765625 0.52734375 0.0234375 0.01796875
8 0.74609375 0.52578125 0.009375 0.0234375
16 0.71171875 0.52734375 0.01875 0.02578125
5 0.68125 0.52734375 0.02265625 0.025
17 0.65234375 0.52265625 0.0171875 0.01796875
14 0.62734375 0.5234375 0.01484375 0.015625
19 0.60234375 0.51640625 0.015625 0.0234375
20 0.578125 0.521875 0.01953125 0.01484375
20 0.56640625 0.6015625 0.021875 0.015625
19 0.59609375 0.6 0.02265625 0.021875
14 0.625 0.60625 0.0140625 0.01171875
17 0.65078125 0.60546875 0.01484375 0.01484375
16 0.67578125 0.609375 0.015625 0.025
5 0.7015625 0.60703125 0.021875 0.0234375
8 0.72109375 0.6046875 0.01328125 0.0265625
25 0.759375 0.60859375 0.02265625 0.01796875
9 0.809375 0.6046875 0.01796875 0.02421875
22 0.8578125 0.603125 0.02890625 0.0140625
12 0.8890625 0.60078125 0.028125 0.0125
24 0.915625 0.603125 0.0203125 0.02265625
20 0.515625 0.1953125 0.0234375 0.015625
19 0.546875 0.19140625 0.01953125 0.02421875
14 0.57265625 0.19765625 0.021875 0.0125
17 0.60078125 0.1953125 0.021875 0.0203125
5 0.62734375 0.20078125 0.01875 0.025
16 0.659375 0.19921875 0.0203125 0.0265625
8 0.6859375 0.19609375 0.0125 0.02421875
25 0.7265625 0.1984375 0.0265625 0.0203125
9 0.76875 0.19765625 0.02421875 0.02421875
22 0.82890625 0.19921875 0.04140625 0.0171875
12 0.88828125 0.20234375 0.03359375 0.01796875
24 0.92109375 0.2109375 0.02265625 0.0265625