12 0.0765625 0.1109375 0.04453125 0.034375
12 0.0734375 0.29296875 0.03359375 0.0328125
12 0.08046875 0.47890625 0.0390625 0.028125
12 0.084375 0.6625 0.0421875 0.03125
12 0.084375 0.8546875 0.0421875 0.03515625
13 0.19765625 0.84375 0.02890625 0.03359375
13 0.20390625 0.65859375 0.0265625 0.0375
13 0.20625 0.471875 0.02734375 0.034375
13 0.20625 0.28984375 0.021875 0.03515625
13 0.2125 0.096875 0.0265625 0.034375
14 0.31875 0.09453125 0.02421875 0.03203125
14 0.3234375 0.28359375 0.01953125 0.0296875
14 0.3203125 0.46875 0.0203125 0.034375
14 0.3171875 0.65078125 0.0234375 0.034375
14 0.3140625 0.83515625 0.02109375 0.03515625
15 0.40234375 0.82578125 0.01875 0.0640625
15 0.39609375 0.659375 0.01796875 0.05703125
15 0.40234375 0.47890625 0.01953125 0.05625
15 0.4109375 0.29375 0.01796875 0.0515625
15 0.3984375 0.11015625 0.01953125 0.05625
12 0.51171875 0.09453125 0.0390625 0.028125
12 0.5296875 0.28203125 0.0375 0.03046875
12 0.5265625 0.46796875 0.0421875 0.03828125
12 0.51875 0.63671875 0.03828125 0.0265625
12 0.52578125 0.81015625 0.0421875 0.025
13 0.6234375 0.8140625 0.0234375 0.02890625
13 0.628125 0.63125 0.02578125 0.040625
13 0.62109375 0.45625 0.02265625 0.03515625
13 0.62734375 0.2796875 0.0203125 0.02578125
13 0.63203125 0.09375 0.02421875 0.0328125
14 0.72734375 0.0921875 0.025 0.02890625
14 0.7203125 0.271875 0.021875 0.0296875
14 0.70859375 0.4515625 0.02265625 0.03359375
14 0.69765625 0.63203125 0.02109375 0.02734375
14 0.71796875 0.81015625 0.02734375 0.02890625
15 0.81015625 0.8203125 0.0171875 0.06328125
15 0.77890625 0.63671875 0.01875 0.06796875
15 0.79296875 0.4640625 0.0203125 0.0609375
15 0.81640625 0.28359375 0.01640625 0.05859375
15 0.81640625 0.10234375 0.01875 0.059375