95 0.10234375 0.02265625 0.02578125 0.0453125
95 0.0921875 0.1609375 0.0203125 0.0421875
95 0.096875 0.30078125 0.0203125 0.0515625
95 0.0890625 0.42421875 0.02265625 0.04765625
95 0.08515625 0.56953125 0.02109375 0.0484375
95 0.08125 0.7171875 0.0203125 0.0484375
95 0.08046875 0.85546875 0.01953125 0.053125
99 0.171875 0.85 0.0234375 0.03984375
99 0.18046875 0.7078125 0.01953125 0.0359375
99 0.159375 0.56484375 0.0234375 0.0390625
99 0.175 0.425 0.0203125 0.02890625
99 0.1796875 0.2984375 0.02734375 0.02734375
99 0.18984375 0.15546875 0.02109375 0.03984375
99 0.171875 0.03125 0.02109375 0.0328125
101 0.2609375 0.02578125 0.02578125 0.034375
101 0.27421875 0.15703125 0.0265625 0.03046875
101 0.2671875 0.2984375 0.02890625 0.03984375
101 0.26484375 0.421875 0.03203125 0.02890625
101 0.2609375 0.55703125 0.02421875 0.03359375
101 0.2640625 0.7015625 0.02265625 0.0328125
101 0.25 0.84296875 0.02578125 0.04296875
95 0.3625 0.83203125 0.01953125 0.0484375
95 0.3625 0.6953125 0.021875 0.05234375
95 0.36875 0.559375 0.0234375 0.0484375
95 0.37578125 0.42734375 0.021875 0.0546875
95 0.37734375 0.30234375 0.01875 0.04765625
95 0.38359375 0.1640625 0.01796875 0.05078125
95 0.3765625 0.03828125 0.0234375 0.04453125
99 0.44765625 0.0296875 0.0234375 0.02734375
99 0.49140625 0.16171875 0.021875 0.028125
99 0.45625 0.29453125 0.0203125 0.02890625
99 0.43359375 0.42578125 0.0203125 0.02421875
99 0.4609375 0.55546875 0.02734375 0.03515625
101 0.55 0.5625 0.0234375 0.03671875
101 0.5359375 0.42265625 0.02578125 0.034375
101 0.55 0.29140625 0.02578125 0.034375
101 0.58671875 0.1609375 0.0265625 0.04140625
101 0.51875 0.03125 0.02421875 0.03046875
95 0.60625 0.0359375 0.0140625 0.05078125
95 0.7015625 0.16953125 0.02109375 0.04296875
95 0.64609375 0.29921875 0.02734375 0.04296875
95 0.634375 0.42890625 0.01953125 0.0453125
95 0.65390625 0.8296875 0.02109375 0.04609375
99 0.7265625 0.83125 0.02109375 0.02890625
99 0.71953125 0.70078125 0.02109375 0.03046875
99 0.72109375 0.5609375 0.021875 0.03671875
99 0.71328125 0.428125 0.0203125 0.0296875
99 0.721875 0.29140625 0.025 0.0328125
99 0.7734375 0.16875 0.021875 0.03046875
99 0.67734375 0.03984375 0.021875 0.0359375
101 0.77109375 0.03828125 0.0296875 0.03671875
101 0.840625 0.17421875 0.025 0.0328125
101 0.8015625 0.2984375 0.021875 0.03828125
101 0.79453125 0.4265625 0.0203125 0.0359375
101 0.815625 0.5609375 0.02265625 0.03125
101 0.81484375 0.703125 0.0265625 0.03671875
101 0.80859375 0.82578125 0.0203125 0.0359375
99 0.4359375 0.83125 0.01953125 0.03125
99 0.45 0.7 0.0203125 0.0328125
101 0.55078125 0.696875 0.025 0.03125
101 0.5546875 0.8328125 0.025 0.03671875