0 0.2515625 0.26015625 0.021875 0.01796875
0 0.246875 0.3203125 0.01953125 0.01484375
6 0.24296875 0.44296875 0.021875 0.02109375
6 0.240625 0.50390625 0.01953125 0.01953125
7 0.340625 0.5 0.02734375 0.02265625
7 0.3390625 0.43828125 0.025 0.02265625
1 0.34921875 0.37578125 0.02421875 0.02109375
1 0.3609375 0.3125 0.021875 0.021875
1 0.36328125 0.2515625 0.02265625 0.0203125
2 0.46875 0.24921875 0.0234375 0.0203125
2 0.465625 0.3125 0.02890625 0.01640625
2 0.46796875 0.37421875 0.025 0.01796875
8 0.46328125 0.4359375 0.01015625 0.02421875
8 0.4515625 0.49765625 0.01015625 0.02109375
9 0.58125 0.49609375 0.01875 0.02890625
9 0.59609375 0.434375 0.02421875 0.02734375
3 0.60625 0.36796875 0.021875 0.028125
3 0.60546875 0.30546875 0.01875 0.028125
3 0.6125 0.2375 0.0203125 0.03203125
4 0.70078125 0.24296875 0.0265625 0.01640625
4 0.68515625 0.37109375 0.0265625 0.01796875
10 0.6875 0.4296875 0.025 0.02890625
10 0.68359375 0.4921875 0.0234375 0.02578125
11 0.796875 0.49296875 0.009375 0.02890625
11 0.803125 0.4265625 0.01328125 0.02421875
5 0.8015625 0.36875 0.0234375 0.01875
5 0.81015625 0.3015625 0.02109375 0.01953125
5 0.80859375 0.24140625 0.021875 0.02109375
0 0.97421875 0.253125 0.01953125 0.015625
0 0.97578125 0.31328125 0.0203125 0.01640625
0 0.9703125 0.37265625 0.01796875 0.01484375
12 0.975 0.434375 0.03125 0.0125
18 0.9796875 0.4921875 0.025 0.02109375
4 0.97109375 0.55546875 0.01953125 0.0140625
11 0.9875 0.54921875 0.009375 0.02109375
4 0.97578125 0.615625 0.02578125 0.01640625