0 0.09609375 0.9015625 0.01875 0.028125
0 0.1390625 0.84375 0.015625 0.021875
0 0.1890625 0.74140625 0.021875 0.0265625
0 0.2359375 0.67109375 0.01875 0.021875
0 0.28828125 0.60625 0.021875 0.028125
0 0.33984375 0.56640625 0.01875 0.0265625
0 0.38671875 0.51484375 0.015625 0.025
0 0.4359375 0.47109375 0.0203125 0.021875
0 0.478125 0.4109375 0.021875 0.025
1 0.471875 0.3828125 0.0328125 0.028125
1 0.4296875 0.446875 0.03125 0.03125
1 0.378125 0.48125 0.03125 0.03125
1 0.32890625 0.53984375 0.034375 0.03125
1 0.278125 0.57578125 0.034375 0.03125
1 0.23203125 0.640625 0.03125 0.028125
1 0.18125 0.7125 0.028125 0.03125
1 0.1296875 0.81328125 0.028125 0.0375
1 0.0890625 0.87421875 0.028125 0.025
2 0.08984375 0.840625 0.01875 0.025
3 0.08203125 0.809375 0.034375 0.0265625
2 0.13671875 0.78046875 0.01875 0.0265625
2 0.18984375 0.67890625 0.01875 0.025
2 0.240625 0.61484375 0.01875 0.021875
2 0.2890625 0.540625 0.01875 0.028125
2 0.33828125 0.51015625 0.01875 0.025
2 0.38671875 0.45 0.01875 0.0234375
2 0.43828125 0.41953125 0.01875 0.01875
2 0.48125 0.35234375 0.01875 0.025
3 0.471875 0.31953125 0.0375 0.028125
3 0.43203125 0.39453125 0.028125 0.0203125
3 0.3828125 0.42421875 0.028125 0.021875
3 0.33359375 0.4796875 0.0328125 0.0265625
3 0.2859375 0.50859375 0.0328125 0.025
3 0.2375 0.5859375 0.028125 0.021875
3 0.18359375 0.65234375 0.034375 0.025
3 0.13203125 0.75078125 0.03125 0.0265625
4 0.0921875 0.778125 0.01875 0.028125
4 0.14140625 0.7171875 0.0203125 0.0296875
4 0.19375 0.6265625 0.01875 0.025
4 0.24609375 0.5546875 0.021875 0.03125
4 0.2953125 0.47890625 0.021875 0.028125
4 0.340625 0.453125 0.021875 0.025
4 0.390625 0.3984375 0.021875 0.028125
4 0.43984375 0.36875 0.021875 0.021875
4 0.48125 0.28671875 0.025 0.025
5 0.48359375 0.26171875 0.028125 0.01875
5 0.4390625 0.3421875 0.021875 0.021875
5 0.3890625 0.36953125 0.021875 0.025
5 0.34453125 0.421875 0.028125 0.025
5 0.2953125 0.44765625 0.028125 0.025
5 0.246875 0.51875 0.028125 0.025
5 0.1953125 0.59453125 0.0265625 0.021875
5 0.14453125 0.68515625 0.028125 0.0296875
5 0.09140625 0.75078125 0.028125 0.0265625
6 0.09375 0.7171875 0.025 0.0296875
6 0.14296875 0.6484375 0.025 0.0265625
6 0.19296875 0.5625 0.025 0.03125
6 0.2484375 0.4890625 0.03125 0.028125
6 0.2953125 0.415625 0.0265625 0.025
6 0.34453125 0.3859375 0.0265625 0.025
6 0.39375 0.33984375 0.025 0.025
6 0.440625 0.3078125 0.021875 0.0265625
6 0.48515625 0.23203125 0.0296875 0.028125
7 0.47421875 0.19140625 0.034375 0.03125
7 0.4328125 0.275 0.0265625 0.0296875
7 0.38125 0.3046875 0.03125 0.0296875
7 0.334375 0.35390625 0.0328125 0.0265625
7 0.2828125 0.37890625 0.0328125 0.028125
7 0.2375 0.45625 0.03125 0.03125
7 0.18828125 0.52734375 0.034375 0.025
7 0.1359375 0.60859375 0.0328125 0.0296875
7 0.0859375 0.67890625 0.03125 0.0296875