22 0.1375 0.83671875 0.0140625 0.0375
22 0.1375 0.73671875 0.0140625 0.0359375
22 0.134375 0.6078125 0.0125 0.03125
22 0.13125 0.509375 0.015625 0.0375
22 0.12578125 0.403125 0.015625 0.040625
22 0.1234375 0.27890625 0.015625 0.0390625
22 0.12421875 0.16640625 0.0140625 0.034375
22 0.13203125 0.07109375 0.01875 0.03125
24 0.21328125 0.096875 0.0234375 0.0203125
24 0.2125 0.1890625 0.025 0.025
24 0.21328125 0.29765625 0.025 0.028125
24 0.21640625 0.41953125 0.028125 0.028125
24 0.21640625 0.51484375 0.025 0.0265625
24 0.21875 0.625 0.025 0.021875
24 0.21328125 0.753125 0.025 0.028125
24 0.215625 0.84453125 0.025 0.0265625
8 0.2796875 0.85078125 0.025 0.009375
8 0.284375 0.784375 0.025 0.009375
8 0.28203125 0.696875 0.0203125 0.009375
8 0.28125 0.628125 0.0234375 0.00625
8 0.27890625 0.51640625 0.0203125 0.00625
8 0.28046875 0.41953125 0.021875 0.0125
8 0.2796875 0.30546875 0.0234375 0.0125
8 0.27890625 0.1921875 0.025 0.0125
8 0.2828125 0.1 0.025 0.0078125
19 0.3546875 0.1015625 0.0265625 0.01875
19 0.353125 0.2046875 0.028125 0.021875
19 0.35390625 0.32265625 0.028125 0.021875
19 0.35703125 0.4203125 0.0265625 0.01875
19 0.35703125 0.52109375 0.028125 0.021875
19 0.35546875 0.6265625 0.028125 0.021875
19 0.353125 0.69765625 0.028125 0.0203125
19 0.35390625 0.7875 0.0296875 0.01875
19 0.35546875 0.85703125 0.0296875 0.0171875
15 0.44375 0.859375 0.028125 0.0125
15 0.4453125 0.778125 0.03125 0.01875
15 0.446875 0.69140625 0.028125 0.015625
15 0.44765625 0.5921875 0.03125 0.01875
15 0.44921875 0.4890625 0.03125 0.01875
15 0.4515625 0.3953125 0.034375 0.01875
15 0.44921875 0.30859375 0.034375 0.01875
15 0.446875 0.2078125 0.0390625 0.0203125
15 0.4484375 0.125 0.0359375 0.01875
16 0.52890625 0.11953125 0.03125 0.021875
16 0.5265625 0.19765625 0.0296875 0.021875
16 0.52421875 0.29296875 0.028125 0.025
16 0.521875 0.3765625 0.028125 0.01875
16 0.5234375 0.4609375 0.025 0.0171875
16 0.52578125 0.55390625 0.028125 0.01875
16 0.52421875 0.65 0.03125 0.0171875
16 0.5234375 0.76484375 0.0296875 0.01875
16 0.525 0.8578125 0.03125 0.01875
0 0.59296875 0.86015625 0.015625 0.01875
0 0.59296875 0.7765625 0.0125 0.01875
0 0.59140625 0.6546875 0.015625 0.0171875
0 0.59375 0.55390625 0.0140625 0.021875
0 0.5921875 0.459375 0.0125 0.01875
0 0.596875 0.36484375 0.015625 0.021875
0 0.5984375 0.27734375 0.0140625 0.021875
0 0.5984375 0.184375 0.015625 0.021875
0 0.596875 0.1078125 0.015625 0.01875
7 0.6609375 0.07734375 0.0296875 0.03125
7 0.665625 0.14453125 0.034375 0.028125
7 0.66875 0.23984375 0.03125 0.021875
7 0.6640625 0.3265625 0.034375 0.028125
7 0.66171875 0.43828125 0.0375 0.0265625
7 0.6578125 0.54296875 0.0390625 0.028125
7 0.659375 0.65390625 0.0375 0.0234375
7 0.6625 0.77890625 0.0375 0.028125
7 0.6625 0.86171875 0.040625 0.0265625