84 0.078125 0.13515625 0.03515625 0.034375
84 0.06796875 0.33125 0.03515625 0.0375
84 0.06328125 0.51171875 0.028125 0.034375
84 0.07109375 0.7 0.03125 0.0296875
84 0.07734375 0.8875 0.034375 0.040625
89 0.1953125 0.878125 0.02265625 0.03515625
89 0.19921875 0.69140625 0.0203125 0.03671875
89 0.19765625 0.5078125 0.021875 0.03125
89 0.20078125 0.3140625 0.0234375 0.03125
89 0.23125 0.11953125 0.02265625 0.03125
90 0.38828125 0.13046875 0.021875 0.02890625
90 0.3109375 0.31484375 0.02109375 0.03203125
90 0.315625 0.5015625 0.0203125 0.0328125
90 0.3109375 0.68828125 0.0203125 0.03984375
90 0.309375 0.8703125 0.01953125 0.0375
91 0.38671875 0.88125 0.0171875 0.0578125
91 0.39296875 0.6984375 0.01953125 0.05234375
91 0.40390625 0.5125 0.01953125 0.0578125
91 0.38671875 0.328125 0.0171875 0.05390625
91 0.55859375 0.14921875 0.02265625 0.05390625
84 0.6671875 0.13203125 0.0421875 0.0328125
84 0.503125 0.31328125 0.03359375 0.028125
84 0.5203125 0.503125 0.03203125 0.0328125
84 0.5171875 0.684375 0.03359375 0.03125
84 0.509375 0.85703125 0.03515625 0.028125
89 0.61796875 0.84765625 0.02734375 0.03828125
89 0.6109375 0.67578125 0.02109375 0.0375
89 0.61796875 0.4984375 0.01953125 0.03046875
89 0.62265625 0.3109375 0.0234375 0.0328125
89 0.76953125 0.125 0.025 0.0328125
90 0.85078125 0.1203125 0.02578125 0.03203125
90 0.71875 0.31328125 0.0265625 0.03203125
90 0.71015625 0.49140625 0.01875 0.03125
90 0.7 0.671875 0.0234375 0.03359375
90 0.68828125 0.85 0.02109375 0.03125
91 0.7703125 0.85703125 0.02109375 0.0671875
91 0.78359375 0.6859375 0.01875 0.05546875
91 0.80703125 0.50234375 0.01796875 0.06015625
91 0.80859375 0.32109375 0.02265625 0.05546875
91 0.92890625 0.12265625 0.01953125 0.05625