5 0.16953125 0.23671875 0.0265625 0.028125
5 0.29609375 0.23671875 0.0265625 0.02421875
5 0.43515625 0.2390625 0.02734375 0.02421875
5 0.54140625 0.24375 0.02578125 0.025
5 0.6578125 0.24296875 0.03203125 0.025
5 0.7703125 0.24765625 0.02734375 0.025
5 0.89375 0.24921875 0.02578125 0.0234375
16 0.88515625 0.325 0.021875 0.02734375
16 0.76640625 0.325 0.021875 0.02734375
16 0.65390625 0.321875 0.02421875 0.02734375
16 0.42890625 0.32109375 0.02265625 0.03046875
16 0.28671875 0.32109375 0.02421875 0.03046875
16 0.17578125 0.3203125 0.0234375 0.02890625
5 0.17265625 0.40703125 0.0265625 0.02734375
5 0.28515625 0.403125 0.02734375 0.0265625
5 0.42109375 0.4046875 0.0265625 0.02421875
5 0.546875 0.40390625 0.02578125 0.02265625
5 0.64375 0.4046875 0.02265625 0.02109375
5 0.76640625 0.4046875 0.02265625 0.021875
5 0.88203125 0.40390625 0.02265625 0.025
16 0.8796875 0.48671875 0.02265625 0.02578125
16 0.7578125 0.48828125 0.02734375 0.03203125
16 0.65 0.4890625 0.03203125 0.03359375
16 0.54453125 0.48984375 0.0265625 0.03046875
16 0.42578125 0.4875 0.0234375 0.03046875
16 0.28046875 0.48984375 0.025 0.03203125
16 0.1734375 0.48984375 0.02421875 0.03125
6 0.17890625 0.5765625 0.02890625 0.02890625
6 0.28046875 0.5765625 0.03515625 0.028125
6 0.43046875 0.5703125 0.03046875 0.02578125
6 0.55 0.57109375 0.0328125 0.02578125
6 0.65703125 0.56953125 0.03203125 0.02890625
6 0.76015625 0.56640625 0.0296875 0.02734375
6 0.88125 0.56328125 0.03125 0.025
24 0.88359375 0.6453125 0.03125 0.03203125
24 0.75546875 0.6453125 0.03203125 0.02578125
24 0.65234375 0.64921875 0.03671875 0.025
24 0.5453125 0.6515625 0.03203125 0.028125
24 0.41953125 0.6546875 0.03203125 0.0265625
24 0.278125 0.65859375 0.0296875 0.02578125
24 0.1828125 0.6609375 0.0265625 0.02578125
25 0.20546875 0.7453125 0.04375 0.025
25 0.30234375 0.7421875 0.0390625 0.021875
25 0.41015625 0.7390625 0.03828125 0.02265625
25 0.54609375 0.734375 0.0390625 0.02265625
25 0.6484375 0.73125 0.0375 0.01953125
25 0.74921875 0.72421875 0.03828125 0.01953125
25 0.87578125 0.72421875 0.03984375 0.02421875
23 0.87265625 0.80390625 0.03046875 0.02578125
23 0.74765625 0.80625 0.0375 0.02890625
23 0.65390625 0.809375 0.03515625 0.0265625
23 0.546875 0.8140625 0.028125 0.02578125
23 0.4078125 0.82109375 0.03125 0.03203125
23 0.30078125 0.82734375 0.03359375 0.03359375
23 0.1921875 0.83203125 0.02890625 0.034375