12 0.8890625 0.0765625 0.034375 0.04375
12 0.70703125 0.0734375 0.0328125 0.034375
12 0.52109375 0.08046875 0.028125 0.0390625
12 0.3375 0.084375 0.03125 0.0421875
12 0.1453125 0.084375 0.034375 0.0421875
13 0.15625 0.19765625 0.034375 0.028125
13 0.34140625 0.20390625 0.0375 0.0265625
13 0.528125 0.20625 0.034375 0.028125
13 0.71015625 0.20625 0.034375 0.021875
13 0.903125 0.2125 0.034375 0.0265625
14 0.90546875 0.31875 0.03125 0.025
14 0.71640625 0.3234375 0.0296875 0.01875
14 0.53125 0.3203125 0.034375 0.0203125
14 0.34921875 0.3171875 0.034375 0.0234375
14 0.16484375 0.3140625 0.034375 0.021875
15 0.17421875 0.40234375 0.0640625 0.01875
15 0.340625 0.39609375 0.05625 0.01875
15 0.52109375 0.40234375 0.05625 0.01875
15 0.70625 0.4109375 0.0515625 0.01875
15 0.88984375 0.3984375 0.05625 0.01875
12 0.90546875 0.51171875 0.028125 0.0390625
12 0.71796875 0.5296875 0.03125 0.0375
12 0.53203125 0.5265625 0.0375 0.0421875
12 0.36328125 0.51875 0.0265625 0.0375
12 0.18984375 0.52578125 0.025 0.0421875
13 0.1859375 0.6234375 0.028125 0.0234375
13 0.36875 0.628125 0.040625 0.025
13 0.54375 0.62109375 0.034375 0.021875
13 0.7203125 0.62734375 0.025 0.0203125
13 0.90625 0.63203125 0.0328125 0.025
14 0.9078125 0.72734375 0.028125 0.025
14 0.728125 0.7203125 0.0296875 0.021875
14 0.5484375 0.70859375 0.034375 0.021875
14 0.36796875 0.69765625 0.028125 0.021875
14 0.18984375 0.71796875 0.028125 0.028125
15 0.1796875 0.81015625 0.0625 0.0171875
15 0.36328125 0.77890625 0.06875 0.01875
15 0.5359375 0.79296875 0.0609375 0.0203125
15 0.71640625 0.81640625 0.059375 0.015625
15 0.89765625 0.81640625 0.059375 0.01875