16 0.1046875 0.90078125 0.0625 0.0265625
16 0.26484375 0.9125 0.05625 0.021875
16 0.45 0.91484375 0.0640625 0.021875
16 0.63828125 0.91953125 0.0625 0.021875
16 0.815625 0.92109375 0.0671875 0.021875
17 0.8078125 0.8296875 0.0515625 0.021875
17 0.6265625 0.82109375 0.046875 0.0171875
17 0.44375 0.8421875 0.0453125 0.025
17 0.26484375 0.8265625 0.0375 0.01875
17 0.1046875 0.81953125 0.040625 0.025
18 0.103125 0.734375 0.053125 0.028125
18 0.26015625 0.73359375 0.0421875 0.0328125
18 0.434375 0.74140625 0.04375 0.028125
18 0.61875 0.73828125 0.0453125 0.03125
18 0.8015625 0.753125 0.053125 0.034375
16 0.784375 0.6375 0.0640625 0.01875
16 0.61484375 0.63671875 0.0671875 0.021875
16 0.43828125 0.63203125 0.053125 0.021875
16 0.26796875 0.625 0.0640625 0.01875
16 0.109375 0.62421875 0.059375 0.0171875
17 0.096875 0.54375 0.034375 0.01875
17 0.26640625 0.56640625 0.034375 0.021875
17 0.43125 0.5375 0.040625 0.0265625
17 0.6125 0.55 0.04375 0.01875
17 0.78359375 0.56484375 0.040625 0.01875
18 0.7859375 0.4453125 0.0453125 0.028125
18 0.61328125 0.45078125 0.0484375 0.0265625
18 0.440625 0.45 0.046875 0.025
18 0.2578125 0.4640625 0.04375 0.021875
16 0.26875 0.365625 0.059375 0.01875
16 0.10234375 0.35390625 0.053125 0.025
16 0.44609375 0.35625 0.05625 0.021875
16 0.784375 0.346875 0.059375 0.021875
17 0.78203125 0.275 0.0375 0.01875
17 0.615625 0.28046875 0.0421875 0.021875
17 0.43515625 0.2796875 0.040625 0.021875
17 0.26640625 0.28671875 0.040625 0.0203125
17 0.09375 0.27734375 0.040625 0.025
18 0.10390625 0.2015625 0.053125 0.028125
18 0.26796875 0.20703125 0.04375 0.03125
18 0.4421875 0.1875 0.046875 0.03125
18 0.61953125 0.18828125 0.046875 0.0328125
18 0.77734375 0.19453125 0.0484375 0.0296875