0 0.0971054265625 0.032675525 0.07704628125 0.08457369218750001 0.1186835265625 0.07726621875 0.1335906953125 0.032964614062499994 0.0971054265625 0.032675525
30 0.1741998453125 0.1329857609375 0.196046546875 0.0740691921875 0.21506603281249997 0.0544303328125 0.2104396640625 0.039815378125 0.14241272656249998 0.058953045312499994 0.119711609375 0.083660253125 0.110972925 0.1503410234375 0.151582096875 0.166782846875 0.1741998453125 0.1329857609375
76 0.2024720484375 0.14942761875 0.21840730156250002 0.0950781921875 0.23459955 0.0507766140625 0.21503293750000002 0.045814284375 0.18807893125 0.0800065171875 0.1685454140625 0.14897087343749998 0.1847376625 0.157648496875 0.2024720484375 0.14942761875
69 0.2402638171875 0.1329857609375 0.24566123437499998 0.09690506875 0.240520834375 0.0822901046875 0.23229618125 0.08457369218750001 0.2104494796875 0.11426033124999999 0.200939746875 0.155364909375 0.22432856406249999 0.1603888125 0.2402638171875 0.1329857609375
84 0.29412369374999997 0.14942761875 0.307231709375 0.1023856828125 0.294380709375 0.09005430625000001 0.2587335953125 0.095513071875 0.24734605781250002 0.10877971718749999 0.24400478906249998 0.13481262031250002 0.2424626734375 0.1603888125 0.29412369374999997 0.14942761875
90 0.338331128125 0.1023856828125 0.335246896875 0.08731400781250001 0.31648442656250003 0.09553492031250001 0.3000351609375 0.12476483125 0.29720792500000004 0.1521678828125 0.3223958953125 0.1503410234375 0.338331128125 0.1023856828125
101 0.33750622343750003 0.15887725625 0.35498359218750003 0.1447190015625 0.3601239921875 0.1013308546875 0.35858185625 0.08534572343749999 0.348044040625 0.088999478125 0.33467900625 0.120056265625 0.3225990546875 0.151569765625 0.32619733906250004 0.1616175546875 0.33750622343750003 0.15887725625
108 0.3799145265625 0.15796385156249998 0.39456465937499996 0.1186861171875 0.4015042125 0.06570687343750001 0.395335728125 0.053375496875 0.380838375 0.059524295312499996 0.365778425 0.0830621359375 0.35498359218750003 0.10041741562499999 0.351642325 0.15431008125 0.3799145265625 0.15796385156249998
50 0.44159933125000006 0.104071153125 0.45445033125 0.0611396984375 0.44930993125 0.043784434375 0.4362019140625 0.051091909375 0.4344027625 0.051091909375 0.40201824375 0.0972203890625 0.39276552656249997 0.15293993125 0.4220658140625 0.157050378125 0.44159933125000006 0.104071153125
69 0.4668065046875 0.10191622812500001 0.4696337203125 0.0772534921875 0.45345858437500003 0.077804309375 0.43776323437500003 0.11333416562500001 0.42928156562500003 0.1576357703125 0.45472655156249997 0.151241734375 0.4668065046875 0.10191622812500001
37 0.48505492187500004 0.1558089109375 0.50535950625 0.10511325468749999 0.5043314234375 0.082277378125 0.49379360625 0.0795370796875 0.49148042187499996 0.0900415796875 0.47066180468749996 0.09141172812500001 0.45626866718750003 0.13297303437500002 0.45575463593750004 0.15398206875 0.48505492187500004 0.1558089109375
112 0.544169525 0.0813639390625 0.5194956078125 0.08730128125 0.507672671875 0.09186845625 0.49430763750000006 0.15443874375 0.5207807078125 0.15626565625 0.5405712421875 0.1083102796875 0.544169525 0.0813639390625
108 0.5284913078125 0.1471313046875 0.5472537578125001 0.148044709375 0.56370304375 0.0909550171875 0.5734697921875 0.0685758515625 0.5755259609375 0.046196703125 0.56528085625 0.0480992859375 0.553936275 0.0644654046875 0.540057209375 0.0754266140625 0.5446835578125 0.086844553125 0.5284913078125 0.1471313046875
71 0.5960875609375 0.10511325468749999 0.6143359984375001 0.043913115625 0.592915096875 0.052669290625 0.544169525 0.19737021562499998 0.550080975 0.2147254609375 0.5760399921875 0.1946298828125 0.5960875609375 0.10511325468749999
80 0.5896620609375 0.063551965625 0.577491334375 0.057239293749999996 0.544169525 0.145761121875 0.5544503265625 0.1535253234375 0.56627324375 0.13251630625 0.5896620609375 0.063551965625
112 0.6019990296875 0.09141172812500001 0.5832365609375 0.14987156875000002 0.6266729671875 0.15215515625 0.6374678 0.08273410625 0.6019990296875 0.09141172812500001
83 0.6497902171875001 0.042958032812500005 0.6275888375 0.1558089109375 0.6610014390625001 0.143477534375 0.6774507437499999 0.045739975 0.6497902171875001 0.042958032812500005
108 0.6790101234375 0.1535253234375 0.69905769375 0.137540209375 0.7214184265625 0.0685758515625 0.7234745953124999 0.047566853125 0.7113946421875 0.0539608875 0.6988006765625 0.0754266140625 0.6810662921875 0.0886714296875 0.6877488078125 0.1028296671875 0.6790101234375 0.1535253234375
76 0.7530318968749999 0.0489370015625 0.7455783125 0.0315817296875 0.7291583234375001 0.045243034375000005 0.695459409375 0.14621783125 0.7270728796875 0.150328296875 0.744036196875 0.0904982890625 0.7530318968749999 0.0489370015625
80 0.7579152812500001 0.048480290625 0.7500446671875001 0.054954292187499997 0.7247596953125 0.15626565625 0.75148978125 0.143477534375 0.7712803140625 0.06263852812500001 0.7579152812500001 0.048480290625
89 0.7967253000000001 0.082277378125 0.7651471 0.0852305640625 0.7460923453125 0.15169848125000002 0.78695853125 0.146674559375 0.7931270359375 0.10145951718749999 0.7967253000000001 0.082277378125
72 0.7902998 0.21061499687500002 0.8332221359374999 0.14987156875000002 0.8345072359374999 0.10237295625000001 0.8345072359374999 0.080907228125 0.8103473687499999 0.07588334218750001 0.7838743 0.1215550953125 0.7867015359375 0.14850141875 0.7656258828125 0.19371646250000002 0.7902998 0.21061499687500002
80 0.8809812718750001 0.055331054687500006 0.8625095953124999 0.05781054375 0.8396010328125 0.1215550953125 0.853737134375 0.1448477171875 0.8742987359375001 0.10465654375 0.8809812718750001 0.055331054687500006
89 0.8772907 0.07894680937500001 0.860933703125 0.150328296875 0.9069402906249999 0.148044709375 0.9133657906250001 0.07588334218750001 0.8772907 0.07894680937500001
83 0.1523953421875 0.2910909765625 0.17140023124999998 0.25302167343750004 0.16915419375000001 0.23982020781250002 0.15049485625 0.23675010156249998 0.11835930624999999 0.29907325937499996 0.11386724374999999 0.3448178328125 0.1358092609375 0.3500370390625 0.1523953421875 0.2910909765625
71 0.18746799375 0.2877138640625 0.20595457499999997 0.24135526093749998 0.18539473906249998 0.2425833015625 0.138746375 0.391483459375 0.1371914265625 0.4105181078125 0.16362550468749998 0.3927114828125 0.18746799375 0.2877138640625
80 0.177101690625 0.257319809375 0.16362550468749998 0.2576268328125 0.140301321875 0.323020084375 0.1409924125 0.349730009375 0.1579240328125 0.3313093734375 0.177101690625 0.257319809375
69 0.21614809687499997 0.29508211093750003 0.2042268578125 0.268679203125 0.1901236421875 0.28385346562499997 0.17796555 0.30981862968749996 0.1776200109375 0.3469669328125 0.2011169625 0.34880896875 0.21614809687499997 0.29508211093750003
80 0.2729900078125 0.27389838593750004 0.278518696875 0.248109490625 0.261619809375 0.2500613859375 0.22910597500000002 0.332844425 0.2346346921875 0.355563203125 0.25433065625 0.334379478125 0.2729900078125 0.27389838593750004
101 0.2836268609375 0.3122747125 0.2846635015625 0.2754334390625 0.2720511609375 0.2772754984375 0.25702001406249997 0.31872193125 0.250800234375 0.36047538125 0.2755065953125 0.3460458796875 0.2836268609375 0.3122747125
108 0.3103303546875 0.33805504218750004 0.33624611249999997 0.27634591406250003 0.3405654046875 0.2511710421875 0.330717409375 0.24349577656250002 0.322424375 0.2566972359375 0.3015189859375 0.2702057015625 0.29357148906249997 0.3125731640625 0.29357148906249997 0.355861665625 0.3103303546875 0.33805504218750004
90 0.335209471875 0.3451162953125 0.35300497656249996 0.3064329515625 0.35715148750000003 0.2870912859375 0.3360733296875 0.2766529203125 0.32035110625 0.30274882187499996 0.308948175 0.3349849359375 0.3137857890625 0.3509494890625 0.335209471875 0.3451162953125
101 0.40619507656250003 0.29200345 0.40567675625 0.2720477609375 0.3937555046875 0.27603890781249996 0.371986271875 0.3147222640625 0.3695674640625 0.34235321875 0.394273825 0.3371340125 0.40619507656250003 0.29200345
69 0.4336657828125 0.2671355953125 0.413468165625 0.273485440625 0.3961743125 0.32454658125 0.4143153421875 0.347265359375 0.4277915421875 0.2913894390625 0.4336657828125 0.2671355953125
69 0.453016209375 0.3116521578125 0.45422560624999997 0.290161390625 0.44956077499999997 0.2686706484375 0.4379850765625 0.2671355953125 0.4276187734375 0.29046839687500003 0.418461865625 0.332528853125 0.4347024109375 0.338669065625 0.453016209375 0.3116521578125
37 0.51491889375 0.3042030890625 0.513882253125 0.270738928125 0.4864763359375 0.27732545000000003 0.46291459531249995 0.319860625 0.46446954375000005 0.3462635453125 0.5059347562500001 0.33521115625000003 0.51491889375 0.3042030890625
91 0.5599837078125 0.3309130140625 0.567585665625 0.28117729375 0.5572193624999999 0.261835628125 0.5422044671874999 0.27233343906249996 0.52456550625 0.3011329828125 0.5102254484375 0.39108710156250004 0.5302669640625 0.3775786296875 0.5599837078125 0.3309130140625
69 0.5931640484375 0.28940004375 0.5895358453124999 0.2722074546875 0.5759005453125 0.2727174390625 0.563965625 0.30720665625 0.5574003078125 0.33882874687500003 0.5748502484375 0.34251287656249996 0.5931640484375 0.28940004375
99 0.6092318234375 0.2823388015625 0.601802634375 0.2706724015625 0.595064534375 0.27343548906250004 0.5769235046875 0.3317675046875 0.590054165625 0.3517231953125 0.6031848140625 0.3154959453125 0.6092318234375 0.2823388015625
101 0.6313465953125 0.290935096875 0.6297916609375 0.272514459375 0.613916634375 0.2765574484375 0.5992110578125 0.3339166046875 0.6021481859375 0.3498811359375 0.619252575 0.34650401249999996 0.6313465953125 0.290935096875
90 0.658990084375 0.2933911796875 0.6598539421875 0.2740495125 0.65346139375 0.266988265625 0.64188568125 0.27128641249999996 0.62581790625 0.293698196875 0.6254723671875 0.34128484062500003 0.6513881125000001 0.3339166046875 0.658990084375 0.2933911796875
89 0.687324634375 0.26299714218750003 0.6674558875 0.2761985890625 0.64931485625 0.3385217640625 0.693889965625 0.3369867109375 0.703046871875 0.28602293125 0.687324634375 0.26299714218750003
117 0.6934385421875 0.38795045625 0.7051870250000001 0.399923875 0.7276473484375 0.372599925 0.755118040625 0.2761985890625 0.7454428281250001 0.260541046875 0.7241919140624999 0.2737425078125 0.7138256109375 0.27988271875000004 0.706569190625 0.3151889390625 0.697412296875 0.35909145468750003 0.6934385421875 0.38795045625
90 0.7765417375 0.28970704999999997 0.775505109375 0.2694443546875 0.7613378328125 0.27343548906250004 0.7582279375 0.27711961875 0.7395685859375 0.30229449062499997 0.7430240203125 0.335758640625 0.7587462578124999 0.3391357640625 0.7765417375 0.28970704999999997
112 0.8173158734375001 0.2682163125 0.8021119562499999 0.2645321953125 0.7818976578125 0.2746635359375 0.771185815625 0.3032155203125 0.7649660375 0.3333025578125 0.8104050046875001 0.3274693640625 0.8173158734375001 0.2682163125
83 0.8568973671875 0.26299714218750003 0.8612166609375 0.2286119453125 0.8487771015625001 0.22615586875 0.8391018890625 0.24119937500000002 0.8130133484375 0.30904872656250004 0.8175054234375001 0.3339166046875 0.83443704375 0.32132915156249997 0.8568973671875 0.26299714218750003
90 0.867781990625 0.308434703125 0.8683002984374999 0.2737425078125 0.8632899296875 0.2688303296875 0.8563790609374999 0.2676023015625 0.8391018890625 0.2949262328125 0.8351281343749999 0.3274693640625 0.85240530625 0.3314605 0.867781990625 0.308434703125
114 0.8718212390625 0.2642694203125 0.862771609375 0.3274693640625 0.8824675875000001 0.3308464984375 0.904582371875 0.269751359375 0.8718212390625 0.2642694203125
69 0.9237600171875 0.26238310625 0.9065973203125001 0.26311741718750004 0.8914517109375 0.3204081109375 0.908901665625 0.32992544687500003 0.9332624624999999 0.28940004375 0.9237600171875 0.26238310625
101 0.16179383593750002 0.5182778140625001 0.1679178109375 0.478302571875 0.1585443671875 0.4629787203125 0.113551846875 0.5309366359375 0.11742620156250001 0.5467046546875001 0.1476711765625 0.55025800625 0.16179383593750002 0.5182778140625001
84 0.22607544218750003 0.4776363109375 0.19683029531250001 0.46964126093749997 0.1687099640625 0.47674796875 0.1553371796875 0.5464825640625001 0.1912062296875 0.5558101234375 0.216951953125 0.5336016531250001 0.22607544218750003 0.4776363109375
80 0.250327634375 0.44299109531249997 0.2317057234375 0.45276283125 0.21470854843749998 0.53560041875 0.232080665625 0.5447058890625 0.24132913125000002 0.49184973125000003 0.250327634375 0.44299109531249997
83 0.25829804375 0.5074382921875 0.28191913281250003 0.45213919843749995 0.2877931546875 0.428376134375 0.27342053125 0.424378609375 0.264874996875 0.4295 0.241675809375 0.485451903125 0.22930286249999998 0.53653139375 0.24580011875 0.5418614125000001 0.25829804375 0.5074382921875
80 0.286144203125 0.49189236249999996 0.2983921734375 0.45036251875 0.28989358125 0.4425895578125 0.2752710125 0.45458213125 0.2696469453125 0.4707943171875 0.252774746875 0.516543778125 0.2566491015625 0.5385301421875 0.2670223734375 0.53542096875 0.286144203125 0.49189236249999996
89 0.30164163125 0.469905975 0.2888937421875 0.47146056875 0.2717715890625 0.539196403125 0.3072656984375 0.5383080609374999 0.3237629546875 0.47967770468750004 0.30164163125 0.469905975
72 0.2886168734375 0.60517893125 0.3138626875 0.6105089671874999 0.3447325578125 0.5818600375 0.368978534375 0.5589853140625001 0.36685389062499996 0.536998934375 0.358605253125 0.520786753125 0.362104675 0.4856973671875 0.360604928125 0.46904101562499995 0.34298284687499997 0.4650434875 0.32909374687500004 0.48172222187499997 0.3161123078125 0.5016874640625 0.3087385296875 0.53233515 0.2906165390625 0.5769741796875001 0.2886168734375 0.60517893125
68 0.372103015625 0.491915746875 0.3634794546875 0.4939144984375 0.353231140625 0.51434629375 0.363729409375 0.5316688984375 0.3746026 0.5056849859375 0.372103015625 0.491915746875
11 0.43354316718749997 0.5475596984375 0.45200690000000004 0.5063300109375 0.46671252343749997 0.4572608734375 0.4709608125 0.4250320375 0.43452353906249996 0.4235802875 0.40854360156249997 0.428806584375 0.382563675 0.4677134828125 0.37913235312500004 0.505749309375 0.3799493328125 0.531590453125 0.43354316718749997 0.5475596984375
89 0.479454028125 0.53492040625 0.49682614531249997 0.47340295 0.4884525296875 0.46296496875 0.47034374687499997 0.46699999999999997 0.45558299375000005 0.4749575453125 0.45158365156249997 0.504494809375 0.44733435468750005 0.5362529281249999 0.479454028125 0.53492040625
64 0.5369444828125001 0.4938347453125 0.55706615 0.4198805390625 0.5390691265625 0.4227676359375 0.516822815625 0.44786320625 0.5032000859375 0.4636312203125 0.4875776796875 0.505161078125 0.48182863593749997 0.5342541625 0.517947640625 0.529368296875 0.5369444828125001 0.4938347453125
69 0.570805825 0.532255396875 0.5900526312500001 0.47629004999999996 0.5866781953125 0.460744121875 0.575812496875 0.4631111109375 0.5621822562500001 0.4749575453125 0.5479346234375 0.5093806734374999 0.550059271875 0.534698325 0.570805825 0.532255396875
114 0.620385496875 0.4621050984375 0.5880316484375 0.46728455 0.579141628125 0.5302148828125001 0.5941526421875001 0.5307328390625 0.6211141875 0.47971523125 0.620385496875 0.4621050984375
69 0.6371453765624999 0.4929228390625 0.6470555703125 0.4636589296875 0.638748503125 0.455630784375 0.6266522390625 0.45873845781249994 0.61105826875 0.5056124890625 0.6120784312499999 0.5312507765625 0.6288383093750001 0.5268482515625 0.6371453765624999 0.4929228390625
89 0.6613378953125 0.45045133281250005 0.651719184375 0.4564077 0.6326274984375 0.5268482515625 0.6792636828124999 0.5201149484375 0.6865505859375001 0.47091017031250004 0.6613378953125 0.45045133281250005
84 0.7650147125 0.45799923124999997 0.74461138125 0.447122375 0.7046791453125001 0.45825819531249995 0.6912712359375 0.48363750625 0.690834028125 0.5250731171874999 0.7536471375 0.5271448953125 0.7650147125 0.45799923124999997
90 0.7943080640625 0.482860590625 0.796931353125 0.45178388125 0.78818706875 0.44375573125 0.778276875 0.4458275125 0.756270428125 0.4846733953125 0.7583107515624999 0.518598803125 0.7810458890625 0.5167859921875 0.7943080640625 0.482860590625
99 0.8189377906249999 0.45463258125 0.8123795765624999 0.44556854375 0.8007205296875 0.4523018234375 0.7842521453125 0.5196346968750001 0.8048012015625 0.5250731171874999 0.81660599375 0.5084988781249999 0.8189377906249999 0.45463258125
69 0.8583982984375 0.4846733953125 0.849508265625 0.448676209375 0.8359546203124999 0.4445326484375 0.8256072296875001 0.4489351828125 0.8155512890625 0.48622723125 0.82385835625 0.5108296250000001 0.8442616859375001 0.49529127187500005 0.8583982984375 0.4846733953125
50 0.184082771875 0.6590560828124999 0.1948992046875 0.6273199125 0.160449315625 0.6335508359375 0.12220275 0.7301271953125 0.12924601093750002 0.7573934671875 0.17100245 0.733703096875 0.184082771875 0.6590560828124999
69 0.20169090625 0.7010729625 0.20747644375 0.6724657296875 0.1948992046875 0.6590560828124999 0.17452406250000002 0.686322390625 0.172511715625 0.733703096875 0.1933899203125 0.7475597406250001 0.20169090625 0.7010729625
37 0.2333855453125 0.7256573125 0.24797514999999998 0.6621849875 0.232630921875 0.654139203125 0.2227169859375 0.660945815625 0.203200171875 0.6849813953125 0.193893021875 0.7287862671875 0.211752696875 0.7489007359375 0.2333855453125 0.7256573125
112 0.2834429609375 0.66576090625 0.2769028 0.6630789671875 0.25325758593750003 0.663972946875 0.23388864531250003 0.722975390625 0.24847823125000001 0.7475597406250001 0.27262652656249997 0.7256573125 0.2834429609375 0.66576090625
108 0.2689254859375 0.735044075 0.2935768828125 0.7243163859374999 0.309675753125 0.6706777703125 0.3184798203125 0.6469873984375 0.31948598281249996 0.6300018515625 0.30539947968750003 0.6331307546875 0.2976015953125 0.6447524578125 0.280748103125 0.6653139078125 0.281502725 0.6791705515625 0.2689254859375 0.735044075
71 0.3497382671875 0.6711247515625 0.3635732296875 0.6246379906249999 0.342695025 0.6295548531249999 0.336657946875 0.636706675 0.294901515625 0.7828718140625 0.317540546875 0.7864476984375 0.342695025 0.7256573125 0.3497382671875 0.6711247515625
80 0.3321278359375 0.6313428125 0.318292871875 0.6384946171875 0.291126046875 0.72521033125 0.3089857234375 0.733703096875 0.3281031234375 0.6729127109374999 0.3321278359375 0.6313428125
112 0.3570330703125 0.6572681234375 0.3338909578125 0.7363850359375 0.3746412046875 0.7220814453125 0.3914947171875 0.6465404015625 0.3570330703125 0.6572681234375
83 0.4226862546875 0.61748616875 0.40205958906249994 0.6241909921875 0.36810104374999997 0.7341500953125 0.40306575312500004 0.7341500953125 0.4231893359375 0.6630789671875 0.4226862546875 0.61748616875
80 0.48758974843749997 0.6409461234375 0.479831546875 0.629248803125 0.4690170734375 0.6334264187499999 0.435868334375 0.711547828125 0.443861646875 0.7295115703125 0.46737138125 0.7123833375 0.48758974843749997 0.6409461234375
101 0.48335800781250005 0.731600378125 0.499109521875 0.6998504921875 0.4972287546875 0.6660118140625 0.48782486093750005 0.6455414937499999 0.47230842187500005 0.6689361484375 0.4678415875 0.6973439609375001 0.45937806875 0.7286760765625 0.48335800781250005 0.731600378125
108 0.5430842515625 0.6622519546875 0.5527232375 0.6175514843750001 0.5421438578125 0.6217290984375 0.5202797984374999 0.6447059828125 0.4991210375 0.7199030578125 0.5235711640625 0.7207385687500001 0.5430842515625 0.6622519546875
76 0.5816402 0.6350974546875 0.586107053125 0.60877848125 0.57247141875 0.597498925 0.5617407937500001 0.6062338265625 0.52545195 0.7190675328125 0.5553093046875001 0.7236629031249999 0.5696502390625 0.70068601875 0.5816402 0.6350974546875
37 0.6171398953125 0.66308748125 0.6105571796875 0.6476303015625 0.595275853125 0.6367685078124999 0.5708257265625 0.6806335 0.5649482921875 0.7236629031249999 0.603504259375 0.7173964796875001 0.6171398953125 0.66308748125
108 0.6045120671875 0.714054421875 0.6350747218749999 0.7215740953124999 0.6463593828125 0.6835578015625 0.6520017234375 0.64178165 0.653882509375 0.6112850609375 0.6414223421874999 0.6096140078125 0.6277866890625 0.6355152265624999 0.6169722156249999 0.6447059828125 0.6110947828125 0.667265096875 0.6045120671875 0.714054421875
117 0.6518418500000001 0.7725410203124999 0.6767621640625 0.77086996875 0.6972156265625 0.7169787249999999 0.7157883203125001 0.6388573156249999 0.6882819375 0.637604034375 0.680288625 0.6334264187499999 0.6600702578125001 0.6681006218750001 0.6588947703125 0.7136366359374999 0.6504312515625 0.742462171875 0.6518418500000001 0.7725410203124999
90 0.7383623453125 0.68857094375 0.7444748718749999 0.6409461234375 0.7235512234375 0.6384395609375 0.7228459234375 0.6476303015625 0.7103857578125 0.669353903125 0.7014520703125 0.71113005625 0.7190843703125 0.7228273765625 0.7383623453125 0.68857094375
112 0.78514671875 0.6584921109375 0.781620259375 0.6359329812500001 0.7592860124999999 0.6388573156249999 0.7465907515625 0.6388573156249999 0.7336603984375001 0.6894064546875 0.744004684375 0.730347096875 0.771275971875 0.716560953125 0.78514671875 0.6584921109375
37 0.8210063828124999 0.711547828125 0.8348771296875 0.68898873125 0.8405194515625001 0.6350974546875 0.819125596875 0.637604034375 0.7883278484375 0.68188675 0.7833908078125 0.7090412500000001 0.7984370421875 0.7098768078125001 0.8210063828124999 0.711547828125
99 0.8616782109375001 0.6300843296874999 0.8494531578125001 0.6388573156249999 0.8235924499999999 0.7090412500000001 0.8478074828125 0.7148899171875 0.8623835109375 0.6635052515625001 0.8616782109375001 0.6300843296874999
69 0.8969428125000001 0.6488835984375 0.8703768421875001 0.6380217890625001 0.8550955140625 0.6793801875 0.8637941093749999 0.7144721453125 0.8983534109375 0.689824225 0.8969428125000001 0.6488835984375
108 0.15099104531250002 0.937919471875 0.161592234375 0.9513295640624999 0.175787046875 0.9395159140624999 0.1863882359375 0.903117003125 0.1991455921875 0.8596937812500001 0.20166113125 0.8383014531249999 0.192677075 0.8398978953125 0.17614640312500002 0.8619287953124999 0.16069382968749998 0.8782125078125 0.156022121875 0.9056713203125 0.15099104531250002 0.937919471875
76 0.1818962078125 0.93919660625 0.18746631875 0.9427087984375 0.20669219375 0.94207019375 0.22340254375000002 0.924190046875 0.2284336078125 0.88715258125 0.2350818171875 0.8453258015625 0.23400373281250003 0.823614190625 0.22555871249999998 0.8165898390624999 0.2161473515625 0.8255522078125 0.2002236765625 0.8622480859375001 0.190700571875 0.890345465625 0.18045875312499998 0.9254672046874999 0.1818962078125 0.93919660625
69 0.25987781875 0.9209971625 0.2587997203125 0.8663988390625 0.24819854531250002 0.8549044546875001 0.2428081109375 0.8644831078124999 0.221965090625 0.8973698140625 0.21657465625 0.93823873125 0.23921447499999998 0.9427087984375 0.25987781875 0.9209971625
99 0.3106600234375 0.9085449078125001 0.32341739375 0.8491572578125 0.3088632109375 0.8443679375 0.2828094484375 0.8928997828125 0.2813720078125 0.9120570890625 0.29664490312499997 0.93919660625 0.3106600234375 0.9085449078125001
69 0.33401856875 0.9254672046874999 0.34390103125000004 0.87629678125 0.3367137859375 0.8536273015625 0.3268313234375 0.8590552015625 0.3144333375 0.8849175718750001 0.3061679953125 0.9219550249999999 0.31533174375 0.9312143953125 0.33401856875 0.9254672046874999
37 0.365462765625 0.9347265874999999 0.37300938125 0.8944962249999999 0.38576675312500003 0.8472415328125 0.375884290625 0.8491572578125 0.35881457031249997 0.8612902234375 0.3386902890625 0.88906831875 0.3307843171875 0.9209971625 0.3404871 0.9360037218749999 0.365462765625 0.9347265874999999
101 0.396913675 0.914597553125 0.4030228359375 0.8718128984375 0.4049993265625 0.846908403125 0.3927810171875 0.8379683234374999 0.39046698125 0.84591945 0.374992584375 0.8794758265624999 0.3712192828125 0.9206640265624999 0.3778674796875 0.9363091890625 0.396913675 0.914597553125
90 0.434646725 0.878837246875 0.4357247953125 0.847866265625 0.41585115312500004 0.8523091734375001 0.3987104875 0.890650921875 0.404460290625 0.9299234203125 0.42350650156249997 0.9171518828125 0.434646725 0.878837246875
89 0.47004390156250003 0.840522634375 0.44129492187499997 0.8526555921875 0.42674073906250004 0.9213026062499999 0.47022359375 0.9193868796875 0.479746671875 0.8756443624999999 0.47004390156250003 0.840522634375
50 0.5211889937499999 0.912092753125 0.5383309734374999 0.862137 0.5481019109374999 0.81248584375 0.5414165359374999 0.8018245531250001 0.525988753125 0.8057844703124999 0.493761825 0.877976621875 0.49650455156250006 0.9163572734375001 0.5139893671875 0.9178803156249999 0.5211889937499999 0.912092753125
69 0.56352969375 0.8435558859375 0.5587299328124999 0.8368545078125 0.546044865625 0.8386821531249999 0.5290743140624999 0.8788904562500001 0.5331883796875 0.920317203125 0.550501790625 0.903563746875 0.56352969375 0.8435558859375
76 0.6048418765625 0.8149227187499999 0.5978136546874999 0.7942093484375 0.5801809328124999 0.802454090625 0.550501790625 0.8837641843749999 0.5491304265625 0.9251909078124999 0.5817001890625 0.9145296171874999 0.6048418765625 0.8149227187499999
80 0.621393340625 0.833808425 0.6157364828125 0.8152273171875001 0.606651240625 0.82223330625 0.6054512937500001 0.8219287015625 0.580595421875 0.895948515625 0.58848073125 0.9206217828125001 0.6052798765625 0.90325911875 0.621393340625 0.833808425
89 0.649506178125 0.829543903125 0.61982834375 0.8394107171874999 0.6008229640625 0.9175757000000001 0.625164571875 0.9163572734375001 0.6445350140625 0.8764535796875 0.649506178125 0.829543903125
64 0.6796836171875 0.9157480781249999 0.6973398625 0.8660969046875 0.70333955625 0.8133996781249999 0.69493996875 0.7911632656250001 0.6776265718750001 0.8155319265625 0.674198175 0.8353314656249999 0.65791329375 0.846906584375 0.6409427437499999 0.8871148703125 0.644199709375 0.913920409375 0.6796836171875 0.9157480781249999
80 0.7263669234375 0.8941208703125 0.7345950796875 0.8587863015625 0.741280440625 0.8152273171875001 0.7330522984375001 0.8115720156249999 0.7267097578125 0.812790453125 0.70836784375 0.861223165625 0.701339634375 0.8992992140625 0.7119676562499999 0.9087420671875 0.7263669234375 0.8941208703125
108 0.76767909375 0.8581770828125 0.7757358187500001 0.795732390625 0.7623650828125 0.794818559375 0.752594159375 0.7990830734375 0.736137846875 0.8438605078125001 0.727224021875 0.907523628125 0.7534512578125 0.9038683390625 0.76767909375 0.8581770828125
68 0.7798499109375 0.8788904562500001 0.77436446875 0.8709706328125 0.768364775 0.8721890703125 0.76099371875 0.880413496875 0.763565015625 0.9044775453125 0.7731645359375 0.8996038171875 0.7798499109375 0.8788904562500001
0 0.8225334312499999 0.8012153453125 0.811562575 0.7878125671875 0.79887749375 0.7942093484375 0.7865352718749999 0.8344176375 0.7942491640625 0.8502572718750001 0.8220191671875 0.8423374656249999 0.8225334312499999 0.8012153453125