15 0.059375 0.51484375 0.096875 0.13125
7 0.16796875 0.44921875 0.06953125 0.13515625
14 0.24375 0.48046875 0.05390625 0.06484375
18 0.3203125 0.47421875 0.0609375 0.07421875
15 0.35859375 0.51328125 0.1 0.1375
7 0.4515625 0.4578125 0.06953125 0.1171875
0 0.54921875 0.47890625 0.0609375 0.0625
19 0.64765625 0.43984375 0.07734375 0.125
8 0.70703125 0.45546875 0.0578125 0.09765625
25 0.75859375 0.471875 0.05390625 0.0625
8 0.83125 0.4546875 0.05234375 0.0953125
13 0.89609375 0.46953125 0.06171875 0.0625
6 0.93671875 0.51015625 0.11640625 0.15625