37 0.09609375 0.2140625 0.10390625 0.13203125
37 0.2140625 0.2171875 0.08828125 0.128125
37 0.325 0.21875 0.090625 0.13359375
50 0.42734375 0.13828125 0.0984375 0.2765625
56 0.54765625 0.209375 0.06328125 0.1375
64 0.6796875 0.1609375 0.10625 0.25
69 0.07265625 0.53828125 0.084375 0.13359375
69 0.1921875 0.53515625 0.0984375 0.121875
72 0.31640625 0.61328125 0.06796875 0.2984375
76 0.43671875 0.45703125 0.11484375 0.284375
80 0.55390625 0.52265625 0.0625 0.1734375
82 0.69375 0.45703125 0.1375 0.2984375
83 0.84765625 0.44921875 0.07421875 0.28984375
84 0.11015625 0.85546875 0.16015625 0.153125
89 0.30625 0.8609375 0.11796875 0.153125
90 0.42421875 0.8734375 0.06953125 0.13046875
90 0.540625 0.87578125 0.08359375 0.12890625
95 0.91015625 0.903125 0.07890625 0.19375
64 0.865625 0.15546875 0.10625 0.24140625