37 0.11796875 0.525 0.06953125 0.128125
64 0.18671875 0.5234375 0.06796875 0.13671875
114 0.25703125 0.5390625 0.06171875 0.08984375
69 0.328125 0.546875 0.06328125 0.08828125
69 0.63046875 0.5546875 0.05859375 0.0890625
69 0.8 0.5625 0.05546875 0.07421875
99 0.3984375 0.5453125 0.059375 0.08203125
108 0.46328125 0.5375 0.05859375 0.103125
108 0.94453125 0.55859375 0.075 0.1015625
80 0.51171875 0.54140625 0.0375 0.08359375
101 0.56484375 0.5546875 0.06171875 0.06875
84 0.7203125 0.5671875 0.08984375 0.07890625
89 0.86953125 0.565625 0.0640625 0.07421875