10 0.54296875 0.04375 0.0140625 0.0234375
3 0.19921875 0.25390625 0.0125 0.01875
3 0.2171875 0.2546875 0.0109375 0.01875
3 0.6625 0.2546875 0.0125 0.01875
6 0.42421875 0.2546875 0.0125 0.0203125
2 0.43828125 0.2546875 0.0078125 0.01875
6 0.6453125 0.2546875 0.0109375 0.01875
2 0.046875 0.846875 0.0078125 0.021875
3 0.05859375 0.846875 0.0140625 0.021875
4 0.0796875 0.846875 0.0125 0.021875
1 0.09453125 0.846875 0.0140625 0.021875
2 0.21953125 0.84609375 0.0078125 0.0203125
9 0.23203125 0.84609375 0.0140625 0.021875
3 0.2578125 0.846875 0.0140625 0.021875
3 0.2859375 0.846875 0.0140625 0.0234375
3 0.05703125 0.94453125 0.015625 0.0234375
1 0.27265625 0.846875 0.015625 0.0234375
2 0.296875 0.846875 0.0078125 0.021875
5 0.071875 0.94453125 0.0125 0.021875
5 0.50390625 0.94375 0.015625 0.0234375
2 0.08359375 0.94375 0.009375 0.021875
2 0.4578125 0.94375 0.0109375 0.021875
4 0.478125 0.94453125 0.015625 0.0234375
9 0.23984375 0.94375 0.015625 0.021875
8 0.2546875 0.94453125 0.0140625 0.021875
2 0.48984375 0.94375 0.0109375 0.0234375