5 0.29765625 0.23046875 0.021875 0.0390625
0 0.31953125 0.2296875 0.0234375 0.0390625
3 0.00390625 0.69609375 0.0078125 0.0265625
3 0.24609375 0.95234375 0.0109375 0.028125
2 0.01484375 0.69453125 0.015625 0.025
2 0.15625 0.7 0.015625 0.0265625
2 0.0046875 0.8046875 0.009375 0.0359375
2 0.2078125 0.80859375 0.01875 0.0359375
2 0.22578125 0.81015625 0.01875 0.0359375
2 0.4265625 0.95625 0.015625 0.0265625
9 0.090625 0.696875 0.0171875 0.0265625
0 0.17109375 0.7 0.015625 0.028125
1 0.184375 0.6984375 0.0140625 0.0265625
1 0.2265625 0.9515625 0.015625 0.0296875
9 0.01953125 0.80546875 0.01875 0.0359375
9 0.18125 0.81015625 0.021875 0.0359375
0 0.0375 0.80625 0.021875 0.034375
8 0.24453125 0.81015625 0.01875 0.034375
9 0.04140625 0.94765625 0.0171875 0.028125
1 0.05625 0.94765625 0.0140625 0.028125
9 0.40546875 0.95546875 0.015625 0.028125
8 0.2 0.69921875 0.015625 0.0265625