0 0.196875 0.59609375 0.015625 0.0296875
3 0.11875 0.5984375 0.015625 0.03125
2 0.18359375 0.596875 0.0140625 0.0296875
7 0.22421875 0.5953125 0.0140625 0.0296875
1 0.0046875 0.60078125 0.009375 0.0359375
3 0.03359375 0.60078125 0.015625 0.034375
9 0.04765625 0.60078125 0.0140625 0.0328125
1 0.2109375 0.596875 0.015625 0.034375
1 0.0140625 0.6015625 0.015625 0.034375
0 0.2265625 0.7390625 0.01875 0.0375
7 0.24453125 0.73828125 0.01875 0.0375
2 0.01484375 0.74375 0.01875 0.0390625
6 0.0484375 0.74375 0.0203125 0.0375
8 0.03203125 0.74453125 0.0171875 0.040625
8 0.21015625 0.73828125 0.021875 0.0421875
8 0.24296875 0.89609375 0.0140625 0.03125
2 0.05703125 0.9 0.0140625 0.03125
2 0.22890625 0.89609375 0.0140625 0.03125
6 0.25625 0.8953125 0.0140625 0.03125
1 0.06953125 0.90078125 0.015625 0.034375
8 0.4 0.89296875 0.0171875 0.0328125
0 0.4125 0.89296875 0.0125 0.03125
7 0.4265625 0.89296875 0.0140625 0.0296875