2 0.05625 0.2140625 0.0140625 0.0296875
7 0.084375 0.2140625 0.028125 0.03125
2 0.8234375 0.37734375 0.009375 0.021875
2 0.8609375 0.3765625 0.0125 0.021875
2 0.08671875 0.4234375 0.009375 0.021875
7 0.1046875 0.4234375 0.021875 0.025
5 0.0578125 0.89921875 0.0171875 0.021875
5 0.3765625 0.97734375 0.021875 0.021875
5 0.6515625 0.97734375 0.021875 0.021875
4 0.0921875 0.89921875 0.0203125 0.021875
4 0.67578125 0.97734375 0.021875 0.025
1 0.11640625 0.89921875 0.021875 0.021875
1 0.2515625 0.89921875 0.021875 0.021875
1 0.33046875 0.89765625 0.021875 0.021875
1 0.3890625 0.89765625 0.021875 0.021875
3 0.2296875 0.89765625 0.0203125 0.021875
3 0.27421875 0.89921875 0.0203125 0.021875
3 0.29453125 0.89921875 0.0203125 0.021875
6 0.353125 0.89765625 0.021875 0.021875
2 0.4078125 0.89921875 0.0125 0.021875
6 0.05859375 0.97734375 0.021875 0.021875
2 0.08671875 0.97578125 0.0125 0.021875
7 0.1078125 0.97734375 0.021875 0.021875
10 0.1296875 0.97578125 0.021875 0.025
3 0.33203125 0.97578125 0.021875 0.021875
10 0.3546875 0.97734375 0.021875 0.025