12 0.04921875 0.090625 0.028125 0.0296875
0 0.0671875 0.09296875 0.0109375 0.015625
11 0.07421875 0.090625 0.009375 0.025
22 0.08671875 0.09296875 0.01875 0.01875
0 0.10078125 0.09453125 0.0125 0.015625
17 0.1125 0.09375 0.0125 0.01875
4 0.125 0.0953125 0.015625 0.0125
12 0.1546875 0.09609375 0.01875 0.015625
0 0.16640625 0.09765625 0.0125 0.015625
11 0.1765625 0.09453125 0.0078125 0.03125
8 0.1828125 0.0984375 0.0078125 0.01875
18 0.18984375 0.0984375 0.009375 0.015625
8 0.19609375 0.09453125 0.009375 0.021875
14 0.20625 0.09765625 0.0109375 0.0203125
20 0.21640625 0.1 0.0125 0.0140625
18 0.228125 0.09765625 0.015625 0.015625
18 0.25078125 0.1 0.015625 0.01875
14 0.26171875 0.10234375 0.0125 0.015625
5 0.2703125 0.09921875 0.0125 0.021875
19 0.27890625 0.1 0.009375 0.0203125
22 0.290625 0.09921875 0.015625 0.01875
0 0.303125 0.1015625 0.0125 0.015625
17 0.3109375 0.0984375 0.009375 0.0171875
4 0.32109375 0.1015625 0.015625 0.015625
0 0.3609375 0.10234375 0.015625 0.015625
13 0.3734375 0.10234375 0.0125 0.015625
24 0.3828125 0.1078125 0.0109375 0.0234375
15 0.4046875 0.10390625 0.0171875 0.021875
4 0.41796875 0.1015625 0.0125 0.015625
8 0.4265625 0.09765625 0.009375 0.01875
2 0.43359375 0.0984375 0.0125 0.0203125
4 0.4421875 0.09921875 0.0125 0.01875
14 0.465625 0.1 0.015625 0.015625
5 0.478125 0.09765625 0.0140625 0.025
18 0.50234375 0.0984375 0.015625 0.021875
14 0.51328125 0.09921875 0.009375 0.0171875
5 0.5203125 0.09765625 0.0125 0.01875
19 0.53125 0.0984375 0.009375 0.0203125
22 0.54140625 0.1 0.0171875 0.015625
0 0.55390625 0.09921875 0.0125 0.01875
17 0.5625 0.096875 0.0125 0.01875
4 0.57109375 0.0984375 0.0140625 0.0140625
19 0.59609375 0.0984375 0.009375 0.0171875
7 0.60546875 0.09765625 0.015625 0.021875
0 0.61640625 0.09921875 0.0140625 0.015625
19 0.63046875 0.096875 0.0125 0.021875
8 0.6484375 0.09375 0.009375 0.021875
18 0.65703125 0.096875 0.0140625 0.015625
2 0.67109375 0.0953125 0.0125 0.021875
17 0.68046875 0.0953125 0.009375 0.01875
4 0.68828125 0.096875 0.0125 0.0140625
0 0.6984375 0.09453125 0.0140625 0.0171875
19 0.709375 0.09296875 0.0109375 0.021875
4 0.71796875 0.09609375 0.0125 0.0140625
3 0.73046875 0.0953125 0.01875 0.025
5 0.76015625 0.0953125 0.0125 0.021875
14 0.76953125 0.09921875 0.0109375 0.015625
17 0.78046875 0.0984375 0.0125 0.015625
7 0.8015625 0.09609375 0.0140625 0.01875
0 0.8109375 0.09921875 0.0125 0.015625
17 0.821875 0.09921875 0.0078125 0.0125
12 0.83203125 0.09921875 0.015625 0.0125
5 0.84296875 0.0984375 0.0125 0.01875
20 0.853125 0.10078125 0.0125 0.0125
11 0.86171875 0.1 0.0078125 0.01875
15 0.8828125 0.10390625 0.015625 0.021875
20 0.89296875 0.10390625 0.0109375 0.0171875
17 0.90390625 0.10546875 0.009375 0.01875
15 0.91015625 0.11015625 0.009375 0.01875
14 0.91875 0.11015625 0.009375 0.01875
18 0.92734375 0.11171875 0.0078125 0.015625
4 0.9359375 0.11484375 0.015625 0.01875
20 0.06171875 0.13046875 0.0125 0.0125
13 0.071875 0.13046875 0.0125 0.0140625
14 0.08046875 0.13046875 0.009375 0.015625
19 0.08984375 0.13203125 0.0078125 0.015625
7 0.0984375 0.1328125 0.009375 0.015625
14 0.10703125 0.13359375 0.0109375 0.015625
17 0.115625 0.13359375 0.009375 0.015625
8 0.12265625 0.13203125 0.009375 0.01875
25 0.13125 0.134375 0.009375 0.01875
25 0.1390625 0.13515625 0.009375 0.015625
3 0.153125 0.13359375 0.01875 0.01875
0 0.171875 0.1359375 0.0140625 0.015625
2 0.1828125 0.134375 0.009375 0.015625
2 0.19140625 0.13671875 0.0109375 0.015625
4 0.2 0.13515625 0.009375 0.0125
18 0.2078125 0.134375 0.009375 0.015625
18 0.21875 0.13359375 0.0125 0.015625
2 0.06015625 0.16796875 0.0125 0.01875
20 0.07265625 0.16796875 0.0125 0.015625
12 0.08828125 0.16796875 0.0203125 0.01875
15 0.109375 0.17265625 0.0109375 0.021875
19 0.11953125 0.16953125 0.00625 0.01875
8 0.12421875 0.1703125 0.0078125 0.0171875
13 0.1328125 0.1703125 0.0125 0.015625
6 0.1453125 0.178125 0.0125 0.025
3 0.1625 0.16953125 0.015625 0.01875
0 0.175 0.17109375 0.0125 0.0140625
19 0.18359375 0.16875 0.0109375 0.015625
0 0.19921875 0.1734375 0.015625 0.015625
18 0.240625 0.171875 0.0125 0.01875
24 0.25078125 0.18046875 0.0125 0.021875
18 0.2578125 0.1734375 0.0078125 0.0140625
19 0.2640625 0.1734375 0.00625 0.015625
4 0.27265625 0.17265625 0.009375 0.0125
12 0.284375 0.17421875 0.015625 0.0125
18 0.3 0.1734375 0.0125 0.0140625
3 0.0703125 0.2046875 0.0140625 0.01875
4 0.08203125 0.20625 0.0109375 0.0140625
11 0.08984375 0.20546875 0.00625 0.015625
4 0.096875 0.2078125 0.009375 0.0125
19 0.10625 0.2078125 0.0109375 0.021875
8 0.11640625 0.20625 0.0078125 0.015625
13 0.12578125 0.2078125 0.0140625 0.0125
6 0.13515625 0.215625 0.0125 0.0234375
3 0.15859375 0.2078125 0.0125 0.01875
0 0.1703125 0.209375 0.009375 0.0125
19 0.178125 0.20703125 0.00625 0.01875
0 0.1875 0.20703125 0.015625 0.0125
18 0.0625 0.2390625 0.0140625 0.01875
15 0.0734375 0.24375 0.0109375 0.015625
24 0.08515625 0.2453125 0.009375 0.01875
8 0.09296875 0.24140625 0.00625 0.015625
13 0.09921875 0.24375 0.009375 0.0125
13 0.10546875 0.24765625 0.0125 0.025
6 0.0640625 0.284375 0.0125 0.021875
0 0.07421875 0.28125 0.0125 0.0125
8 0.0828125 0.27734375 0.00625 0.01875
13 0.09296875 0.28046875 0.0109375 0.0125
13 0.10625 0.28125 0.009375 0.0140625
6 0.11640625 0.2859375 0.015625 0.021875
2 0.1453125 0.278125 0.0125 0.021875
14 0.15390625 0.2796875 0.009375 0.0125
13 0.16171875 0.2828125 0.009375 0.015625
19 0.16796875 0.27890625 0.009375 0.01875
17 0.17734375 0.28203125 0.009375 0.0125
14 0.1859375 0.284375 0.009375 0.0125
11 0.19609375 0.2796875 0.0109375 0.01875
14 0.21484375 0.28203125 0.0125 0.0125
21 0.2265625 0.2796875 0.009375 0.0171875
4 0.234375 0.2828125 0.009375 0.0125
17 0.24296875 0.2828125 0.009375 0.0140625
12 0.259375 0.284375 0.015625 0.0140625
0 0.2734375 0.284375 0.009375 0.009375
2 0.28359375 0.28359375 0.0109375 0.015625
7 0.29375 0.28359375 0.0109375 0.021875
8 0.30546875 0.28125 0.009375 0.0203125
13 0.31328125 0.284375 0.009375 0.0125
4 0.32265625 0.284375 0.009375 0.0125
18 0.3328125 0.284375 0.0125 0.015625
12 0.30546875 0.03515625 0.01875 0.025
0 0.31953125 0.03828125 0.0125 0.0125
11 0.32734375 0.0359375 0.003125 0.025
22 0.33671875 0.0375 0.015625 0.021875
0 0.34921875 0.0375 0.009375 0.015625
17 0.35859375 0.0359375 0.009375 0.0171875
4 0.36796875 0.03671875 0.0125 0.015625
4 0.03125 0.31171875 0.0171875 0.01875
0 0.04609375 0.3140625 0.0125 0.015625
11 0.05546875 0.31171875 0.00625 0.021875
22 0.06875 0.31484375 0.015625 0.0125
0 0.08203125 0.31484375 0.0125 0.0140625
17 0.09140625 0.3140625 0.009375 0.0140625
4 0.10234375 0.315625 0.0125 0.0125
4 0.13125 0.3125 0.015625 0.01875
24 0.14375 0.3203125 0.0125 0.01875
15 0.15625 0.31953125 0.0125 0.015625
4 0.16796875 0.31953125 0.0140625 0.015625
18 0.17890625 0.3171875 0.0109375 0.015625
20 0.0390625 0.34765625 0.01875 0.015625
8 0.05078125 0.34765625 0.00625 0.015625
17 0.06015625 0.3484375 0.0109375 0.0125
20 0.0703125 0.34921875 0.0109375 0.0125
18 0.08046875 0.34765625 0.009375 0.015625
15 0.10703125 0.353125 0.0109375 0.01875
17 0.11640625 0.35078125 0.009375 0.0125
14 0.125 0.35 0.009375 0.009375
6 0.134375 0.3546875 0.009375 0.01875
17 0.14296875 0.3515625 0.009375 0.0125
0 0.1515625 0.353125 0.009375 0.0125
12 0.16484375 0.3515625 0.015625 0.0125
2 0.18828125 0.35390625 0.009375 0.0125
14 0.19765625 0.35390625 0.009375 0.0109375
3 0.20859375 0.3515625 0.0140625 0.0171875
4 0.22109375 0.35703125 0.0109375 0.0140625
18 0.2453125 0.353125 0.0125 0.0125
15 0.2578125 0.35703125 0.009375 0.01875
17 0.26875 0.35546875 0.009375 0.015625
4 0.27421875 0.35703125 0.009375 0.0125
0 0.284375 0.35703125 0.009375 0.0125
3 0.29453125 0.35625 0.0140625 0.015625
5 0.31640625 0.35390625 0.0125 0.01875
17 0.3265625 0.35859375 0.009375 0.0125
14 0.3359375 0.359375 0.0125 0.0125
12 0.3484375 0.35859375 0.015625 0.0125
15 0.3703125 0.36015625 0.0109375 0.01875
2 0.38046875 0.359375 0.0125 0.015625
18 0.39140625 0.359375 0.00625 0.0109375
0 0.41640625 0.36015625 0.0125 0.0140625
19 0.42734375 0.35859375 0.0078125 0.0171875
19 0.43359375 0.359375 0.0078125 0.01875
0 0.44296875 0.359375 0.009375 0.0125
19 0.4515625 0.35859375 0.009375 0.015625
2 0.46171875 0.36015625 0.0125 0.0171875
7 0.4703125 0.35859375 0.0125 0.01875
4 0.48203125 0.36171875 0.009375 0.0109375
3 0.49375 0.35859375 0.0125 0.01875
19 0.51328125 0.35859375 0.0078125 0.0171875
14 0.521875 0.3609375 0.0109375 0.0125
11 0.53828125 0.35859375 0.00625 0.0140625
4 0.54453125 0.36171875 0.00625 0.009375
6 0.55390625 0.3671875 0.009375 0.025
8 0.5609375 0.3578125 0.00625 0.0171875
19 0.56796875 0.36171875 0.009375 0.0171875
19 0.590625 0.36328125 0.0125 0.0171875
17 0.6015625 0.36015625 0.009375 0.0125
14 0.609375 0.3609375 0.009375 0.0125
6 0.6171875 0.36484375 0.009375 0.021875
19 0.634375 0.359375 0.009375 0.015625
14 0.64453125 0.36171875 0.0109375 0.0125
18 0.65546875 0.359375 0.009375 0.0125
18 0.66484375 0.36015625 0.0109375 0.0140625
17 0.67421875 0.3609375 0.00625 0.015625
21 0.68203125 0.36171875 0.009375 0.015625
8 0.68984375 0.36015625 0.00625 0.01875
21 0.7 0.3609375 0.0125 0.0125
4 0.7125 0.3609375 0.0125 0.015625
15 0.7515625 0.3625 0.0125 0.021875
17 0.7609375 0.36171875 0.009375 0.015625
14 0.76953125 0.36328125 0.0125 0.0125
15 0.7796875 0.36484375 0.0125 0.0203125
14 0.790625 0.3640625 0.0109375 0.0125
6 0.79921875 0.36875 0.0125 0.021875
0 0.80859375 0.36484375 0.009375 0.015625
19 0.815625 0.3609375 0.009375 0.021875
4 0.821875 0.36484375 0.0109375 0.0140625
12 0.85078125 0.365625 0.015625 0.0125
0 0.86328125 0.365625 0.0125 0.0125
8 0.87421875 0.3625 0.009375 0.01875
13 0.88203125 0.36640625 0.0125 0.0140625
11 0.88984375 0.36640625 0.009375 0.01875
24 0.9 0.3734375 0.0125 0.01875
2 0.91328125 0.371875 0.0125 0.015625
14 0.921875 0.375 0.0078125 0.0109375
22 0.03828125 0.3859375 0.0203125 0.0125
14 0.05390625 0.38671875 0.0125 0.0125
17 0.0640625 0.38515625 0.0140625 0.0125
12 0.07734375 0.3859375 0.01875 0.01875
18 0.103125 0.3859375 0.0109375 0.015625
19 0.11171875 0.3875 0.0078125 0.015625
0 0.11875 0.38828125 0.0125 0.0125
13 0.12890625 0.38984375 0.0125 0.0125
3 0.13984375 0.38671875 0.0125 0.015625
0 0.1484375 0.38984375 0.0109375 0.0109375
11 0.15625 0.38828125 0.00625 0.01875
14 0.16171875 0.3890625 0.009375 0.0125
13 0.1703125 0.38984375 0.009375 0.0125
4 0.1796875 0.39140625 0.009375 0.0125
17 0.240625 0.39296875 0.0109375 0.0125
4 0.25 0.39296875 0.009375 0.0140625
15 0.2578125 0.3953125 0.0125 0.01875
11 0.26640625 0.390625 0.00625 0.0171875
19 0.28984375 0.3921875 0.00625 0.01875
4 0.3 0.39453125 0.0125 0.0140625
19 0.3234375 0.3921875 0.00625 0.015625
7 0.33203125 0.39296875 0.009375 0.0140625
4 0.340625 0.39609375 0.009375 0.009375
12 0.35078125 0.396875 0.0125 0.0125
18 0.3609375 0.3953125 0.009375 0.015625
4 0.36796875 0.39609375 0.009375 0.0125
11 0.37421875 0.3953125 0.0046875 0.015625
21 0.3796875 0.396875 0.009375 0.0125
15 0.4171875 0.4 0.0140625 0.01875
14 0.43046875 0.39765625 0.0125 0.0125
15 0.44140625 0.40078125 0.009375 0.015625
14 0.4484375 0.3984375 0.0078125 0.009375
6 0.45625 0.40234375 0.009375 0.01875
0 0.4640625 0.40078125 0.009375 0.0125
19 0.47109375 0.4 0.00625 0.01875
19 0.47890625 0.4 0.0109375 0.015625
12 0.50390625 0.3984375 0.015625 0.0125
0 0.51640625 0.39921875 0.009375 0.0125
8 0.52421875 0.39453125 0.0046875 0.01875
13 0.53125 0.4 0.009375 0.0140625
11 0.5375 0.39609375 0.003125 0.01875
24 0.54453125 0.40390625 0.009375 0.021875
2 0.5625 0.3984375 0.0125 0.0109375
14 0.5734375 0.40078125 0.0109375 0.009375
13 0.5828125 0.39921875 0.009375 0.0125
19 0.59140625 0.39765625 0.0078125 0.015625
17 0.59921875 0.39921875 0.0078125 0.009375
14 0.60859375 0.39921875 0.009375 0.0125
11 0.61640625 0.3984375 0.00625 0.01875
15 0.62890625 0.4 0.009375 0.01875
2 0.63828125 0.3984375 0.009375 0.0125
20 0.65625 0.4015625 0.0125 0.0125
18 0.66796875 0.4 0.0109375 0.0125
4 0.67734375 0.4 0.0125 0.0109375
8 0.6890625 0.39765625 0.009375 0.01875
19 0.69765625 0.396875 0.009375 0.015625
18 0.70546875 0.39921875 0.00625 0.0125
17 0.715625 0.39765625 0.009375 0.0109375
4 0.725 0.3984375 0.009375 0.009375
18 0.73359375 0.4 0.00625 0.0125
14 0.740625 0.40078125 0.009375 0.009375
20 0.75078125 0.4 0.0125 0.0125
17 0.76015625 0.4 0.0078125 0.0109375
2 0.76796875 0.4 0.009375 0.0109375
4 0.7765625 0.40234375 0.00625 0.0125
18 0.78359375 0.4 0.009375 0.0140625
2 0.80078125 0.3984375 0.009375 0.0140625
14 0.8078125 0.40390625 0.0078125 0.009375
13 0.81640625 0.40234375 0.0078125 0.0109375
13 0.825 0.403125 0.009375 0.0125
4 0.83359375 0.40390625 0.009375 0.0125
2 0.840625 0.40390625 0.009375 0.0125
19 0.8484375 0.4015625 0.009375 0.0140625
19 0.86015625 0.4046875 0.0078125 0.015625
19 0.86796875 0.40625 0.00625 0.0109375
2 0.88046875 0.4046875 0.009375 0.0171875
14 0.88984375 0.40859375 0.009375 0.009375
12 0.90078125 0.409375 0.0125 0.0125
3 0.9265625 0.41015625 0.009375 0.0140625
19 0.0328125 0.41640625 0.0125 0.015625
17 0.04375 0.41875 0.009375 0.0125
14 0.0515625 0.42109375 0.009375 0.009375
9 0.05859375 0.425 0.009375 0.0171875
0 0.06796875 0.4234375 0.0125 0.009375
13 0.08046875 0.4234375 0.015625 0.009375
7 0.10703125 0.42265625 0.0125 0.0140625
14 0.11796875 0.425 0.0125 0.009375
17 0.13203125 0.425 0.009375 0.0140625
4 0.146875 0.425 0.0109375 0.009375
15 0.165625 0.4296875 0.009375 0.0171875
14 0.17421875 0.4265625 0.0078125 0.009375
18 0.18203125 0.42578125 0.0078125 0.0125
4 0.18828125 0.42734375 0.009375 0.009375
0 0.2015625 0.42734375 0.0125 0.0125
18 0.2125 0.4265625 0.0078125 0.015625
11 0.221875 0.42578125 0.0046875 0.015625
4 0.228125 0.42890625 0.00625 0.009375
6 0.2359375 0.43203125 0.009375 0.01875
8 0.24453125 0.42734375 0.00625 0.0140625
19 0.2515625 0.42734375 0.009375 0.015625
15 0.26640625 0.43046875 0.0109375 0.015625
17 0.2765625 0.4296875 0.00625 0.0125
14 0.284375 0.43125 0.009375 0.0125
6 0.290625 0.4359375 0.009375 0.01875
17 0.29765625 0.43203125 0.00625 0.009375
0 0.30546875 0.43203125 0.009375 0.0109375
12 0.3171875 0.43203125 0.015625 0.009375
19 0.3328125 0.43125 0.00625 0.015625
14 0.33984375 0.43359375 0.009375 0.0125
1 0.35234375 0.43046875 0.009375 0.0171875
0 0.36171875 0.434375 0.009375 0.0125
8 0.3671875 0.43125 0.00625 0.0140625
19 0.375 0.43125 0.00625 0.01875
20 0.38828125 0.43359375 0.0125 0.0125
19 0.40390625 0.4328125 0.009375 0.0125
14 0.4140625 0.4359375 0.009375 0.009375
14 0.42890625 0.4359375 0.009375 0.0125
15 0.4375 0.4375 0.0109375 0.0140625
4 0.446875 0.43515625 0.0078125 0.0109375
13 0.4546875 0.43671875 0.009375 0.0109375
19 0.46640625 0.434375 0.00625 0.0125
7 0.47421875 0.43515625 0.00625 0.0140625
4 0.48125 0.4375 0.00625 0.009375
12 0.4921875 0.43828125 0.015625 0.0125
19 0.5171875 0.43671875 0.00625 0.0125
7 0.525 0.43671875 0.00625 0.015625
4 0.5328125 0.4390625 0.00625 0.009375
13 0.5421875 0.4390625 0.0109375 0.009375
12 0.5625 0.43828125 0.0125 0.009375
0 0.57421875 0.4390625 0.009375 0.009375
11 0.58046875 0.43671875 0.0046875 0.015625
8 0.58515625 0.43671875 0.003125 0.0125
2 0.59140625 0.43828125 0.0078125 0.0125
8 0.59765625 0.4359375 0.0046875 0.0140625
14 0.603125 0.4390625 0.00625 0.009375
20 0.61171875 0.43828125 0.009375 0.009375
18 0.62109375 0.4375 0.009375 0.009375
15 0.6390625 0.4421875 0.0125 0.015625
17 0.64921875 0.4390625 0.00625 0.0140625
14 0.65625 0.43828125 0.0078125 0.0125
6 0.6640625 0.4421875 0.009375 0.0203125
18 0.67421875 0.4390625 0.009375 0.0125
17 0.6953125 0.4390625 0.009375 0.0125
20 0.70390625 0.4390625 0.009375 0.0109375
13 0.71484375 0.43984375 0.009375 0.009375
8 0.728125 0.434375 0.009375 0.021875
13 0.7375 0.4390625 0.009375 0.0125
1 0.7546875 0.43671875 0.0109375 0.015625
0 0.76484375 0.43828125 0.009375 0.0109375
2 0.77421875 0.43828125 0.009375 0.0125
10 0.784375 0.4375 0.0125 0.015625
6 0.79609375 0.4453125 0.009375 0.01875
17 0.80546875 0.43984375 0.009375 0.0125
14 0.8125 0.44296875 0.009375 0.009375
20 0.821875 0.4421875 0.009375 0.009375
13 0.83203125 0.4421875 0.0125 0.0125
3 0.84140625 0.43984375 0.009375 0.01875
2 0.86015625 0.44140625 0.0125 0.0125
14 0.87109375 0.44453125 0.0078125 0.009375
13 0.88046875 0.4453125 0.009375 0.0125
4 0.88828125 0.44375 0.00625 0.0125
2 0.89609375 0.4453125 0.00625 0.0125
19 0.90390625 0.44453125 0.0078125 0.0125
12 0.91953125 0.44765625 0.0125 0.0125
19 0.028125 0.45390625 0.0125 0.01875
17 0.03828125 0.45546875 0.00625 0.0125
0 0.04375 0.45703125 0.009375 0.00625
15 0.05390625 0.4609375 0.0125 0.01875
3 0.0734375 0.45625 0.0125 0.015625
14 0.08125 0.45859375 0.009375 0.009375
14 0.090625 0.459375 0.0125 0.009375
17 0.10390625 0.45859375 0.0140625 0.0109375
1 0.12421875 0.45859375 0.0125 0.015625
0 0.1359375 0.46171875 0.0125 0.009375
2 0.14921875 0.45859375 0.009375 0.0125
10 0.159375 0.46015625 0.0125 0.015625
3 0.17265625 0.46015625 0.0140625 0.015625
14 0.18515625 0.46171875 0.0109375 0.009375
14 0.19375 0.46328125 0.009375 0.009375
17 0.2046875 0.46171875 0.0125 0.009375
12 0.225 0.46484375 0.0125 0.009375
4 0.23515625 0.46484375 0.009375 0.009375
19 0.24296875 0.4640625 0.00625 0.0140625
7 0.25 0.46328125 0.009375 0.015625
14 0.2578125 0.46640625 0.009375 0.009375
3 0.27109375 0.4640625 0.0171875 0.015625
14 0.2890625 0.46640625 0.0125 0.0109375
5 0.29921875 0.46640625 0.0109375 0.0171875
1 0.31484375 0.46640625 0.009375 0.0140625
24 0.3234375 0.4734375 0.009375 0.01875
15 0.33359375 0.47109375 0.009375 0.0140625
0 0.34296875 0.46953125 0.0109375 0.0125
18 0.353125 0.46953125 0.0078125 0.0140625
18 0.36015625 0.46875 0.009375 0.0125
8 0.36640625 0.4671875 0.00625 0.015625
13 0.37265625 0.4703125 0.009375 0.0109375
6 0.38203125 0.4765625 0.009375 0.025
0 0.3953125 0.4734375 0.0125 0.0125
20 0.40625 0.471875 0.009375 0.0125
19 0.4140625 0.46875 0.009375 0.015625
7 0.421875 0.46875 0.009375 0.0171875
4 0.43046875 0.471875 0.0078125 0.009375
13 0.43828125 0.471875 0.009375 0.009375
19 0.4453125 0.47109375 0.00625 0.015625
8 0.45 0.47109375 0.003125 0.0140625
2 0.4546875 0.4734375 0.00625 0.0125
0 0.4625 0.4734375 0.009375 0.009375
19 0.471875 0.471875 0.00625 0.015625
8 0.47890625 0.471875 0.0046875 0.0140625
14 0.484375 0.47421875 0.00625 0.009375
13 0.49453125 0.4734375 0.0109375 0.0125
19 0.50625 0.47265625 0.00625 0.0125
14 0.51328125 0.47421875 0.0078125 0.0078125
4 0.525 0.47421875 0.00625 0.009375
17 0.55 0.47578125 0.009375 0.009375
18 0.56015625 0.475 0.009375 0.0140625
24 0.56953125 0.48125 0.00625 0.015625
18 0.5765625 0.475 0.00625 0.0125
19 0.5828125 0.47421875 0.00625 0.015625
4 0.5890625 0.47578125 0.00625 0.009375
12 0.6 0.47734375 0.0140625 0.009375
20 0.62578125 0.47734375 0.0125 0.0125
18 0.6375 0.47578125 0.009375 0.0109375
4 0.6453125 0.4765625 0.00625 0.009375
3 0.65390625 0.47421875 0.0125 0.015625
5 0.67421875 0.471875 0.0125 0.021875
14 0.684375 0.4765625 0.009375 0.009375
17 0.69609375 0.47734375 0.0109375 0.0125
14 0.7328125 0.4765625 0.009375 0.0109375
14 0.74609375 0.4765625 0.0125 0.0109375
20 0.85625 0.48203125 0.0109375 0.015625
18 0.86640625 0.4828125 0.00625 0.015625
4 0.8734375 0.4828125 0.009375 0.0125
8 0.8828125 0.48125 0.00625 0.015625
19 0.89140625 0.48125 0.009375 0.01875
8 0.9046875 0.48203125 0.00625 0.015625
13 0.9140625 0.4859375 0.0125 0.0125
17 0.02578125 0.4890625 0.0140625 0.0171875
14 0.034375 0.49140625 0.009375 0.0109375
14 0.0421875 0.4921875 0.009375 0.009375
19 0.05234375 0.49140625 0.009375 0.015625
10 0.07109375 0.49296875 0.015625 0.015625
8 0.08125 0.49296875 0.00625 0.015625
19 0.08828125 0.49375 0.009375 0.01875
6 0.10546875 0.5 0.009375 0.015625
8 0.1140625 0.4953125 0.003125 0.015625
21 0.11953125 0.4953125 0.0078125 0.0125
4 0.1265625 0.496875 0.0078125 0.009375
18 0.13515625 0.49609375 0.009375 0.0125
2 0.14765625 0.49765625 0.0125 0.0109375
0 0.22734375 0.50390625 0.0140625 0.0125
3 0.240625 0.5 0.0125 0.015625
12 0.253125 0.50234375 0.0109375 0.0125
8 0.26015625 0.5015625 0.003125 0.0125
13 0.26640625 0.50390625 0.009375 0.009375
0 0.28046875 0.503125 0.009375 0.0109375
2 0.28984375 0.50390625 0.00625 0.009375
2 0.29765625 0.50390625 0.0078125 0.0125
4 0.30625 0.50546875 0.009375 0.009375
18 0.3140625 0.5046875 0.00625 0.0125
18 0.32109375 0.50546875 0.0078125 0.0125
22 0.3390625 0.50703125 0.015625 0.0125
7 0.35078125 0.50390625 0.0078125 0.0140625
8 0.35859375 0.50546875 0.003125 0.0125
11 0.36328125 0.50546875 0.003125 0.015625
4 0.36875 0.5078125 0.009375 0.009375
8 0.42421875 0.509375 0.003125 0.0125
19 0.42890625 0.509375 0.00625 0.0125
18 0.434375 0.5125 0.00625 0.0078125
4 0.440625 0.51328125 0.00625 0.009375
5 0.4515625 0.51015625 0.009375 0.015625
6 0.415625 0.51328125 0.0109375 0.0171875
7 0.4671875 0.4953125 0.0109375 0.0125
10 0.49140625 0.49609375 0.009375 0.0125
17 0.50625 0.49765625 0.009375 0.009375
2 0.47265625 0.51171875 0.0125 0.009375
14 0.48125 0.5140625 0.0109375 0.009375
13 0.4921875 0.51328125 0.009375 0.0125
19 0.50234375 0.51171875 0.0078125 0.0125
17 0.5109375 0.5125 0.00625 0.0109375
19 0.5734375 0.51171875 0.009375 0.015625
4 0.559375 0.51484375 0.009375 0.0125
2 0.5671875 0.5140625 0.009375 0.0109375
4 0.58359375 0.515625 0.009375 0.009375
3 0.5921875 0.51328125 0.0125 0.0171875
12 0.61328125 0.515625 0.0171875 0.0125
0 0.62890625 0.515625 0.0125 0.009375
2 0.63984375 0.5140625 0.009375 0.0140625
7 0.64921875 0.5140625 0.009375 0.0171875
8 0.65625 0.51640625 0.00625 0.0125
13 0.66484375 0.5171875 0.0125 0.0125
4 0.67734375 0.5171875 0.0109375 0.0140625
14 0.70546875 0.51953125 0.0125 0.0109375
22 0.7203125 0.51796875 0.015625 0.0140625
13 0.73359375 0.51640625 0.0125 0.0109375
4 0.74453125 0.515625 0.0109375 0.0125
17 0.75625 0.51875 0.0109375 0.0140625
22 0.7765625 0.5171875 0.021875 0.0125
13 0.79921875 0.51796875 0.0078125 0.0109375
19 0.80859375 0.515625 0.0109375 0.015625
13 0.8296875 0.51875 0.0125 0.0125
14 0.84140625 0.51875 0.009375 0.0125
19 0.8484375 0.51640625 0.00625 0.01875
8 0.8546875 0.51875 0.00625 0.015625
4 0.8703125 0.5203125 0.0125 0.009375
0 0.88359375 0.52265625 0.0125 0.015625
2 0.89609375 0.52109375 0.0125 0.0171875
19 0.9046875 0.52109375 0.00625 0.015625
18 0.01953125 0.5234375 0.0125 0.01875
15 0.0296875 0.53046875 0.0125 0.015625
24 0.04140625 0.5328125 0.0125 0.021875
22 0.0609375 0.52890625 0.0203125 0.0125
0 0.07421875 0.5296875 0.0109375 0.0125
17 0.08515625 0.52890625 0.0109375 0.0125
4 0.0953125 0.5296875 0.0125 0.015625
11 0.13125 0.5328125 0.003125 0.0109375
11 0.1359375 0.5328125 0.003125 0.0125
4 0.14140625 0.53359375 0.00625 0.0109375
2 0.14921875 0.53515625 0.00625 0.009375
19 0.1578125 0.5328125 0.00625 0.0140625
15 0.1734375 0.5375 0.009375 0.0171875
4 0.18203125 0.5359375 0.009375 0.009375
17 0.190625 0.53515625 0.009375 0.0109375
18 0.1984375 0.53671875 0.009375 0.0125
14 0.20546875 0.5375 0.009375 0.009375
13 0.215625 0.53828125 0.0078125 0.0109375
0 0.2234375 0.5375 0.009375 0.0125
11 0.2328125 0.5359375 0.009375 0.015625
8 0.24921875 0.5375 0.009375 0.0125
13 0.25703125 0.540625 0.009375 0.009375
5 0.265625 0.53828125 0.0078125 0.015625
14 0.2734375 0.54140625 0.009375 0.009375
17 0.29453125 0.540625 0.009375 0.0125
20 0.3046875 0.540625 0.0125 0.0125
13 0.315625 0.54140625 0.0109375 0.0125
8 0.33046875 0.5421875 0.00625 0.0140625
13 0.3390625 0.54453125 0.0125 0.0109375
1 0.35859375 0.54140625 0.0109375 0.015625
0 0.36875 0.5453125 0.009375 0.0125
2 0.37890625 0.54609375 0.009375 0.0125
10 0.38828125 0.54453125 0.0140625 0.0171875
6 0.40078125 0.55078125 0.0109375 0.021875
17 0.41015625 0.54765625 0.0078125 0.0125
14 0.41875 0.54765625 0.009375 0.0125
20 0.4265625 0.54765625 0.00625 0.015625
13 0.43671875 0.5484375 0.0125 0.0125
3 0.44765625 0.5453125 0.0125 0.015625
20 0.475 0.5484375 0.0109375 0.0125
18 0.48515625 0.55 0.0125 0.0125
4 0.4953125 0.55078125 0.009375 0.0125
17 0.50546875 0.55078125 0.0125 0.0125
22 0.525 0.55078125 0.015625 0.0125
8 0.53515625 0.55 0.0046875 0.015625
11 0.53984375 0.55078125 0.003125 0.0109375
11 0.5453125 0.55 0.00625 0.0125
13 0.56328125 0.55234375 0.0125 0.0109375
14 0.5734375 0.5515625 0.009375 0.009375
19 0.58203125 0.55078125 0.009375 0.0125
10 0.59609375 0.55234375 0.0109375 0.0125
13 0.60703125 0.553125 0.009375 0.0109375
14 0.61875 0.5546875 0.0078125 0.009375
22 0.63046875 0.553125 0.015625 0.0125
8 0.6515625 0.5515625 0.0078125 0.01875
19 0.6578125 0.55078125 0.0078125 0.015625
18 0.6640625 0.5546875 0.009375 0.009375
7 0.67734375 0.55390625 0.0125 0.0140625
0 0.68828125 0.55546875 0.009375 0.0109375
15 0.69609375 0.55859375 0.0078125 0.01875
15 0.7046875 0.55859375 0.009375 0.015625
4 0.715625 0.55546875 0.009375 0.009375
13 0.72421875 0.55703125 0.009375 0.0125
8 0.73203125 0.55234375 0.003125 0.015625
13 0.73828125 0.5546875 0.009375 0.0109375
6 0.746875 0.56015625 0.009375 0.021875
0 0.0203125 0.559375 0.0125 0.021875
3 0.034375 0.56328125 0.0125 0.015625
22 0.0484375 0.56484375 0.015625 0.0140625
0 0.06171875 0.56640625 0.0125 0.0125
17 0.07265625 0.565625 0.009375 0.015625
4 0.08359375 0.56484375 0.0125 0.015625
3 0.1015625 0.56640625 0.0125 0.015625
3 0.11171875 0.56796875 0.00625 0.015625
18 0.1203125 0.56875 0.009375 0.0125
15 0.12890625 0.57109375 0.009375 0.015625
11 0.13828125 0.56796875 0.0046875 0.015625
0 0.146875 0.57109375 0.009375 0.009375
24 0.15703125 0.57421875 0.0078125 0.0171875
0 0.17421875 0.57265625 0.0125 0.0125
3 0.18671875 0.5703125 0.015625 0.01875
21 0.196875 0.57265625 0.009375 0.009375
4 0.2046875 0.57421875 0.0078125 0.009375
17 0.21171875 0.57265625 0.00625 0.009375
18 0.21953125 0.57421875 0.009375 0.0125
19 0.22734375 0.5734375 0.009375 0.015625
4 0.24453125 0.5765625 0.009375 0.009375
19 0.25859375 0.5765625 0.00625 0.015625
22 0.2859375 0.578125 0.01875 0.015625
14 0.3015625 0.57890625 0.0109375 0.0125
13 0.3390625 0.58125 0.0125 0.009375
8 0.33046875 0.57890625 0.0046875 0.0125
1 0.35859375 0.58046875 0.009375 0.015625
17 0.36640625 0.5828125 0.0078125 0.0125
14 0.37421875 0.58359375 0.009375 0.0125
22 0.38671875 0.58359375 0.0125 0.0125
18 0.39609375 0.58359375 0.009375 0.0125
4 0.40390625 0.58359375 0.0078125 0.0125
17 0.4140625 0.58359375 0.0125 0.0125
17 0.4328125 0.5859375 0.009375 0.0109375
17 0.44296875 0.58515625 0.009375 0.0109375
3 0.45390625 0.584375 0.0125 0.015625
19 0.48515625 0.58515625 0.00625 0.015625
15 0.49609375 0.58828125 0.0109375 0.0140625
2 0.515625 0.58984375 0.009375 0.0140625
14 0.5234375 0.58984375 0.009375 0.0109375
11 0.53046875 0.5890625 0.003125 0.0125
11 0.534375 0.58828125 0.003125 0.0140625
4 0.53984375 0.58984375 0.0078125 0.0125
2 0.54921875 0.58984375 0.00625 0.0125
19 0.55546875 0.5890625 0.00625 0.0140625
12 0.575 0.590625 0.015625 0.0125
0 0.58671875 0.590625 0.00625 0.009375
17 0.59609375 0.58984375 0.009375 0.0140625
10 0.60625 0.58984375 0.0109375 0.015625
8 0.62421875 0.59140625 0.0046875 0.015625
13 0.63046875 0.5921875 0.0078125 0.0140625
6 0.6375 0.5984375 0.009375 0.0234375
8 0.6515625 0.590625 0.00625 0.015625
13 0.66015625 0.59375 0.009375 0.0125
5 0.66796875 0.59140625 0.009375 0.021875
14 0.6765625 0.59375 0.009375 0.009375
2 0.7140625 0.59296875 0.0140625 0.0125
17 0.725 0.59296875 0.009375 0.0125
4 0.73125 0.59375 0.009375 0.009375
0 0.7390625 0.59453125 0.009375 0.009375
19 0.74765625 0.59140625 0.00625 0.01875
4 0.7578125 0.59453125 0.0125 0.0125
15 0.77421875 0.5984375 0.0140625 0.015625
17 0.784375 0.59609375 0.009375 0.0125
14 0.78984375 0.59609375 0.009375 0.009375
5 0.79921875 0.59375 0.009375 0.01875
8 0.8046875 0.590625 0.00625 0.021875
11 0.8109375 0.5921875 0.00625 0.01875
4 0.81796875 0.5984375 0.009375 0.0109375
0 0.8296875 0.59609375 0.0109375 0.0125
1 0.840625 0.59375 0.0109375 0.01875
4 0.8484375 0.5984375 0.00625 0.009375
19 0.86328125 0.59609375 0.009375 0.0125
20 0.8796875 0.59765625 0.0109375 0.0125
18 0.89921875 0.5984375 0.0109375 0.015625
14 0.9078125 0.60078125 0.009375 0.009375
12 0.91953125 0.60078125 0.0109375 0.0109375
12 0.90390625 0.58125 0.0125 0.0125
0 0.915625 0.58125 0.009375 0.009375
18 0.94296875 0.58671875 0.009375 0.0109375
19 0.971875 0.60625 0.00625 0.0125
14 0.9796875 0.61015625 0.009375 0.009375
3 0.9609375 0.60078125 0.009375 0.015625
17 0.0125 0.59453125 0.015625 0.0203125
0 0.025 0.6 0.0125 0.0109375
13 0.03671875 0.6015625 0.0125 0.0125
18 0.04765625 0.59921875 0.0109375 0.015625
14 0.05625 0.60078125 0.0125 0.0125
12 0.0703125 0.6015625 0.0140625 0.015625
4 0.08359375 0.60234375 0.009375 0.0125
22 0.09765625 0.6046875 0.01875 0.015625
0 0.11171875 0.60390625 0.009375 0.0125
17 0.121875 0.60390625 0.009375 0.0125
4 0.13203125 0.60390625 0.015625 0.015625
15 0.15234375 0.609375 0.0125 0.01875
17 0.16171875 0.6078125 0.0078125 0.0125
4 0.17109375 0.60859375 0.009375 0.0125
21 0.1796875 0.6078125 0.009375 0.015625
4 0.1890625 0.60859375 0.009375 0.0125
13 0.19921875 0.609375 0.009375 0.0109375
19 0.20859375 0.60859375 0.009375 0.015625
5 0.228125 0.6125 0.009375 0.025
17 0.2359375 0.6125 0.009375 0.009375
14 0.24296875 0.61484375 0.009375 0.0109375
12 0.25625 0.61328125 0.01875 0.0125
0 0.278125 0.6140625 0.0125 0.0125
2 0.2890625 0.6140625 0.009375 0.0171875
2 0.29765625 0.61640625 0.009375 0.015625
4 0.30625 0.61640625 0.009375 0.0140625
18 0.31328125 0.6171875 0.0078125 0.015625
18 0.31953125 0.615625 0.009375 0.015625
8 0.325 0.6140625 0.0046875 0.01875
13 0.33125 0.6171875 0.0078125 0.0109375
6 0.33828125 0.62265625 0.009375 0.028125
18 0.35234375 0.6171875 0.0109375 0.0125
24 0.36171875 0.6234375 0.0078125 0.015625
18 0.36953125 0.61875 0.0078125 0.0125
19 0.37578125 0.61953125 0.00625 0.0171875
4 0.384375 0.62109375 0.009375 0.0125
12 0.39375 0.61875 0.015625 0.0140625
4 0.41796875 0.62265625 0.009375 0.015625
13 0.428125 0.621875 0.0109375 0.0125
2 0.43828125 0.62265625 0.0125 0.0140625
17 0.44765625 0.62265625 0.009375 0.0125
24 0.4546875 0.62890625 0.0125 0.0171875
15 0.4640625 0.62734375 0.0125 0.0140625
19 0.47421875 0.62109375 0.0078125 0.0140625
18 0.4828125 0.6234375 0.009375 0.0125
5 0.4984375 0.621875 0.0125 0.0171875
8 0.5078125 0.62265625 0.00625 0.0171875
11 0.5125 0.6234375 0.003125 0.01875
4 0.51875 0.62578125 0.009375 0.0140625
18 0.5265625 0.6265625 0.009375 0.0125
3 0.559375 0.6265625 0.009375 0.015625
12 0.58671875 0.62890625 0.01875 0.0109375
12 0.6015625 0.62734375 0.009375 0.015625
7 0.61171875 0.628125 0.0078125 0.0140625
4 0.61875 0.63125 0.00625 0.0125
12 0.62890625 0.63125 0.0140625 0.0125
20 0.6515625 0.63125 0.0125 0.0125
18 0.66171875 0.63125 0.009375 0.0140625
0 0.67265625 0.63125 0.009375 0.0125
1 0.68125 0.6296875 0.0109375 0.015625
11 0.6875 0.63125 0.003125 0.0171875
4 0.6984375 0.6328125 0.01875 0.0125
5 0.721875 0.6296875 0.0109375 0.01875
8 0.73046875 0.63046875 0.00625 0.0171875
11 0.7359375 0.63125 0.0046875 0.0171875
4 0.7421875 0.6328125 0.0109375 0.0109375
18 0.753125 0.63203125 0.0078125 0.015625
7 0.76953125 0.63203125 0.0125 0.0171875
4 0.77890625 0.63515625 0.009375 0.009375
3 0.79609375 0.63125 0.0171875 0.0171875
5 0.815625 0.6359375 0.009375 0.028125
14 0.82265625 0.6375 0.009375 0.0140625
17 0.83046875 0.63671875 0.0109375 0.0125
17 0.84609375 0.6359375 0.0078125 0.0109375
0 0.85546875 0.6359375 0.0109375 0.0125
13 0.8671875 0.63515625 0.009375 0.0109375
18 0.878125 0.63515625 0.009375 0.015625
14 0.88671875 0.63828125 0.009375 0.0125
12 0.89921875 0.6375 0.015625 0.0125
15 0.92265625 0.64296875 0.009375 0.0140625
0 0.93125 0.64296875 0.009375 0.0125
24 0.93984375 0.6484375 0.00625 0.01875
12 0.94921875 0.64453125 0.009375 0.0125
4 0.9578125 0.6453125 0.0078125 0.0125
11 0.0046875 0.63125 0.00625 0.0203125
14 0.015625 0.63515625 0.0125 0.0125
6 0.02578125 0.6421875 0.009375 0.025
8 0.03515625 0.6359375 0.00625 0.0171875
2 0.04453125 0.63828125 0.0140625 0.0125
1 0.065625 0.6375 0.015625 0.01875
14 0.078125 0.640625 0.0125 0.015625
12 0.09296875 0.6421875 0.021875 0.015625
1 0.11484375 0.6390625 0.015625 0.01875
15 0.1453125 0.6453125 0.0109375 0.0203125
8 0.1546875 0.6421875 0.00625 0.0171875
2 0.16171875 0.64375 0.009375 0.0109375
4 0.16875 0.6453125 0.0125 0.0125
18 0.1796875 0.64453125 0.0125 0.015625
14 0.196875 0.64609375 0.0125 0.0109375
5 0.20703125 0.646875 0.0109375 0.021875
2 0.225 0.646875 0.0125 0.0125
14 0.234375 0.6484375 0.009375 0.0125
3 0.24609375 0.64765625 0.015625 0.0171875
4 0.259375 0.6515625 0.0140625 0.0109375
19 0.27734375 0.64921875 0.009375 0.015625
7 0.2859375 0.65 0.009375 0.01875
0 0.29375 0.65234375 0.0125 0.0125
19 0.30390625 0.6515625 0.009375 0.01875
18 0.321875 0.653125 0.0109375 0.0125
8 0.33046875 0.6515625 0.00625 0.015625
19 0.3390625 0.653125 0.0125 0.0125
8 0.353125 0.6515625 0.00625 0.01875
13 0.3625 0.65703125 0.0109375 0.0125
8 0.38046875 0.653125 0.0046875 0.0140625
3 0.3890625 0.6546875 0.0125 0.01875
11 0.3984375 0.65703125 0.00625 0.01875
4 0.40390625 0.6609375 0.009375 0.0109375
18 0.41796875 0.65625 0.015625 0.015625
19 0.42890625 0.659375 0.00625 0.015625
0 0.43515625 0.66015625 0.009375 0.0140625
19 0.4421875 0.66015625 0.00625 0.01875
4 0.4515625 0.6625 0.0125 0.0125
20 0.47109375 0.6640625 0.0109375 0.0109375
13 0.48046875 0.6625 0.009375 0.0125
11 0.5046875 0.6640625 0.009375 0.0125
18 0.51953125 0.66328125 0.0109375 0.015625
15 0.52890625 0.66640625 0.009375 0.015625
4 0.5390625 0.665625 0.0125 0.0125
2 0.54765625 0.66484375 0.009375 0.01875
8 0.5546875 0.66328125 0.00625 0.015625
5 0.56171875 0.66328125 0.00625 0.01875
8 0.5671875 0.66171875 0.00625 0.01875
3 0.5828125 0.6625 0.015625 0.021875
2 0.60859375 0.66484375 0.0140625 0.015625
13 0.62734375 0.66875 0.009375 0.015625
3 0.6359375 0.66796875 0.009375 0.0171875
8 0.64375 0.66875 0.003125 0.015625
19 0.65 0.66640625 0.00625 0.015625
8 0.65703125 0.66875 0.0046875 0.015625
14 0.66328125 0.6671875 0.009375 0.015625
13 0.6734375 0.66875 0.0125 0.0140625
14 0.7 0.66953125 0.0140625 0.0140625
13 0.71484375 0.66953125 0.015625 0.0125
18 0.7328125 0.66875 0.015625 0.015625
24 0.7453125 0.67578125 0.0125 0.01875
18 0.75546875 0.671875 0.0125 0.0140625
19 0.76484375 0.67109375 0.0078125 0.01875
4 0.7734375 0.67578125 0.0109375 0.01875
12 0.78671875 0.67265625 0.015625 0.0125
8 0.79921875 0.671875 0.0046875 0.0171875
18 0.8078125 0.67421875 0.009375 0.0125
12 0.825 0.67421875 0.015625 0.009375
4 0.83671875 0.6734375 0.009375 0.0125
19 0.846875 0.6734375 0.0125 0.01875
18 0.11953125 0.6734375 0.021875 0.01875
4 0.1359375 0.67734375 0.0140625 0.009375
2 0.14921875 0.6796875 0.0140625 0.0125
20 0.16328125 0.68125 0.0125 0.0125
17 0.17578125 0.68125 0.0109375 0.0125
8 0.184375 0.68125 0.009375 0.015625
19 0.19296875 0.6796875 0.0109375 0.01875
24 0.2046875 0.68984375 0.0125 0.0234375
7 0.01953125 0.70546875 0.01875 0.01875
0 0.03515625 0.7109375 0.0125 0.0125
21 0.046875 0.7109375 0.0109375 0.015625
4 0.059375 0.71171875 0.015625 0.015625
0 0.08515625 0.71484375 0.015625 0.015625
13 0.09921875 0.71484375 0.0125 0.0140625
19 0.11015625 0.7140625 0.009375 0.015625
8 0.11875 0.71328125 0.00625 0.0125
21 0.12734375 0.715625 0.0125 0.0140625
8 0.1359375 0.71484375 0.00625 0.015625
17 0.14453125 0.71640625 0.009375 0.015625
20 0.1546875 0.71796875 0.0125 0.0125
18 0.16796875 0.71796875 0.0125 0.015625
0 0.22421875 0.721875 0.0125 0.0125
13 0.2375 0.72109375 0.0109375 0.0125
19 0.2453125 0.72109375 0.00625 0.015625
8 0.25390625 0.7234375 0.00625 0.0125
12 0.2640625 0.725 0.015625 0.0125
0 0.278125 0.72578125 0.015625 0.0109375
11 0.28828125 0.72421875 0.00625 0.01875
22 0.29921875 0.72890625 0.015625 0.0125
0 0.31015625 0.728125 0.0109375 0.0125
17 0.32109375 0.725 0.009375 0.0140625
4 0.33046875 0.728125 0.015625 0.015625
1 0.0140625 0.74296875 0.0125 0.01875
4 0.0265625 0.7453125 0.0125 0.0125
2 0.0375 0.7453125 0.0109375 0.0140625
0 0.04765625 0.74609375 0.0125 0.0125
20 0.059375 0.746875 0.0109375 0.0140625
19 0.06953125 0.7453125 0.00625 0.01875
8 0.07578125 0.746875 0.00625 0.015625
14 0.08203125 0.75 0.009375 0.0109375
20 0.0921875 0.75 0.0125 0.0125
18 0.10390625 0.74921875 0.0109375 0.0125
22 0.1296875 0.75078125 0.01875 0.0125
7 0.1453125 0.7515625 0.0125 0.015625
0 0.15859375 0.753125 0.0125 0.0125
19 0.1703125 0.7515625 0.009375 0.0140625
24 0.19140625 0.76015625 0.0125 0.0203125
14 0.2015625 0.7578125 0.009375 0.0125
20 0.21328125 0.75859375 0.0125 0.015625
3 0.2359375 0.7578125 0.0171875 0.0171875
0 0.2484375 0.76015625 0.0125 0.0125
22 0.26015625 0.76171875 0.0171875 0.0125
13 0.275 0.76171875 0.0109375 0.0109375
0 0.2984375 0.7625 0.0125 0.0125
3 0.31171875 0.76328125 0.015625 0.01875
10 0.0125 0.78046875 0.015625 0.015625
4 0.01953125 0.78515625 0.00625 0.009375
4 0.02890625 0.78515625 0.0078125 0.0109375
15 0.03828125 0.79140625 0.0140625 0.021875
24 0.059375 0.79140625 0.0125 0.01875
14 0.0703125 0.78828125 0.009375 0.009375
20 0.0796875 0.7890625 0.0109375 0.0125
17 0.09453125 0.78828125 0.015625 0.0125
18 0.1171875 0.7890625 0.0125 0.0140625
24 0.12578125 0.796875 0.009375 0.0203125
18 0.13515625 0.78984375 0.009375 0.0125
19 0.14375 0.78984375 0.00625 0.01875
4 0.153125 0.79140625 0.009375 0.0109375
12 0.16796875 0.7921875 0.015625 0.0109375
20 0.1953125 0.79453125 0.0140625 0.009375
15 0.2078125 0.7984375 0.0125 0.0171875
3 0.221875 0.79375 0.015625 0.0171875
0 0.234375 0.796875 0.0109375 0.0125
19 0.24453125 0.79375 0.009375 0.015625
4 0.2546875 0.7984375 0.0109375 0.0109375
3 0.2671875 0.79609375 0.0140625 0.01875
12 0.01640625 0.81796875 0.01875 0.0125
0 0.03125 0.81875 0.0125 0.0125
10 0.04453125 0.81953125 0.0125 0.01875
18 0.0765625 0.82265625 0.009375 0.015625
20 0.08984375 0.82578125 0.0125 0.009375
17 0.10234375 0.82578125 0.0125 0.01875
4 0.11484375 0.8265625 0.0125 0.0109375
24 0.13515625 0.83359375 0.0109375 0.021875
14 0.14765625 0.83046875 0.0125 0.015625
20 0.16171875 0.83203125 0.015625 0.01875
17 0.19375 0.82890625 0.0171875 0.0171875
2 0.21328125 0.83046875 0.0125 0.0203125
14 0.22265625 0.83359375 0.009375 0.0125
13 0.234375 0.83515625 0.0125 0.0125
13 0.24609375 0.834375 0.009375 0.0140625
4 0.25625 0.83671875 0.009375 0.0125
2 0.26640625 0.8359375 0.0125 0.0140625
19 0.27578125 0.83515625 0.009375 0.015625
4 0.28671875 0.83671875 0.0109375 0.0125
3 0.29921875 0.83515625 0.015625 0.015625
19 0.3203125 0.83671875 0.009375 0.015625
14 0.33203125 0.840625 0.0125 0.0125
18 0.35 0.83984375 0.0125 0.015625
4 0.36171875 0.84140625 0.009375 0.0109375
2 0.37265625 0.8421875 0.0125 0.0125
20 0.384375 0.84453125 0.009375 0.0125
17 0.3953125 0.84296875 0.015625 0.015625
4 0.41015625 0.8453125 0.0125 0.0125
13 0.42734375 0.84453125 0.0125 0.0125
4 0.43671875 0.84453125 0.009375 0.0140625
19 0.44609375 0.84375 0.009375 0.015625
22 0.4578125 0.84609375 0.01875 0.0125
14 0.471875 0.8484375 0.0109375 0.009375
17 0.48046875 0.84765625 0.009375 0.009375
10 0.4921875 0.84765625 0.015625 0.01875
18 0.50546875 0.85078125 0.0109375 0.015625
12 0.0296875 0.85859375 0.01875 0.0125
0 0.04453125 0.85859375 0.0125 0.0125
10 0.05859375 0.8578125 0.0140625 0.01875
1 0.0671875 0.8453125 0.0125 0.01875
4 0.084375 0.84921875 0.0140625 0.009375
4 0.1296875 0.865625 0.0109375 0.0109375
2 0.1578125 0.86171875 0.015625 0.0125
0 0.16953125 0.865625 0.0125 0.009375
17 0.18125 0.865625 0.009375 0.0125
5 0.190625 0.86484375 0.0125 0.0203125
20 0.20390625 0.86796875 0.0109375 0.0125
11 0.2140625 0.86875 0.009375 0.0171875
22 0.23359375 0.8671875 0.021875 0.01875
7 0.2484375 0.8703125 0.0125 0.015625
0 0.2609375 0.871875 0.0140625 0.0109375
19 0.271875 0.87265625 0.0109375 0.0171875
20 0.30546875 0.875 0.015625 0.0125
18 0.334375 0.8734375 0.0125 0.0140625
7 0.34765625 0.8734375 0.0125 0.01875
0 0.36171875 0.87734375 0.0125 0.009375
17 0.37421875 0.8796875 0.009375 0.015625
4 0.3828125 0.87890625 0.0125 0.0140625
14 0.40625 0.87890625 0.009375 0.0140625
13 0.4171875 0.88203125 0.009375 0.0109375
11 0.42578125 0.878125 0.00625 0.01875
8 0.43046875 0.88125 0.00625 0.0125
13 0.44140625 0.88125 0.009375 0.0125
4 0.45078125 0.88046875 0.0125 0.0125
17 0.01640625 0.89375 0.0125 0.015625
4 0.0265625 0.8953125 0.0125 0.015625
6 0.034375 0.89921875 0.0125 0.015625
20 0.046875 0.89609375 0.0125 0.0125
11 0.05625 0.89296875 0.0078125 0.01875
0 0.0671875 0.89765625 0.0140625 0.0125
17 0.084375 0.89765625 0.01875 0.0125
18 0.11171875 0.89921875 0.015625 0.015625
2 0.1265625 0.90078125 0.015625 0.015625
0 0.1390625 0.903125 0.0125 0.0125
13 0.15234375 0.90390625 0.0125 0.0125
13 0.16640625 0.90390625 0.0125 0.015625
14 0.190625 0.9046875 0.0140625 0.0140625
5 0.2015625 0.90859375 0.0125 0.025
18 0.225 0.90625 0.0140625 0.0171875
24 0.23671875 0.91484375 0.0140625 0.01875
18 0.24921875 0.909375 0.0140625 0.0171875
19 0.26015625 0.9078125 0.0125 0.021875
4 0.2671875 0.91171875 0.009375 0.0109375
12 0.28125 0.91328125 0.01875 0.0125
13 0.33515625 0.91484375 0.0125 0.009375
4 0.34765625 0.915625 0.009375 0.009375
19 0.35703125 0.91484375 0.0125 0.015625
22 0.37265625 0.9171875 0.01875 0.0125
14 0.3859375 0.91875 0.015625 0.0125
17 0.39765625 0.91796875 0.0125 0.0125
10 0.41015625 0.91796875 0.01875 0.015625