1 0.046685205784204674 0.16729205753595996 0.06912124582869855 0.07191994996873045
2 0.1342714126807564 0.16025641025641027 0.08300333704115685 0.05784865540963102
3 0.24549499443826472 0.16181988742964354 0.07185761957730812 0.07035647279549719
4 0.3553170189098999 0.16025641025641027 0.09685205784204672 0.06097560975609756
5 0.47627363737486095 0.15791119449656035 0.08292547274749722 0.075046904315197
6 0.5805450500556173 0.15478424015009382 0.08567296996662958 0.06253908692933083
7 0.6764738598442714 0.15087554721701063 0.0717575083426029 0.0641025641025641
8 0.7557174638487207 0.15322076297686055 0.07451612903225806 0.075046904315197
9 0.8308008898776418 0.15556597873671044 0.057808676307007784 0.06097560975609756
1 0.9183870967741935 0.15400250156347717 0.055016685205784205 0.0484677923702314
1 0.052246941045606225 0.2446841776110069 0.063559510567297 0.05472170106316448
1 0.10090100111234704 0.2454659161976235 0.049644048943270305 0.05941213258286429
1 0.18709677419354837 0.2446841776110069 0.05518353726362625 0.0484677923702314
2 0.24549499443826472 0.24859287054409004 0.05517241379310345 0.04690431519699812
1 0.3289098998887653 0.2407754846779237 0.044026696329254725 0.06253908692933083
3 0.3831256952169077 0.2446841776110069 0.05235817575083426 0.0484677923702314
1 0.47766407119021137 0.23921200750469043 0.05233592880978865 0.04690431519699812
4 0.5416240266963293 0.2454659161976235 0.07456062291434928 0.04065040650406504
1 0.6375528364849833 0.2446841776110069 0.05508342602892103 0.04534083802376485
5 0.6987208008898776 0.24312070043777362 0.04949944382647386 0.04534083802376485
1 0.777964404894327 0.23764853033145716 0.0578309232480534 0.05628517823639775
6 0.8196774193548387 0.24155722326454035 0.04113459399332591 0.05784865540963102
1 0.9017018909899889 0.24702939337085678 0.04389321468298109 0.04065040650406504
7 0.9586985539488321 0.2407754846779237 0.052224694104560626 0.050031269543464665
1 0.052246941045606225 0.31973108192620386 0.03575083426028921 0.051594746716697934
8 0.10507230255839821 0.3236397748592871 0.05242491657397108 0.06566604127579738
1 0.17459399332591768 0.31894934333958724 0.04129032258064516 0.050031269543464665
9 0.23437152391546162 0.3181676047529706 0.06629588431590656 0.0641025641025641
2 0.31917686318131255 0.3228580362726704 0.06349276974416018 0.06097560975609756
2 0.4581979977753059 0.31894934333958724 0.06902113459399332 0.05628517823639775
1 0.5221579532814238 0.3181676047529706 0.05232480533926585 0.0484677923702314
2 0.622258064516129 0.32051282051282054 0.06342602892102336 0.050031269543464665
2 0.6889877641824249 0.3150406504065041 0.05784204671857619 0.051594746716697934
2 0.7904783092324805 0.3142589118198874 0.04947719688542825 0.04690431519699812
3 0.8377530589543938 0.31269543464665417 0.04390433815350389 0.05315822388993121
2 0.9156062291434928 0.3150406504065041 0.049454949944382647 0.051594746716697934
4 0.9712124582869855 0.3142589118198874 0.04944382647385985 0.043777360850531584
2 0.07449388209121245 0.3908692933083177 0.05799777530589544 0.06253908692933083
5 0.13705228031145716 0.40337711069418386 0.055194660734149054 0.05941213258286429
2 0.2079532814238042 0.3994684177611007 0.06351501668520579 0.05784865540963102
6 0.2649610678531702 0.3979049405878674 0.04961067853170189 0.051594746716697934
2 0.3316907675194661 0.3971232020012508 0.0607119021134594 0.04690431519699812
7 0.3928587319243604 0.3893058161350844 0.0607007786429366 0.05941213258286429
2 0.47627363737486095 0.39399624765478425 0.05511679644048943 0.04690431519699812
8 0.5457842046718576 0.3900875547217011 0.08290322580645161 0.05472170106316448
2 0.6458954393770856 0.39165103189493433 0.06063403781979978 0.04221388367729831
9 0.6945494994438265 0.3893058161350844 0.05228031145717464 0.043777360850531584
3 0.8057730812013348 0.3893058161350844 0.04669632925472747 0.050031269543464665
3 0.9364627363737485 0.38383364602876796 0.04110122358175751 0.0484677923702314
1 0.9753837597330367 0.3822701688555347 0.03553948832035595 0.04221388367729831
3 0.07588431590656285 0.4745153220762977 0.05521690767519466 0.05472170106316448
2 0.12731924360400446 0.47373358348968103 0.04686318131256952 0.043777360850531584
3 0.23993325917686317 0.4721701063164478 0.03848720800889878 0.04690431519699812
3 0.2746941045606229 0.46904315196998125 0.06439377085650723 0.04690431519699812
7 0.3511568409343715 0.46904315196998125 0.0607119021134594 0.043777360850531584
7 0.49156840934371526 0.4659161976235147 0.05233592880978865 0.04065040650406504
1 0.5499666295884316 0.4627892432770482 0.04120133481646274 0.0375234521575985
7 0.6306006674082313 0.4635709818636648 0.057864293659621806 0.04221388367729831
2 0.6875973303670745 0.4596622889305816 0.04951056729699666 0.043777360850531584
7 0.7626696329254727 0.4541901188242652 0.049488320355951056 0.05472170106316448
3 0.8141156840934372 0.45653533458411505 0.04113459399332591 0.04690431519699812
7 0.9086540600667408 0.45653533458411505 0.05779755283648499 0.04690431519699812
4 0.9746384872080089 0.45888055034396497 0.0507230255839822 0.03908692933083177
7 0.08282536151279199 0.5409631019387117 0.0635483870967742 0.04690431519699812
5 0.132880978865406 0.542526579111945 0.05797552836484983 0.05315822388993121
7 0.21907675194660733 0.5464352720450282 0.04127919911012236 0.04534083802376485
6 0.26913236929922135 0.5401813633520951 0.046829810901001113 0.0484677923702314
7 0.32473859844271413 0.5386178861788617 0.03568409343715239 0.051594746716697934
7 0.3817352614015573 0.5409631019387117 0.04957730812013348 0.03439649781113196
4 0.10229143492769743 0.6136647904940588 0.05242491657397108 0.04534083802376485
5 0.16347052280311458 0.6152282676672921 0.05241379310344827 0.04534083802376485
6 0.2788654060066741 0.6113195747342088 0.03291434927697442 0.04065040650406504
4 0.32473859844271413 0.6097560975609756 0.06349276974416018 0.043777360850531584
9 0.47766407119021137 0.6128830519074422 0.06345939933259176 0.0375234521575985
8 0.5416240266963293 0.6097560975609756 0.057886540600667405 0.04690431519699812
8 0.7015016685205784 0.6042839274546592 0.0439377085650723 0.04221388367729831
9 0.7501557285873193 0.6066291432145091 0.04670745272525028 0.05315822388993121
1 0.8377530589543938 0.6058474046278924 0.03834260289210233 0.04221388367729831
1 0.8975305895439377 0.6066291432145091 0.05779755283648499 0.050031269543464665
9 0.15512791991101224 0.6902751719824891 0.05797552836484983 0.05784865540963102
5 0.20378197997775305 0.6902751719824891 0.044060066740823134 0.051594746716697934
7 0.4081535038932147 0.6957473420888055 0.05790878754171302 0.05315822388993121
7 0.4734927697441602 0.6973108192620388 0.0718020022246941 0.050031269543464665
1 0.8349721913236929 0.6660412757973734 0.04390433815350389 0.0375234521575985
7 0.8891879866518354 0.6676047529706066 0.04667408231368187 0.0375234521575985
3 0.5652614015572859 0.7434333958724203 0.04953281423804227 0.0484677923702314
4 0.6180867630700778 0.7457786116322702 0.04952169076751947 0.050031269543464665
9 0.6792547274749722 0.7465603502188868 0.05507230255839822 0.04534083802376485