64 0.0703125 0.0359375 0.02421875 0.03359375
69 0.090625 0.04375 0.0171875 0.01796875
108 0.1046875 0.03671875 0.015625 0.03203125
69 0.12265625 0.0421875 0.02265625 0.021875
99 0.13984375 0.04140625 0.0171875 0.02109375
84 0.1625 0.0453125 0.02890625 0.02421875
80 0.1796875 0.04296875 0.0125 0.02890625
89 0.19453125 0.04921875 0.0203125 0.0234375
69 0.215625 0.04765625 0.02578125 0.01796875
37 0.25 0.0421875 0.0265625 0.02734375
84 0.27734375 0.04140625 0.02734375 0.021875
90 0.3 0.04296875 0.02109375 0.01953125
112 0.31953125 0.040625 0.02109375 0.02421875
89 0.3390625 0.04140625 0.01875 0.021875
108 0.35546875 0.0375 0.01796875 0.02734375
90 0.37734375 0.034375 0.01640625 0.01875
71 0.39453125 0.0296875 0.02109375 0.02890625
64 0.4421875 0.03046875 0.028125 0.02421875
99 0.4640625 0.03046875 0.01640625 0.02421875
37 0.4796875 0.0328125 0.02265625 0.01875
80 0.49453125 0.02890625 0.0140625 0.02421875
89 0.51328125 0.03359375 0.02421875 0.025
56 0.54296875 0.028125 0.021875 0.02421875
112 0.56171875 0.03046875 0.01796875 0.02109375
99 0.5765625 0.03125 0.01484375 0.02109375
99 0.58984375 0.03203125 0.0140625 0.02421875
69 0.60390625 0.03203125 0.0171875 0.01953125
89 0.621875 0.03046875 0.01953125 0.02109375
108 0.6375 0.03046875 0.01640625 0.0265625
80 0.6796875 0.02578125 0.0140625 0.02578125
71 0.69765625 0.025 0.02265625 0.03125
114 0.7359375 0.0265625 0.02109375 0.021875
72 0.753125 0.03125 0.0203125 0.02109375
101 0.771875 0.03203125 0.0171875 0.01875
108 0.7984375 0.03125 0.01484375 0.02265625
76 0.815625 0.03125 0.01953125 0.021875
114 0.9078125 0.0203125 0.02421875 0.02109375
84 0.88828125 0.11640625 0.03359375 0.0234375
11 0.9203125 0.1109375 0.0296875 0.0296875
80 0.1234375 0.103125 0.0109375 0.0328125
64 0.14375 0.1125 0.03125 0.028125
114 0.2421875 0.11328125 0.02265625 0.0296875
64 0.265625 0.11484375 0.01796875 0.02265625
64 0.2890625 0.11171875 0.02421875 0.021875
114 0.36484375 0.10859375 0.025 0.0234375
64 0.3875 0.11328125 0.0203125 0.01953125
101 0.41015625 0.11171875 0.02265625 0.02265625
99 0.2765625 0.15390625 0.03125 0.025
64 0.309375 0.1578125 0.0203125 0.02265625
108 0.24921875 0.19921875 0.0203125 0.03046875
99 0.26875 0.203125 0.0203125 0.02109375
90 0.28671875 0.2046875 0.0203125 0.01796875
112 0.3078125 0.20546875 0.02109375 0.021875
50 0.328125 0.2 0.02109375 0.02734375
83 0.34296875 0.2 0.01171875 0.028125
69 0.35859375 0.203125 0.02109375 0.021875
101 0.38984375 0.20078125 0.025 0.02734375
76 0.41484375 0.19921875 0.02421875 0.03046875
90 0.4359375 0.203125 0.01953125 0.0171875
90 0.4546875 0.2046875 0.01875 0.01796875
108 0.4734375 0.203125 0.01484375 0.0265625
80 0.48515625 0.20234375 0.01015625 0.02109375
89 0.50078125 0.20625 0.02421875 0.0234375
72 0.521875 0.2140625 0.0234375 0.0328125
114 0.209375 0.24921875 0.02265625 0.025
64 0.23984375 0.2515625 0.02109375 0.02265625
114 0.30078125 0.2453125 0.02109375 0.0203125
64 0.31875 0.24375 0.0140625 0.01875
64 0.3375 0.24375 0.01875 0.02109375
56 0.13515625 0.2890625 0.021875 0.02265625
76 0.15390625 0.28671875 0.01875 0.025
69 0.17265625 0.2890625 0.01875 0.01875
56 0.18828125 0.28828125 0.0171875 0.02109375
82 0.20703125 0.2875 0.02578125 0.02421875
56 0.240625 0.2875 0.0171875 0.0234375
90 0.25546875 0.28984375 0.01875 0.0171875
89 0.275 0.28828125 0.01796875 0.01796875
89 0.29140625 0.28828125 0.0171875 0.01796875
69 0.309375 0.2875 0.01953125 0.0203125
56 0.32734375 0.2875 0.01875 0.02109375
108 0.33984375 0.284375 0.0140625 0.02421875
80 0.3546875 0.284375 0.0125 0.02265625
90 0.3703125 0.2859375 0.01796875 0.01796875
89 0.3875 0.2859375 0.01796875 0.01875
101 0.40703125 0.2859375 0.02109375 0.025
89 0.14765625 0.328125 0.01953125 0.01875
90 0.16875 0.32890625 0.021875 0.0140625
72 0.20078125 0.3328125 0.02265625 0.0296875
99 0.221875 0.3296875 0.01640625 0.01875
90 0.2390625 0.33046875 0.0203125 0.01953125
112 0.26015625 0.33046875 0.01640625 0.0203125
89 0.2796875 0.33046875 0.0203125 0.01796875
64 0.2984375 0.3265625 0.025 0.021875
90 0.33125 0.328125 0.015625 0.0171875
89 0.35 0.3265625 0.01953125 0.02109375
99 0.3859375 0.3234375 0.03203125 0.0328125
101 0.409375 0.328125 0.01796875 0.025
89 0.27421875 0.371875 0.02109375 0.0234375
69 0.253125 0.371875 0.021875 0.025
91 0.2296875 0.37265625 0.02265625 0.0265625
90 0.20703125 0.3734375 0.01875 0.01875
101 0.17421875 0.37265625 0.02265625 0.0203125
99 0.14296875 0.36875 0.0296875 0.025
90 0.1484375 0.4171875 0.02265625 0.021875
91 0.1734375 0.421875 0.021875 0.02734375
69 0.1953125 0.41875 0.01875 0.01953125
89 0.21484375 0.41953125 0.021875 0.0203125
64 0.25078125 0.415625 0.025 0.02734375
99 0.2734375 0.4140625 0.01640625 0.021875
37 0.2921875 0.41484375 0.02109375 0.01953125
80 0.31015625 0.41171875 0.01640625 0.0296875
89 0.33046875 0.4140625 0.02421875 0.028125
83 0.36640625 0.41484375 0.01328125 0.03125
69 0.38359375 0.4171875 0.0171875 0.01875
37 0.4 0.41640625 0.02109375 0.0203125
64 0.421875 0.4109375 0.02421875 0.0359375
56 0.475 0.41640625 0.021875 0.02421875
112 0.49453125 0.41953125 0.02109375 0.01875
99 0.51171875 0.41953125 0.01484375 0.01796875
99 0.5265625 0.4203125 0.01640625 0.02265625
69 0.53984375 0.42265625 0.01796875 0.021875
89 0.55859375 0.4234375 0.021875 0.0203125
108 0.5796875 0.4203125 0.0203125 0.02734375
90 0.1546875 0.47109375 0.02265625 0.0171875
91 0.1796875 0.4765625 0.025 0.028125
69 0.2015625 0.47421875 0.021875 0.02109375
89 0.2265625 0.47421875 0.02578125 0.025
101 0.26796875 0.46796875 0.0203125 0.0265625
90 0.2890625 0.47421875 0.01953125 0.0203125
112 0.3109375 0.475 0.0234375 0.025
99 0.33125 0.471875 0.0203125 0.025
56 0.34765625 0.47421875 0.01640625 0.0265625
69 0.36484375 0.47734375 0.02109375 0.01875
83 0.39453125 0.47265625 0.01328125 0.0265625
69 0.40546875 0.4734375 0.01640625 0.01875
37 0.421875 0.47421875 0.0203125 0.0234375
64 0.44453125 0.4671875 0.025 0.0328125
56 0.478125 0.471875 0.0265625 0.02578125
112 0.50078125 0.47578125 0.025 0.02109375
99 0.52109375 0.475 0.0171875 0.025
99 0.5359375 0.4765625 0.0171875 0.021875
69 0.553125 0.4765625 0.021875 0.02421875
89 0.57109375 0.47890625 0.01953125 0.0234375
108 0.5921875 0.47265625 0.01796875 0.03203125
71 0.16875 0.51796875 0.02421875 0.03515625
69 0.19921875 0.51796875 0.02421875 0.02578125
80 0.265625 0.5171875 0.0109375 0.0234375
89 0.2828125 0.51953125 0.021875 0.02109375
108 0.303125 0.51796875 0.01484375 0.0296875
69 0.3234375 0.52265625 0.0203125 0.0203125
99 0.34140625 0.5234375 0.02109375 0.02265625
89 0.36328125 0.525 0.02109375 0.01796875
37 0.3828125 0.5265625 0.021875 0.0203125
83 0.40078125 0.5234375 0.01171875 0.028125
117 0.4203125 0.5359375 0.02109375 0.03515625
90 0.46484375 0.52890625 0.021875 0.01796875
91 0.4859375 0.53359375 0.021875 0.02265625
69 0.50703125 0.53203125 0.0234375 0.02109375
89 0.5296875 0.5296875 0.02109375 0.0203125
50 0.571875 0.5296875 0.021875 0.02734375
69 0.5921875 0.53359375 0.0203125 0.01953125
108 0.60625 0.5296875 0.01328125 0.02734375
115 0.63203125 0.53203125 0.03359375 0.02265625
69 0.66015625 0.5328125 0.01875 0.02265625
69 0.67734375 0.53359375 0.01484375 0.025
89 0.69765625 0.5359375 0.02265625 0.0234375
64 0.246875 0.54765625 0.0296875 0.0234375
99 0.2734375 0.55078125 0.01875 0.021875
37 0.29140625 0.55703125 0.02265625 0.02109375
80 0.31015625 0.553125 0.0140625 0.02734375
89 0.325 0.56015625 0.0234375 0.0203125
37 0.3578125 0.56015625 0.02265625 0.0265625
89 0.378125 0.56015625 0.02109375 0.0203125
64 0.40234375 0.56015625 0.02578125 0.02734375
101 0.44375 0.5640625 0.01953125 0.02734375
90 0.4625 0.5671875 0.021875 0.021875
112 0.48515625 0.56875 0.0203125 0.0265625
99 0.5046875 0.56953125 0.01484375 0.02265625
56 0.51875 0.571875 0.01484375 0.02890625
69 0.5359375 0.5765625 0.01953125 0.0234375
114 0.165625 0.61015625 0.03046875 0.03203125
64 0.19296875 0.6171875 0.02421875 0.02578125
101 0.23984375 0.61875 0.028125 0.0265625
80 0.259375 0.6171875 0.0125 0.028125
72 0.27734375 0.6296875 0.02109375 0.03515625
89 0.3015625 0.621875 0.025 0.02265625
80 0.31875 0.6171875 0.00859375 0.03046875
71 0.334375 0.61796875 0.0203125 0.034375
80 0.35078125 0.61875 0.0109375 0.02578125
56 0.36796875 0.61953125 0.0203125 0.02578125
37 0.390625 0.625 0.02265625 0.02578125
89 0.41640625 0.6234375 0.02265625 0.0234375
108 0.43515625 0.61953125 0.0125 0.02421875
83 0.44921875 0.61875 0.0109375 0.028125
117 0.46640625 0.6359375 0.021875 0.03671875
83 0.50703125 0.61953125 0.0203125 0.03828125
69 0.52265625 0.62578125 0.01171875 0.01953125
101 0.53515625 0.6265625 0.01171875 0.025
101 0.54765625 0.6265625 0.0140625 0.0265625
108 0.578125 0.62421875 0.0140625 0.028125
76 0.5921875 0.62265625 0.01796875 0.028125
37 0.61015625 0.62734375 0.02265625 0.021875
89 0.63203125 0.628125 0.02265625 0.021875
89 0.66796875 0.6265625 0.0171875 0.02265625
90 0.68671875 0.63203125 0.02109375 0.02109375
99 0.7046875 0.63046875 0.0171875 0.02421875
84 0.72578125 0.63125 0.03046875 0.02421875
37 0.7453125 0.6296875 0.01875 0.01875
83 0.765625 0.625 0.0234375 0.0375
90 0.13984375 0.67109375 0.0265625 0.02265625
91 0.1640625 0.6734375 0.02578125 0.02578125
69 0.1859375 0.67265625 0.0234375 0.01875
89 0.20859375 0.671875 0.0234375 0.0203125
99 0.25234375 0.67109375 0.028125 0.0265625
72 0.28125 0.6796875 0.02421875 0.0234375
90 0.1359375 0.70546875 0.02265625 0.01875
91 0.1546875 0.7078125 0.01796875 0.025
69 0.17421875 0.70546875 0.01875 0.01875
89 0.19296875 0.70703125 0.0203125 0.01796875
72 0.23125 0.7140625 0.01953125 0.03046875
37 0.25 0.7109375 0.01953125 0.02265625
108 0.2671875 0.7078125 0.01484375 0.02734375
69 0.28515625 0.715625 0.025 0.01484375
83 0.315625 0.7078125 0.02421875 0.03125
37 0.3546875 0.71640625 0.0296875 0.03125
64 0.3828125 0.71171875 0.0296875 0.040625
71 0.1546875 0.75390625 0.0265625 0.03046875
69 0.178125 0.7546875 0.028125 0.02734375
108 0.2109375 0.7578125 0.02578125 0.02734375
69 0.25390625 0.76171875 0.0203125 0.01875
89 0.2734375 0.76640625 0.02109375 0.01875
108 0.29140625 0.7609375 0.015625 0.03046875
69 0.31171875 0.7671875 0.02421875 0.01875
84 0.33828125 0.76953125 0.0296875 0.02109375
37 0.3625 0.7703125 0.02578125 0.02265625
83 0.3828125 0.76328125 0.01640625 0.034375
117 0.3984375 0.78203125 0.01953125 0.03515625
76 0.4375 0.76640625 0.02109375 0.034375
37 0.45859375 0.77421875 0.025 0.01953125
101 0.47734375 0.7765625 0.01875 0.0296875
90 0.50390625 0.7765625 0.021875 0.01875
91 0.528125 0.77734375 0.0234375 0.02890625
69 0.54609375 0.778125 0.01953125 0.021875
89 0.56328125 0.78125 0.01953125 0.02109375
72 0.59375 0.79140625 0.02421875 0.0390625
37 0.61875 0.78515625 0.02421875 0.0234375
108 0.6390625 0.78125 0.01640625 0.03125
69 0.6578125 0.78984375 0.0234375 0.02578125