7 0.19721913236929922 0.08711069418386491 0.15440489432703003 0.1443089430894309
8 0.3803448275862069 0.10649781113195747 0.1647052280311457 0.17641651031894934
9 0.5275083426028921 0.10524702939337086 0.1549944382647386 0.162245153220763
1 0.7269521690767519 0.10045028142589119 0.15342602892102336 0.15098811757348343
0 0.8481646273637374 0.11399624765478424 0.13631813125695216 0.11138836772983116
1 0.1167853170189099 0.29949968730456533 0.11959955506117909 0.1239524702939337
5 0.23651835372636262 0.3017948717948718 0.12918798665183537 0.13187617260787993
1 0.4207563959955506 0.30033771106941837 0.1342825361512792 0.1472983114446529
6 0.5278865406006674 0.30658536585365853 0.11866518353726363 0.12645403377110692
1 0.6802447163515016 0.3024202626641651 0.10451612903225806 0.13479049405878674
7 0.8151724137931035 0.3005440900562852 0.15190211345939933 0.14271419637273294
2 0.09120133481646273 0.4551969981238274 0.13518353726362625 0.1335897435897436
2 0.22502780867630703 0.4516510318949344 0.15809788654060067 0.11983114446529082
2 0.44337041156840934 0.44352095059412133 0.1424360400444939 0.09856785490931834
3 0.5679199110122358 0.44956848030018765 0.10975528364849833 0.12400250156347717
2 0.7217575083426029 0.45248905565978736 0.11339265850945494 0.1181676047529706
4 0.841868743047831 0.4462351469668543 0.11629588431590655 0.10565978736710444
2 0.13754171301446053 0.6144402751719825 0.14628476084538375 0.11529706066291433
9 0.25542825361512794 0.6136022514071294 0.10025583982202446 0.10863039399624765
3 0.45670745272525026 0.6102689180737961 0.1246273637374861 0.14864915572232645
0 0.566440489432703 0.6161038148843027 0.1067853170189099 0.11196372732958099
3 0.763281423804227 0.6033896185115698 0.10744160177975529 0.13322076297686056
1 0.8570745272525028 0.6004752970606629 0.07996662958843159 0.13905565978736711
7 0.09862068965517241 0.767010631644778 0.15 0.1270168855534709
2 0.23874304783092323 0.7609631019387116 0.11879866518353727 0.101588492808005
7 0.3907230255839822 0.7532520325203252 0.12614015572858733 0.12951844903064416
3 0.5008342602892102 0.7574233896185115 0.0867964404894327 0.12951844903064416
7 0.6935817575083426 0.7615947467166979 0.16084538375973303 0.14619136960600373
4 0.8526140155728588 0.7640900562851782 0.1303781979977753 0.1328517823639775