11 0.1078125 0.05390625 0.0078125 0.0171875
14 0.11640625 0.05546875 0.01171875 0.0109375
22 0.12890625 0.0546875 0.01640625 0.01171875
4 0.14375 0.05625 0.0109375 0.0109375
17 0.15546875 0.05546875 0.01171875 0.0125
1 0.18671875 0.05 0.0140625 0.01328125
22 0.2015625 0.0484375 0.015625 0.01328125
17 0.22890625 0.0484375 0.0109375 0.01171875
4 0.2375 0.0484375 0.00859375 0.01015625
16 0.24609375 0.05078125 0.01015625 0.0140625
20 0.26015625 0.04609375 0.0109375 0.0109375
17 0.2765625 0.0453125 0.0109375 0.01015625
4 0.28828125 0.0453125 0.009375 0.00859375
12 0.30390625 0.04375 0.01640625 0.009375
4 0.3171875 0.04375 0.0109375 0.00859375
13 0.3296875 0.0421875 0.0125 0.01171875
19 0.3390625 0.03984375 0.01015625 0.0140625
18 0.35078125 0.0390625 0.01015625 0.0125
15 0.1046875 0.07578125 0.009375 0.01171875
18 0.11328125 0.07890625 0.0109375 0.0109375
19 0.12109375 0.0796875 0.01171875 0.0109375
13 0.134375 0.07890625 0.0171875 0.01328125
10 0.2 0.09921875 0.009375 0.0109375
1 0.209375 0.09765625 0.009375 0.0125
15 0.2203125 0.09765625 0.01015625 0.01328125
18 0.22890625 0.09453125 0.01015625 0.01015625
7 0.10625 0.125 0.0140625 0.01640625
20 0.11875 0.1296875 0.0109375 0.01171875
12 0.13125 0.1296875 0.01328125 0.0109375
0 0.14140625 0.1296875 0.01015625 0.009375
13 0.15234375 0.128125 0.01171875 0.009375
18 0.16953125 0.125 0.0125 0.0140625
15 0.17890625 0.12890625 0.01015625 0.0140625
4 0.18828125 0.12578125 0.0078125 0.00859375
4 0.19453125 0.12421875 0.0078125 0.00859375
2 0.20234375 0.1234375 0.0109375 0.01171875
7 0.2125 0.1203125 0.01015625 0.0125
5 0.22890625 0.11875 0.0078125 0.015625
17 0.23515625 0.121875 0.00625 0.01015625
4 0.2421875 0.121875 0.00703125 0.00703125
16 0.2484375 0.12578125 0.009375 0.01640625
20 0.25703125 0.1203125 0.00859375 0.0109375
13 0.27265625 0.11875 0.009375 0.009375
2 0.28203125 0.11640625 0.01015625 0.01171875
24 0.29140625 0.12265625 0.0078125 0.01640625
10 0.3453125 0.11171875 0.01328125 0.0125
7 0.36015625 0.1109375 0.0109375 0.0125
25 0.3734375 0.11171875 0.01171875 0.009375
13 0.11015625 0.1515625 0.01328125 0.0125
24 0.121875 0.1578125 0.009375 0.01484375
16 0.1296875 0.15625 0.0078125 0.01328125
20 0.13828125 0.153125 0.00859375 0.01015625
8 0.14609375 0.15078125 0.00625 0.01484375
18 0.15234375 0.15234375 0.01015625 0.01015625
19 0.16171875 0.15 0.00859375 0.0125
19 0.17734375 0.14765625 0.0078125 0.01328125
7 0.18515625 0.14765625 0.00859375 0.01171875
4 0.19453125 0.1484375 0.00703125 0.00859375
14 0.20234375 0.1484375 0.00859375 0.00859375
17 0.21015625 0.146875 0.00859375 0.009375
4 0.21796875 0.14765625 0.009375 0.00859375
12 0.23046875 0.14609375 0.01484375 0.00859375
18 0.30546875 0.1390625 0.00859375 0.0125
0 0.31484375 0.140625 0.01015625 0.0078125
12 0.325 0.13984375 0.01171875 0.00859375
15 0.33515625 0.13984375 0.009375 0.01484375
11 0.3421875 0.1359375 0.0046875 0.01171875
4 0.3484375 0.13828125 0.0078125 0.0078125
18 0.3578125 0.1359375 0.00859375 0.01015625
15 0.38046875 0.13671875 0.00859375 0.0125
4 0.38828125 0.1359375 0.00859375 0.0078125
17 0.39765625 0.134375 0.009375 0.0078125
18 0.4125 0.13359375 0.01015625 0.01015625
4 0.42265625 0.134375 0.01015625 0.0078125
2 0.43203125 0.1328125 0.0078125 0.00859375
14 0.440625 0.1328125 0.009375 0.00859375
13 0.45 0.1328125 0.009375 0.009375
3 0.46015625 0.13046875 0.0125 0.0125
1 0.184375 0.1734375 0.009375 0.009375
8 0.18984375 0.17109375 0.0046875 0.0125
19 0.19609375 0.171875 0.0078125 0.01015625
18 0.20390625 0.17109375 0.01015625 0.009375
12 0.2359375 0.16953125 0.0140625 0.00859375
14 0.24765625 0.16953125 0.009375 0.00859375
17 0.25625 0.16796875 0.0078125 0.00859375
4 0.265625 0.1671875 0.009375 0.01015625
14 0.28671875 0.1671875 0.0109375 0.01015625
13 0.2984375 0.165625 0.01328125 0.00859375
19 0.31171875 0.1625 0.00625 0.01171875
7 0.31875 0.16171875 0.00859375 0.01328125
8 0.32578125 0.16171875 0.00625 0.0125
18 0.33359375 0.1625 0.00859375 0.0109375
11 0.35078125 0.15859375 0.00859375 0.01796875
0 0.36015625 0.1625 0.0109375 0.00859375
19 0.36875 0.15859375 0.00859375 0.01484375
4 0.37734375 0.16171875 0.0078125 0.00859375
17 0.38671875 0.16015625 0.01015625 0.009375
18 0.5296875 0.12734375 0.0125 0.0125
0 0.53984375 0.128125 0.00859375 0.0078125
12 0.55078125 0.12734375 0.0140625 0.0078125
15 0.5640625 0.1296875 0.01171875 0.0140625
11 0.56953125 0.12421875 0.00625 0.01171875
4 0.578125 0.1265625 0.0109375 0.009375
18 0.60078125 0.125 0.01015625 0.0125
8 0.6109375 0.1234375 0.0078125 0.0140625
25 0.6203125 0.1265625 0.01171875 0.0109375
4 0.634375 0.12734375 0.01484375 0.00859375
4 0.6640625 0.1234375 0.0109375 0.009375
23 0.67578125 0.12265625 0.009375 0.009375
15 0.68828125 0.12421875 0.01171875 0.01484375
4 0.70078125 0.12265625 0.01015625 0.0078125
2 0.709375 0.121875 0.009375 0.009375
19 0.7171875 0.11796875 0.00859375 0.01328125
8 0.72421875 0.11796875 0.00703125 0.0125
13 0.7328125 0.11953125 0.01015625 0.009375
6 0.740625 0.12578125 0.009375 0.01875
3 0.77578125 0.115625 0.0140625 0.0140625
14 0.78828125 0.11953125 0.01015625 0.009375
20 0.80390625 0.11875 0.01015625 0.01015625
1 0.8140625 0.1171875 0.01015625 0.01328125
4 0.82890625 0.11875 0.009375 0.009375
8 0.83984375 0.1140625 0.01015625 0.01484375
19 0.84921875 0.11328125 0.01171875 0.01875
18 0.1015625 0.22109375 0.01640625 0.015625
14 0.11484375 0.22578125 0.00859375 0.0125
15 0.121875 0.2265625 0.00859375 0.015625
7 0.1296875 0.22109375 0.01015625 0.01484375
8 0.1375 0.221875 0.0046875 0.0140625
18 0.14296875 0.2234375 0.00703125 0.0109375
19 0.14921875 0.22265625 0.00703125 0.01328125
8 0.15546875 0.22265625 0.00625 0.009375
2 0.16328125 0.22265625 0.009375 0.01171875
0 0.17109375 0.2234375 0.00859375 0.009375
19 0.17890625 0.2203125 0.009375 0.0109375
4 0.18671875 0.22109375 0.009375 0.009375
3 0.19609375 0.21953125 0.0109375 0.0140625
2 0.2328125 0.2171875 0.01171875 0.01171875
14 0.24296875 0.21796875 0.0109375 0.01015625
3 0.25546875 0.2140625 0.0125 0.01484375
17 0.27109375 0.21484375 0.009375 0.009375
18 0.28046875 0.2140625 0.009375 0.0109375
10 0.13125 0.24765625 0.01328125 0.01484375
1 0.14296875 0.24765625 0.01015625 0.0140625
15 0.15234375 0.25234375 0.009375 0.01484375
18 0.1609375 0.246875 0.009375 0.01171875
10 0.21171875 0.24453125 0.0125 0.0140625
1 0.22421875 0.24296875 0.0125 0.0140625
15 0.2375 0.24765625 0.0109375 0.01484375
18 0.24765625 0.24375 0.01015625 0.0109375
10 0.28671875 0.240625 0.01171875 0.01328125
1 0.303125 0.23828125 0.0140625 0.0140625
15 0.31640625 0.23984375 0.0109375 0.01484375
18 0.33046875 0.2390625 0.01015625 0.01171875
10 0.4015625 0.23203125 0.0140625 0.0109375
1 0.41484375 0.23203125 0.01015625 0.0140625
15 0.428125 0.23671875 0.01328125 0.015625
18 0.43984375 0.23515625 0.01015625 0.0109375
10 0.503125 0.2296875 0.0125 0.01328125
1 0.5140625 0.22734375 0.01015625 0.0125
15 0.5265625 0.23359375 0.01171875 0.01640625
18 0.53828125 0.2296875 0.01171875 0.0140625
0 0.56796875 0.22890625 0.01328125 0.0109375
21 0.58046875 0.228125 0.009375 0.0109375
0 0.5890625 0.22734375 0.0109375 0.01328125
11 0.60546875 0.2234375 0.00703125 0.01640625
0 0.6140625 0.22734375 0.0125 0.01015625
1 0.62734375 0.22421875 0.0109375 0.01640625
11 0.63515625 0.2234375 0.00703125 0.0171875
4 0.64453125 0.228125 0.01015625 0.0109375
6 0.10546875 0.26953125 0.0140625 0.0171875
18 0.11796875 0.2703125 0.0109375 0.01484375
12 0.13046875 0.2703125 0.0171875 0.0140625
10 0.1828125 0.26953125 0.015625 0.01171875
1 0.19609375 0.26796875 0.01328125 0.01171875
15 0.2109375 0.26875 0.0109375 0.0125
18 0.2234375 0.26796875 0.01015625 0.01015625
4 0.25625 0.2671875 0.01015625 0.01015625
5 0.2671875 0.265625 0.0078125 0.01484375
5 0.27421875 0.265625 0.00703125 0.01484375
8 0.2828125 0.2640625 0.0078125 0.01015625
2 0.29609375 0.26484375 0.0109375 0.01015625
8 0.30390625 0.2625 0.00546875 0.0125
4 0.309375 0.265625 0.0078125 0.009375
13 0.3171875 0.2640625 0.00859375 0.0078125
19 0.3265625 0.2625 0.009375 0.01328125
4 0.3375 0.26328125 0.01015625 0.00859375
18 0.109375 0.29609375 0.0109375 0.0140625
0 0.11796875 0.2984375 0.01015625 0.009375
21 0.12734375 0.29765625 0.0078125 0.00859375
4 0.1359375 0.296875 0.0078125 0.01015625
18 0.14375 0.296875 0.009375 0.01015625
1 0.1640625 0.29453125 0.0109375 0.0140625
1 0.2046875 0.29140625 0.0109375 0.0140625
22 0.17890625 0.296875 0.01640625 0.0125
24 0.2140625 0.29765625 0.00859375 0.0140625
24 0.28515625 0.31875 0.0109375 0.015625
18 0.234375 0.2921875 0.01171875 0.0125
8 0.2421875 0.28984375 0.0046875 0.01484375
11 0.24609375 0.28984375 0.00625 0.01484375
4 0.25390625 0.290625 0.00703125 0.01171875
13 0.26171875 0.290625 0.0109375 0.009375
2 0.2703125 0.28984375 0.0078125 0.01171875
4 0.278125 0.29140625 0.01015625 0.009375
3 0.29453125 0.28671875 0.01171875 0.01640625
4 0.303125 0.28984375 0.00859375 0.01171875
19 0.309375 0.2875 0.00703125 0.015625
4 0.31796875 0.2890625 0.00703125 0.009375
2 0.32578125 0.28828125 0.0078125 0.01015625
19 0.33125 0.28515625 0.00625 0.01484375
8 0.33671875 0.2875 0.0046875 0.0109375
14 0.34609375 0.2890625 0.0125 0.009375
13 0.36015625 0.28828125 0.015625 0.01015625
19 0.0890625 0.31875 0.01484375 0.01328125
17 0.09921875 0.31953125 0.0109375 0.01015625
0 0.1078125 0.32265625 0.0109375 0.009375
3 0.11953125 0.31953125 0.0109375 0.01328125
8 0.12734375 0.31796875 0.00703125 0.01484375
19 0.13359375 0.3203125 0.00859375 0.0125
8 0.14296875 0.31953125 0.00703125 0.01171875
14 0.1484375 0.321875 0.00859375 0.00859375
13 0.159375 0.32109375 0.0109375 0.0109375
0 0.171875 0.32265625 0.0109375 0.009375
11 0.18046875 0.31875 0.00546875 0.01484375
19 0.21328125 0.31796875 0.00625 0.01484375
4 0.221875 0.32109375 0.01015625 0.01015625
11 0.2296875 0.31875 0.0078125 0.01953125
4 0.23671875 0.32109375 0.0078125 0.01015625
15 0.24453125 0.321875 0.0109375 0.01484375
15 0.1328125 0.37109375 0.0125 0.01484375
7 0.2546875 0.31484375 0.0109375 0.01171875
14 0.2640625 0.31640625 0.01015625 0.00859375
14 0.32265625 0.340625 0.01171875 0.009375
14 0.11796875 0.371875 0.00625 0.00546875
14 0.1921875 0.37109375 0.0125 0.0109375
14 0.26875 0.36875 0.00859375 0.0078125
13 0.27421875 0.315625 0.0109375 0.0109375
13 0.315625 0.3140625 0.01015625 0.0109375
13 0.303125 0.33984375 0.01015625 0.0109375
13 0.1015625 0.346875 0.01015625 0.009375
13 0.2265625 0.36953125 0.01015625 0.009375
4 0.32421875 0.3140625 0.0078125 0.0109375
19 0.33046875 0.3125 0.00859375 0.01328125
22 0.34296875 0.3140625 0.01875 0.0109375
14 0.35625 0.315625 0.0125 0.0109375
17 0.3671875 0.3140625 0.01171875 0.0109375
10 0.38046875 0.3109375 0.0140625 0.01328125
18 0.39375 0.31328125 0.01015625 0.01171875
18 0.084375 0.3453125 0.01328125 0.015625
8 0.09375 0.3453125 0.00859375 0.01171875
8 0.13671875 0.3453125 0.0078125 0.01328125
8 0.184375 0.34296875 0.00703125 0.0140625
2 0.11015625 0.34609375 0.009375 0.01171875
2 0.4 0.3375 0.01015625 0.0109375
4 0.1203125 0.34765625 0.01328125 0.0109375
4 0.221875 0.34375 0.0125 0.01015625
4 0.29296875 0.33984375 0.01171875 0.01015625
4 0.39140625 0.33828125 0.01171875 0.01171875
4 0.215625 0.36953125 0.0109375 0.009375
22 0.17265625 0.346875 0.01875 0.01171875
19 0.14609375 0.34453125 0.0125 0.01484375
11 0.18828125 0.34453125 0.0046875 0.01328125
11 0.19375 0.34453125 0.0078125 0.01484375
21 0.10859375 0.36953125 0.0109375 0.0125
8 0.12421875 0.3703125 0.00546875 0.01328125
19 0.16640625 0.371875 0.01015625 0.0109375
22 0.178125 0.3703125 0.01640625 0.01015625
17 0.21171875 0.34375 0.01171875 0.01015625
16 0.2296875 0.34765625 0.01015625 0.01875
4 0.26015625 0.34375 0.0109375 0.0109375
21 0.28203125 0.3390625 0.01328125 0.0140625
3 0.31328125 0.33828125 0.0125 0.01484375
17 0.3359375 0.3390625 0.0140625 0.01328125
18 0.36875 0.3359375 0.015625 0.01640625
15 0.38046875 0.340625 0.01015625 0.0140625
3 0.23515625 0.3671875 0.01171875 0.0140625
18 0.24609375 0.36953125 0.0109375 0.009375
5 0.27890625 0.36640625 0.009375 0.01328125
19 0.29609375 0.365625 0.0078125 0.0125
7 0.3046875 0.365625 0.009375 0.0125
4 0.31484375 0.36796875 0.0109375 0.0078125
2 0.33984375 0.36640625 0.0125 0.01484375
0 0.3515625 0.3671875 0.0109375 0.00859375
11 0.3578125 0.3640625 0.00546875 0.015625
11 0.3640625 0.3640625 0.00703125 0.01640625
8 0.40859375 0.3328125 0.00625 0.01640625
5 0.41484375 0.33671875 0.009375 0.01640625
8 0.42421875 0.33359375 0.0078125 0.01640625
2 0.434375 0.3359375 0.01484375 0.01171875
2 0.4171875 0.31015625 0.0140625 0.015625
0 0.43046875 0.3125 0.0125 0.01015625
0 0.44453125 0.36328125 0.00859375 0.01171875
13 0.44609375 0.3109375 0.01328125 0.01171875
13 0.54296875 0.33359375 0.0109375 0.0125
13 0.521875 0.3609375 0.00859375 0.009375
13 0.396875 0.36640625 0.009375 0.00859375
20 0.46953125 0.309375 0.01484375 0.01328125
20 0.478125 0.3375 0.01171875 0.01484375
18 0.48203125 0.309375 0.009375 0.0140625
18 0.54609375 0.36015625 0.01171875 0.0140625
4 0.49453125 0.31015625 0.01484375 0.01484375
4 0.45390625 0.3359375 0.0109375 0.01328125
4 0.40546875 0.365625 0.0109375 0.0109375
4 0.46328125 0.36328125 0.01484375 0.0125
4 0.53125 0.3328125 0.0125 0.0109375
4 0.55390625 0.30625 0.009375 0.01328125
2 0.5140625 0.30703125 0.01328125 0.0125
2 0.484375 0.359375 0.015625 0.0140625
2 0.55546875 0.3609375 0.0109375 0.01328125
14 0.5265625 0.309375 0.009375 0.0125
14 0.49453125 0.36328125 0.01015625 0.01015625
14 0.42421875 0.3640625 0.01015625 0.009375
6 0.41328125 0.36953125 0.0109375 0.01875
16 0.4640625 0.3390625 0.0109375 0.01796875
3 0.540625 0.3046875 0.01484375 0.01640625
3 0.50390625 0.3609375 0.0140625 0.01171875
15 0.49921875 0.33671875 0.01484375 0.01875
17 0.5640625 0.30546875 0.0109375 0.0109375
17 0.515625 0.35859375 0.0078125 0.0140625
19 0.55703125 0.3296875 0.0109375 0.01796875
6 0.52890625 0.3671875 0.01171875 0.0234375
19 0.453125 0.36171875 0.01015625 0.015625
19 0.43203125 0.36015625 0.0078125 0.015625
8 0.43828125 0.36015625 0.00625 0.01328125
12 0.51640625 0.33359375 0.0171875 0.0125
7 0.56640625 0.36015625 0.01328125 0.01484375
4 0.57890625 0.3625 0.01171875 0.01015625
4 0.609375 0.3609375 0.0109375 0.009375
4 0.7734375 0.3015625 0.0109375 0.01015625
12 0.59375 0.3609375 0.0171875 0.01328125
12 0.73671875 0.30078125 0.0203125 0.01171875
18 0.57421875 0.30625 0.01015625 0.0125
19 0.58984375 0.303125 0.01015625 0.015625
19 0.66953125 0.30078125 0.01171875 0.0140625
19 0.70234375 0.30234375 0.01015625 0.01640625
14 0.6 0.30625 0.01015625 0.01015625
14 0.6125 0.3078125 0.0125 0.01015625
14 0.75390625 0.30234375 0.01171875 0.0109375
17 0.7640625 0.3 0.0109375 0.01171875
1 0.64140625 0.303125 0.01328125 0.01484375
20 0.65703125 0.303125 0.0140625 0.01171875
8 0.690625 0.3 0.0078125 0.01875
18 0.715625 0.30078125 0.0125 0.015625
3 0.7890625 0.296875 0.01484375 0.01640625
8 0.80234375 0.2953125 0.009375 0.01640625
8 0.8328125 0.29765625 0.00625 0.0140625
5 0.81328125 0.296875 0.00859375 0.01875
5 0.82265625 0.29765625 0.01015625 0.0171875
2 0.84453125 0.2984375 0.0140625 0.0125
20 0.85859375 0.296875 0.01328125 0.01328125
11 0.86875 0.2953125 0.009375 0.01796875
19 0.87734375 0.29765625 0.01015625 0.01953125
8 0.08828125 0.415625 0.00546875 0.01875
15 0.09765625 0.41484375 0.01328125 0.01953125
0 0.1171875 0.41796875 0.0171875 0.01640625
21 0.13203125 0.41953125 0.01015625 0.015625
0 0.14140625 0.42109375 0.0109375 0.01328125
11 0.15546875 0.4171875 0.0046875 0.01875
0 0.16171875 0.42109375 0.01015625 0.0109375
1 0.17421875 0.41875 0.01328125 0.01640625
1 0.19453125 0.41796875 0.0078125 0.01640625
11 0.1875 0.41953125 0.00546875 0.01640625
19 0.203125 0.41796875 0.00703125 0.01796875
24 0.21328125 0.4265625 0.01484375 0.02421875
11 0.0875 0.44609375 0.009375 0.01484375
0 0.09765625 0.4453125 0.01171875 0.0125
13 0.109375 0.44609375 0.0125 0.0125
18 0.11875 0.44609375 0.01015625 0.01328125
0 0.134375 0.4484375 0.01171875 0.01015625
0 0.1515625 0.47421875 0.01171875 0.0109375
0 0.18125 0.44609375 0.00859375 0.009375
13 0.1453125 0.446875 0.00859375 0.0109375
13 0.09296875 0.471875 0.009375 0.0078125
13 0.21796875 0.496875 0.009375 0.00859375
13 0.2796875 0.52265625 0.00859375 0.00859375
3 0.15390625 0.44609375 0.01171875 0.01484375
22 0.1703125 0.44609375 0.01484375 0.01328125
22 0.3234375 0.49609375 0.0125 0.01015625
13 0.19140625 0.44609375 0.01171875 0.01328125
18 0.2015625 0.446875 0.0078125 0.0125
18 0.16171875 0.49609375 0.009375 0.01328125
18 0.18828125 0.471875 0.00703125 0.0109375
18 0.10625 0.5203125 0.009375 0.01171875
8 0.0859375 0.46953125 0.00703125 0.0140625
8 0.10625 0.4953125 0.00625 0.01171875
8 0.30625 0.51953125 0.0046875 0.0140625
19 0.09921875 0.47109375 0.0078125 0.01171875
19 0.13828125 0.471875 0.0078125 0.0140625
19 0.13515625 0.49765625 0.00625 0.015625
12 0.11796875 0.47265625 0.015625 0.009375
4 0.10625 0.471875 0.0078125 0.009375
4 0.1296875 0.471875 0.00859375 0.01015625
4 0.17578125 0.4734375 0.00859375 0.009375
4 0.19375 0.496875 0.00703125 0.00859375
4 0.209375 0.49765625 0.00625 0.00859375
4 0.23359375 0.496875 0.01171875 0.01171875
4 0.284375 0.49765625 0.01015625 0.01171875
4 0.3 0.496875 0.009375 0.00859375
4 0.35703125 0.49609375 0.009375 0.0109375
4 0.34140625 0.496875 0.00703125 0.0078125
4 0.12109375 0.51953125 0.0078125 0.00859375
4 0.12734375 0.51875 0.00703125 0.0109375
4 0.35546875 0.52265625 0.00859375 0.009375
16 0.11328125 0.50078125 0.01171875 0.01484375
20 0.0890625 0.49609375 0.01171875 0.01328125
1 0.0984375 0.49609375 0.01015625 0.0140625
2 0.1671875 0.47109375 0.01015625 0.0109375
20 0.12734375 0.496875 0.01015625 0.01328125
20 0.15234375 0.49921875 0.0109375 0.01328125
14 0.14375 0.49921875 0.01171875 0.0109375
2 0.134375 0.51796875 0.00859375 0.0109375
7 0.14453125 0.515625 0.0125 0.0109375
16 0.15703125 0.5171875 0.00859375 0.01171875
20 0.16484375 0.51484375 0.0078125 0.00859375
24 0.19609375 0.515625 0.0125 0.0125
15 0.1796875 0.496875 0.01171875 0.0171875
24 0.3109375 0.5 0.00859375 0.01484375
7 0.33359375 0.49375 0.00859375 0.0140625
12 0.2625 0.52109375 0.01328125 0.0109375
0 0.271875 0.521875 0.01015625 0.00859375
0 0.2890625 0.52265625 0.009375 0.0078125
6 0.2984375 0.5265625 0.01015625 0.01484375
6 0.321875 0.5265625 0.01015625 0.0140625
13 0.3125 0.5234375 0.00703125 0.00703125
13 0.18671875 0.5484375 0.01171875 0.01015625
13 0.25546875 0.54765625 0.0140625 0.01171875
13 0.23359375 0.5734375 0.01171875 0.01015625
0 0.33359375 0.52265625 0.009375 0.009375
0 0.1578125 0.55 0.01015625 0.00703125
0 0.2984375 0.57421875 0.0125 0.0078125
0 0.35703125 0.5484375 0.01015625 0.00859375
2 0.346875 0.52109375 0.00859375 0.009375
18 0.36796875 0.52109375 0.009375 0.009375
15 0.4078125 0.52265625 0.0125 0.0125
17 0.41875 0.521875 0.0078125 0.01015625
8 0.425 0.51875 0.00546875 0.01171875
14 0.43046875 0.521875 0.009375 0.009375
17 0.43984375 0.52109375 0.009375 0.009375
8 0.4453125 0.51875 0.00625 0.0140625
8 0.45703125 0.51953125 0.00625 0.01171875
8 0.46875 0.5171875 0.0046875 0.0140625
19 0.45234375 0.51796875 0.00625 0.01484375
25 0.4625 0.5203125 0.009375 0.0109375
13 0.4765625 0.52109375 0.01015625 0.009375
11 0.17734375 0.5109375 0.0046875 0.0125
6 0.484375 0.52578125 0.0078125 0.0171875
19 0.49765625 0.51953125 0.01015625 0.0125
17 0.50546875 0.52109375 0.00703125 0.009375
0 0.5125 0.521875 0.00859375 0.009375
5 0.52109375 0.521875 0.0078125 0.01328125
5 0.52734375 0.52109375 0.00625 0.01484375
8 0.5328125 0.521875 0.00625 0.0140625
2 0.5421875 0.52421875 0.01328125 0.0125
21 0.084375 0.5453125 0.01484375 0.01171875
14 0.096875 0.54765625 0.009375 0.00703125
8 0.103125 0.54609375 0.00546875 0.0109375
15 0.1109375 0.546875 0.01171875 0.0125
2 0.13671875 0.546875 0.0109375 0.009375
7 0.1484375 0.54609375 0.0109375 0.01015625
11 0.16484375 0.546875 0.0046875 0.0125
11 0.16953125 0.546875 0.0046875 0.0140625
4 0.175 0.5484375 0.009375 0.0078125
6 0.1953125 0.5515625 0.00859375 0.01171875
4 0.20546875 0.54765625 0.009375 0.01015625
18 0.2140625 0.546875 0.00703125 0.0140625
4 0.2671875 0.54765625 0.00859375 0.01015625
19 0.2734375 0.54609375 0.00625 0.01171875
22 0.28125 0.546875 0.01171875 0.0078125
14 0.290625 0.5484375 0.00703125 0.0078125
17 0.2984375 0.5484375 0.009375 0.00859375
10 0.3078125 0.54765625 0.01171875 0.01015625
17 0.328125 0.54765625 0.009375 0.00859375
4 0.3359375 0.54921875 0.01015625 0.0078125
11 0.34375 0.54765625 0.00703125 0.0109375
8 0.34921875 0.546875 0.0046875 0.01015625
8 0.38203125 0.54609375 0.0046875 0.0125
1 0.3671875 0.54609375 0.0125 0.0125
19 0.38828125 0.546875 0.009375 0.01171875
24 0.396875 0.553125 0.01171875 0.01640625
18 0.43828125 0.54921875 0.009375 0.0109375
2 0.44609375 0.54921875 0.009375 0.00859375
0 0.45390625 0.54921875 0.00859375 0.00625
11 0.4609375 0.54765625 0.0046875 0.0140625
1 0.47734375 0.54609375 0.01328125 0.01171875
8 0.484375 0.54453125 0.00625 0.01484375
8 0.49609375 0.5453125 0.0046875 0.0140625
11 0.490625 0.5453125 0.0078125 0.0140625
19 0.5015625 0.5453125 0.00625 0.01484375
24 0.50859375 0.5515625 0.009375 0.01484375
18 0.06953125 0.56953125 0.0125 0.0109375
4 0.08125 0.5703125 0.009375 0.00703125
2 0.090625 0.571875 0.01015625 0.00703125
20 0.10078125 0.571875 0.009375 0.0078125
17 0.1109375 0.57109375 0.00703125 0.0078125
8 0.115625 0.56953125 0.00546875 0.0125
19 0.12265625 0.5703125 0.00859375 0.0125
24 0.13203125 0.57734375 0.01171875 0.0171875
1 0.203125 0.56953125 0.01015625 0.0125
20 0.21171875 0.5703125 0.00625 0.0078125
8 0.2171875 0.56953125 0.00390625 0.01015625
18 0.22421875 0.571875 0.009375 0.01015625
4 0.24296875 0.57265625 0.00625 0.00859375
18 0.24921875 0.57265625 0.00859375 0.00859375
18 0.2578125 0.57109375 0.0078125 0.0109375
2 0.28671875 0.57421875 0.0109375 0.01171875
18 0.31015625 0.571875 0.01015625 0.01171875
4 0.32265625 0.57421875 0.0125 0.01015625
18 0.084375 0.615625 0.01953125 0.021875
15 0.0984375 0.62109375 0.01171875 0.015625
4 0.11015625 0.621875 0.01015625 0.009375
4 0.11953125 0.621875 0.01015625 0.009375
2 0.13046875 0.62109375 0.0125 0.01328125
7 0.1421875 0.62109375 0.0140625 0.0171875
16 0.16953125 0.621875 0.01796875 0.015625
20 0.184375 0.62265625 0.01171875 0.0140625
0 0.1953125 0.62421875 0.01171875 0.0125
11 0.20546875 0.621875 0.009375 0.01875
19 0.2171875 0.621875 0.00859375 0.015625
24 0.2265625 0.63125 0.01171875 0.0203125
21 0.0703125 0.65 0.01171875 0.01484375
14 0.078125 0.65 0.0078125 0.00703125
8 0.08359375 0.64921875 0.00546875 0.01171875
15 0.0921875 0.6484375 0.01015625 0.0125
21 0.13359375 0.6484375 0.01171875 0.009375
14 0.14296875 0.65078125 0.00859375 0.0078125
8 0.14921875 0.6484375 0.00625 0.01328125
2 0.15625 0.65078125 0.009375 0.009375
4 0.16484375 0.65 0.00859375 0.0109375
4 0.0890625 0.67421875 0.01015625 0.01171875
4 0.2734375 0.6796875 0.0125 0.0109375
4 0.140625 0.70390625 0.009375 0.00859375
4 0.1078125 0.70234375 0.00859375 0.0078125
16 0.1890625 0.653125 0.01015625 0.01640625
20 0.1984375 0.65 0.009375 0.009375
20 0.24609375 0.678125 0.01015625 0.0109375
16 0.234375 0.68046875 0.009375 0.0171875
0 0.209375 0.65234375 0.01171875 0.0109375
0 0.09921875 0.675 0.01015625 0.0125
11 0.21796875 0.64921875 0.00546875 0.01640625
19 0.23046875 0.6484375 0.00703125 0.0140625
20 0.2375 0.6546875 0.0109375 0.0171875
12 0.075 0.6734375 0.0171875 0.01328125
13 0.1109375 0.675 0.0125 0.01015625
13 0.1625 0.6765625 0.0140625 0.0109375
13 0.19296875 0.67734375 0.0109375 0.0109375
14 0.18203125 0.6765625 0.01015625 0.0109375
14 0.134375 0.6734375 0.01640625 0.015625
15 0.14609375 0.67578125 0.01015625 0.01328125
8 0.153125 0.67421875 0.00625 0.01328125
8 0.17421875 0.67421875 0.0078125 0.01328125
18 0.221875 0.67421875 0.01640625 0.01484375
0 0.25546875 0.67734375 0.00859375 0.01015625
17 0.26328125 0.6765625 0.01015625 0.01171875
23 0.115625 0.70234375 0.00703125 0.00703125
2 0.12265625 0.703125 0.00625 0.00703125
12 0.26875 0.6515625 0.01328125 0.01015625
20 0.27890625 0.65234375 0.0109375 0.01171875
18 0.2890625 0.65234375 0.009375 0.01171875
19 0.29765625 0.65078125 0.00859375 0.01328125
6 0.209375 0.70703125 0.01015625 0.0140625
3 0.23203125 0.70234375 0.01171875 0.01328125
14 0.21875 0.7046875 0.00625 0.00859375
14 0.225 0.70546875 0.00625 0.0078125
14 0.3171875 0.67890625 0.009375 0.0125
14 0.34375 0.7078125 0.009375 0.009375
14 0.34921875 0.70703125 0.00625 0.00859375
12 0.30234375 0.67734375 0.01875 0.01484375
18 0.3296875 0.67734375 0.01328125 0.01796875
1 0.32109375 0.6515625 0.01171875 0.01328125
4 0.33203125 0.65234375 0.0125 0.01015625
5 0.2765625 0.70625 0.00859375 0.0125
0 0.28359375 0.70625 0.009375 0.0078125
8 0.28984375 0.70546875 0.00546875 0.01015625
17 0.29765625 0.70625 0.01015625 0.00859375
15 0.3359375 0.70703125 0.00625 0.01015625
17 0.35859375 0.70625 0.0109375 0.01015625
0 0.3546875 0.653125 0.01015625 0.009375
0 0.390625 0.6796875 0.01796875 0.0125
0 0.42421875 0.70859375 0.009375 0.0078125
0 0.44375 0.65390625 0.01484375 0.0109375
0 0.43984375 0.6796875 0.0109375 0.0109375
18 0.36640625 0.65390625 0.01171875 0.01171875
18 0.45703125 0.6515625 0.01328125 0.01015625
18 0.49765625 0.653125 0.0109375 0.015625
6 0.38671875 0.65703125 0.01015625 0.01484375
14 0.39921875 0.65390625 0.0109375 0.00859375
14 0.40703125 0.65390625 0.01015625 0.01015625
3 0.4203125 0.65390625 0.0171875 0.0140625
3 0.4328125 0.70625 0.009375 0.0109375
1 0.4140625 0.7078125 0.0109375 0.01015625
12 0.41875 0.68046875 0.01875 0.0109375
4 0.43203125 0.6796875 0.009375 0.009375
18 0.4484375 0.68046875 0.0078125 0.01015625
17 0.46328125 0.68046875 0.00859375 0.00859375
4 0.47265625 0.68046875 0.0125 0.01015625
15 0.484375 0.65234375 0.01328125 0.0140625
19 0.51015625 0.65234375 0.01640625 0.01484375
13 0.528125 0.65234375 0.0203125 0.01484375
14 0.496875 0.68046875 0.0125 0.01015625
5 0.5109375 0.68046875 0.0125 0.0125
16 0.53046875 0.68515625 0.01171875 0.0171875
20 0.540625 0.68359375 0.0109375 0.0125
0 0.553125 0.68359375 0.01015625 0.0125
11 0.56015625 0.68046875 0.00859375 0.01640625
8 0.5671875 0.68046875 0.00625 0.015625
19 0.57421875 0.68203125 0.01171875 0.01484375
24 0.58125 0.6875 0.0109375 0.01640625
19 0.61171875 0.68125 0.0140625 0.01328125
14 0.6203125 0.68359375 0.01015625 0.01015625
11 0.6265625 0.6828125 0.00625 0.0125
11 0.6328125 0.68203125 0.009375 0.01328125
16 0.66015625 0.68984375 0.0140625 0.01875
20 0.675 0.68515625 0.01171875 0.01328125
0 0.6875 0.6859375 0.0109375 0.0140625
11 0.69609375 0.68203125 0.00859375 0.01640625
8 0.7046875 0.68046875 0.0078125 0.01953125
19 0.7109375 0.68203125 0.0109375 0.015625
24 0.7234375 0.6921875 0.01328125 0.021875
12 0.75703125 0.68828125 0.0203125 0.01171875
12 0.66875 0.73671875 0.015625 0.00859375
12 0.68515625 0.73359375 0.01328125 0.01015625
17 0.62578125 0.73671875 0.0109375 0.01015625
4 0.6375 0.7375 0.01015625 0.01015625
2 0.6484375 0.73671875 0.01015625 0.01328125
14 0.65703125 0.73671875 0.0109375 0.01015625
8 0.58671875 0.7359375 0.0109375 0.01328125
19 0.59453125 0.73515625 0.0109375 0.0140625
20 0.60625 0.7359375 0.01328125 0.0140625
4 0.696875 0.734375 0.00859375 0.0078125
3 0.71328125 0.7328125 0.01484375 0.0140625
0 0.72578125 0.73515625 0.0140625 0.01015625
19 0.73359375 0.73203125 0.0078125 0.015625
8 0.740625 0.73203125 0.00703125 0.01484375
13 0.75703125 0.73203125 0.01171875 0.01015625
14 0.746875 0.73203125 0.009375 0.01015625
4 0.77265625 0.68828125 0.01015625 0.0125
0 0.784375 0.68828125 0.01484375 0.01484375
13 0.79765625 0.6890625 0.0125 0.01484375
18 0.81171875 0.6875 0.01328125 0.0140625
0 0.83984375 0.6875 0.0171875 0.01328125
5 0.778125 0.7296875 0.01015625 0.0140625
14 0.78828125 0.73046875 0.009375 0.00859375
17 0.796875 0.728125 0.0109375 0.00859375
0 0.8140625 0.72578125 0.01171875 0.01015625
2 0.8234375 0.7234375 0.009375 0.01171875
2 0.8328125 0.721875 0.01171875 0.0109375
15 0.8484375 0.721875 0.01015625 0.01484375
19 0.85859375 0.71875 0.009375 0.015625
0 0.8671875 0.71875 0.01171875 0.01171875
1 0.87734375 0.71640625 0.0125 0.01328125
11 0.884375 0.715625 0.00625 0.015625
12 0.86875 0.6859375 0.015625 0.0140625
14 0.878125 0.68828125 0.01015625 0.00625
18 0.890625 0.68828125 0.01484375 0.0125
14 0.9078125 0.6890625 0.0140625 0.0125
5 0.91640625 0.69140625 0.015625 0.02265625
3 0.91171875 0.71484375 0.01328125 0.015625
4 0.921875 0.715625 0.00859375 0.0078125
11 0.928125 0.7125 0.009375 0.0171875
0 0.9390625 0.71484375 0.0125 0.009375
24 0.9484375 0.7171875 0.0109375 0.01640625
18 0.959375 0.715625 0.0140625 0.015625
5 0.70078125 0.7515625 0.01015625 0.0140625
14 0.709375 0.75234375 0.01015625 0.00625
14 0.71953125 0.7515625 0.0125 0.00859375
21 0.73984375 0.7484375 0.0109375 0.01171875
14 0.7515625 0.75 0.01015625 0.01015625
8 0.7609375 0.74765625 0.009375 0.01484375
2 0.77109375 0.7484375 0.01015625 0.01171875
4 0.7828125 0.74921875 0.01484375 0.009375
0 0.8078125 0.74296875 0.0140625 0.01015625
15 0.82109375 0.74296875 0.01171875 0.01484375
15 0.83125 0.74296875 0.009375 0.01484375
2 0.84609375 0.74140625 0.01171875 0.0109375
0 0.85546875 0.740625 0.01328125 0.009375
19 0.86484375 0.7375 0.009375 0.01328125
13 0.88984375 0.7375 0.01328125 0.009375
18 0.9015625 0.73359375 0.01328125 0.01171875
14 0.87734375 0.7375 0.0078125 0.01015625
8 0.87265625 0.73671875 0.00625 0.01171875
12 0.65546875 0.7671875 0.01328125 0.01015625
18 0.66796875 0.7671875 0.01328125 0.0125
6 0.53203125 0.7609375 0.01796875 0.0140625
3 0.06484375 0.721875 0.0171875 0.01484375
4 0.0765625 0.72421875 0.0109375 0.01171875
11 0.08359375 0.72265625 0.00546875 0.0140625
0 0.09140625 0.72421875 0.0140625 0.01171875
24 0.103125 0.72890625 0.01171875 0.01953125
0 0.14921875 0.73046875 0.01171875 0.01015625
20 0.15859375 0.7296875 0.01015625 0.01171875
3 0.178125 0.72578125 0.01640625 0.0171875
19 0.2046875 0.728125 0.0078125 0.0140625
17 0.2125 0.7296875 0.0109375 0.01171875
8 0.2203125 0.728125 0.0078125 0.0140625
15 0.2296875 0.73203125 0.009375 0.01328125
19 0.2453125 0.72890625 0.01171875 0.01484375
12 0.2609375 0.73203125 0.015625 0.009375
4 0.27421875 0.73203125 0.0078125 0.0109375
19 0.3078125 0.73203125 0.009375 0.01328125
19 0.32578125 0.73203125 0.00703125 0.01171875
14 0.31796875 0.73203125 0.00859375 0.01015625
0 0.33515625 0.734375 0.01328125 0.0078125
11 0.3453125 0.73125 0.01328125 0.01171875
3 0.36640625 0.7328125 0.01015625 0.0125
4 0.37421875 0.73515625 0.00703125 0.01015625
11 0.378125 0.73125 0.00546875 0.015625
0 0.38515625 0.734375 0.00859375 0.00859375
24 0.39375 0.73984375 0.0109375 0.01953125
2 0.0703125 0.74921875 0.01171875 0.01171875
14 0.0796875 0.75078125 0.009375 0.0078125
3 0.08984375 0.75078125 0.01171875 0.0125
8 0.0984375 0.75 0.0046875 0.0109375
3 0.11171875 0.75078125 0.0109375 0.0109375
6 0.12109375 0.75625 0.0109375 0.01640625
3 0.15078125 0.75390625 0.01171875 0.01171875
4 0.16171875 0.75546875 0.00859375 0.009375
2 0.16953125 0.75625 0.009375 0.01015625
14 0.17890625 0.75703125 0.009375 0.0078125
3 0.1890625 0.75546875 0.01171875 0.01328125
8 0.19765625 0.75234375 0.00546875 0.01796875
13 0.2046875 0.75703125 0.01015625 0.01171875
6 0.2140625 0.7609375 0.0078125 0.015625
1 0.265625 0.75859375 0.01328125 0.0109375
20 0.27578125 0.759375 0.00703125 0.00703125
5 0.2828125 0.75625 0.00859375 0.0125
5 0.28984375 0.75703125 0.0078125 0.0125
4 0.29765625 0.75859375 0.01015625 0.009375
17 0.30859375 0.7578125 0.009375 0.0109375
8 0.31484375 0.75703125 0.00625 0.0125
13 0.32265625 0.759375 0.00859375 0.00859375
6 0.33359375 0.765625 0.0140625 0.0171875
9 0.053125 0.77890625 0.0109375 0.0140625
8 0.0609375 0.77734375 0.00703125 0.01171875
19 0.07265625 0.775 0.00859375 0.01484375
4 0.08125 0.77734375 0.009375 0.0109375
17 0.0921875 0.77890625 0.0140625 0.009375
20 0.1328125 0.7796875 0.0125 0.01328125
13 0.14296875 0.78125 0.01015625 0.01015625
4 0.15234375 0.78125 0.0109375 0.01015625
21 0.16328125 0.7828125 0.009375 0.01015625
4 0.1703125 0.78125 0.009375 0.0109375
13 0.18046875 0.7828125 0.01015625 0.01015625
3 0.20078125 0.78046875 0.0125 0.0140625
3 0.12421875 0.80390625 0.015625 0.01640625
3 0.28125 0.78515625 0.01640625 0.01875
3 0.14453125 0.83203125 0.0125 0.015625
4 0.2125 0.7828125 0.00859375 0.01015625
11 0.21875 0.78046875 0.00703125 0.0140625
0 0.22734375 0.78359375 0.01015625 0.0109375
24 0.2390625 0.78828125 0.01328125 0.0171875
24 0.3203125 0.790625 0.01015625 0.0171875
4 0.29453125 0.78671875 0.009375 0.0109375
11 0.3015625 0.78359375 0.00625 0.01640625
0 0.309375 0.78515625 0.0125 0.0109375
8 0.1359375 0.80546875 0.00859375 0.0125
5 0.1453125 0.80546875 0.0078125 0.01484375
5 0.15234375 0.8078125 0.01015625 0.0125
4 0.1609375 0.80859375 0.00859375 0.00859375
4 0.1796875 0.81015625 0.009375 0.009375
4 0.2765625 0.8390625 0.009375 0.01015625
4 0.25546875 0.8109375 0.0078125 0.01015625
4 0.33359375 0.8140625 0.0078125 0.01015625
17 0.1703125 0.81015625 0.0125 0.01015625
17 0.2203125 0.80859375 0.0109375 0.0109375
13 0.1890625 0.81015625 0.01171875 0.009375
19 0.2 0.8078125 0.0109375 0.0140625
19 0.17734375 0.834375 0.0078125 0.015625
19 0.26875 0.83671875 0.00703125 0.01328125
19 0.26328125 0.8375 0.00625 0.0125
20 0.2390625 0.81171875 0.0109375 0.009375
14 0.228125 0.8109375 0.01015625 0.01015625
14 0.2859375 0.8125 0.01015625 0.00859375
14 0.234375 0.8375 0.01171875 0.01015625
19 0.24609375 0.809375 0.009375 0.01328125
17 0.2953125 0.8125 0.0078125 0.00859375
19 0.22421875 0.83515625 0.00859375 0.01484375
6 0.20234375 0.8421875 0.01015625 0.01796875
18 0.26328125 0.81171875 0.00859375 0.0125
18 0.31796875 0.83984375 0.0109375 0.0125
18 0.1703125 0.83671875 0.00859375 0.01015625
0 0.13359375 0.83046875 0.01484375 0.015625
9 0.153125 0.83828125 0.00859375 0.01796875
20 0.16171875 0.83671875 0.01015625 0.009375
8 0.184375 0.83515625 0.00625 0.01015625
13 0.1921875 0.8375 0.009375 0.01015625
8 0.3078125 0.8375 0.00390625 0.01640625
16 0.31328125 0.815625 0.0125 0.01796875
20 0.3234375 0.8140625 0.0078125 0.0109375
8 0.35078125 0.8109375 0.0046875 0.02109375
13 0.35859375 0.8140625 0.01015625 0.01015625
6 0.36796875 0.81875 0.01015625 0.01796875
21 0.346875 0.7859375 0.01171875 0.01484375
0 0.35859375 0.78671875 0.0109375 0.0125
17 0.3671875 0.78671875 0.0078125 0.0109375
0 0.37734375 0.7890625 0.01171875 0.0109375
19 0.38515625 0.78515625 0.0078125 0.01640625
8 0.39296875 0.78671875 0.00546875 0.0125
14 0.4 0.7875 0.01015625 0.0109375
13 0.4109375 0.78671875 0.0125 0.01171875
19 0.39140625 0.8125 0.0125 0.01640625
12 0.41015625 0.815625 0.0140625 0.01015625
4 0.421875 0.815625 0.0078125 0.009375
18 0.43125 0.81484375 0.01015625 0.01171875
19 0.3859375 0.76015625 0.01328125 0.0109375
23 0.3984375 0.7609375 0.0125 0.00859375
19 0.41796875 0.759375 0.0078125 0.01171875
8 0.42421875 0.759375 0.00625 0.0109375
12 0.434375 0.7609375 0.01328125 0.009375
4 0.446875 0.76171875 0.01171875 0.009375
3 0.33671875 0.8390625 0.015625 0.015625
8 0.346875 0.8375 0.00703125 0.0140625
5 0.35390625 0.8375 0.0078125 0.01640625
5 0.36015625 0.83828125 0.0078125 0.0140625
8 0.36640625 0.83984375 0.00625 0.01328125
2 0.3734375 0.83984375 0.01015625 0.0109375
20 0.38515625 0.84140625 0.0125 0.0125
11 0.39296875 0.83828125 0.00625 0.0171875
19 0.40078125 0.83984375 0.01015625 0.01640625
9 0.13046875 0.86015625 0.01171875 0.01484375
8 0.14140625 0.86015625 0.00703125 0.0125
19 0.146875 0.85859375 0.00703125 0.015625
19 0.15234375 0.86015625 0.0078125 0.01171875
4 0.16171875 0.86171875 0.0109375 0.0109375
17 0.1734375 0.8609375 0.0125 0.01015625
1 0.20625 0.8609375 0.0125 0.0109375
20 0.2203125 0.86484375 0.0109375 0.01015625
5 0.234375 0.86640625 0.00703125 0.0171875
4 0.24296875 0.86484375 0.01015625 0.01171875
17 0.25234375 0.86484375 0.00859375 0.01015625
18 0.2625 0.865625 0.0109375 0.0109375
0 0.28828125 0.8671875 0.0125 0.0125
3 0.29921875 0.86328125 0.01171875 0.01640625
3 0.31171875 0.8625 0.01640625 0.0171875
3 0.3421875 0.86484375 0.0140625 0.01484375
4 0.35390625 0.8703125 0.00859375 0.009375
11 0.3609375 0.865625 0.0078125 0.01484375
0 0.371875 0.86953125 0.01171875 0.01015625
24 0.38359375 0.875 0.01484375 0.0203125
18 0.05390625 0.884375 0.01875 0.01640625
15 0.06953125 0.88828125 0.0109375 0.01484375
4 0.08125 0.88671875 0.01171875 0.01015625
4 0.09296875 0.88671875 0.0125 0.01015625
2 0.10390625 0.88671875 0.0125 0.0125
7 0.1171875 0.88515625 0.0140625 0.0140625
2 0.146875 0.8859375 0.01171875 0.0125
14 0.159375 0.8875 0.009375 0.00859375
18 0.171875 0.88671875 0.015625 0.0171875
8 0.18359375 0.8875 0.00703125 0.01640625
18 0.19296875 0.88984375 0.0109375 0.0109375
6 0.203125 0.896875 0.01171875 0.0203125
18 0.03828125 0.91328125 0.0140625 0.01171875
15 0.05 0.91484375 0.01015625 0.01640625
4 0.0625 0.91328125 0.00703125 0.0078125
2 0.06953125 0.91328125 0.009375 0.01015625
7 0.08046875 0.91171875 0.0109375 0.01484375
16 0.1 0.91796875 0.009375 0.01796875
20 0.1078125 0.91484375 0.009375 0.01015625
0 0.1171875 0.91640625 0.0109375 0.0109375
11 0.12578125 0.9140625 0.00625 0.01484375
8 0.13125 0.9125 0.00625 0.01328125
19 0.13671875 0.91328125 0.00625 0.01328125
24 0.14375 0.92109375 0.009375 0.0171875
3 0.16796875 0.91328125 0.0140625 0.01484375
4 0.178125 0.9171875 0.00703125 0.01015625
6 0.184375 0.92265625 0.00859375 0.01875
17 0.19140625 0.9171875 0.00546875 0.00859375
0 0.19921875 0.91796875 0.01171875 0.01015625
3 0.2078125 0.91484375 0.01015625 0.015625
4 0.21640625 0.91796875 0.00859375 0.01015625
18 0.22578125 0.91796875 0.009375 0.0109375
0 0.24765625 0.9203125 0.0109375 0.01015625
18 0.25859375 0.91953125 0.0109375 0.0109375
1 0.28125 0.91875 0.0140625 0.01328125
22 0.29609375 0.9203125 0.01796875 0.01328125
17 0.3171875 0.921875 0.00859375 0.0109375
4 0.32734375 0.92265625 0.009375 0.00859375
3 0.33828125 0.92109375 0.01328125 0.0140625
20 0.34921875 0.9234375 0.00703125 0.009375
2 0.35546875 0.92265625 0.00703125 0.01015625
4 0.3640625 0.9234375 0.009375 0.01171875
18 0.37421875 0.92265625 0.00859375 0.01171875
19 0.32578125 0.89296875 0.0109375 0.01328125
4 0.3375 0.89453125 0.0109375 0.00859375
2 0.3484375 0.89453125 0.01171875 0.0109375
7 0.3578125 0.89375 0.01171875 0.01328125
13 0.3703125 0.8953125 0.0125 0.01015625
8 0.37734375 0.8953125 0.00703125 0.0125
16 0.38671875 0.90234375 0.01171875 0.01875
20 0.3953125 0.896875 0.0109375 0.0109375
4 0.40625 0.89609375 0.00859375 0.01015625
18 0.41640625 0.89609375 0.01015625 0.0125
8 0.44375 0.896875 0.00703125 0.01171875
13 0.453125 0.8984375 0.0109375 0.009375
6 0.4765625 0.903125 0.0140625 0.0171875
4 0.4875 0.9 0.00859375 0.01171875
13 0.4984375 0.9 0.0109375 0.01015625
4 0.50859375 0.9015625 0.0078125 0.01015625
17 0.51796875 0.903125 0.00859375 0.009375
0 0.52734375 0.90390625 0.009375 0.0078125
11 0.53515625 0.9015625 0.01015625 0.015625
2 0.5625 0.9015625 0.01484375 0.01328125
14 0.5734375 0.903125 0.01015625 0.0109375
3 0.584375 0.9015625 0.015625 0.01640625
8 0.5953125 0.90390625 0.00703125 0.01328125
13 0.603125 0.90546875 0.0109375 0.01015625
6 0.6125 0.91328125 0.0125 0.021875
19 0.63359375 0.903125 0.0078125 0.01328125
4 0.64140625 0.90703125 0.009375 0.00859375
2 0.653125 0.90703125 0.01171875 0.01171875
7 0.6640625 0.90703125 0.01171875 0.015625
13 0.67734375 0.90859375 0.009375 0.0109375
8 0.684375 0.90625 0.00625 0.015625
16 0.69375 0.91328125 0.01171875 0.01484375
4 0.709375 0.9109375 0.0078125 0.0109375
18 0.71875 0.91015625 0.00859375 0.01015625
17 0.75 0.90859375 0.01640625 0.01328125
18 0.77578125 0.91484375 0.01484375 0.01640625
2 0.8046875 0.91484375 0.0125 0.0125
7 0.81796875 0.91328125 0.0140625 0.01640625
19 0.83828125 0.915625 0.00859375 0.0140625
7 0.846875 0.915625 0.01015625 0.01484375
0 0.859375 0.91640625 0.0109375 0.01015625
19 0.8703125 0.915625 0.01171875 0.01640625
19 0.45078125 0.925 0.009375 0.01328125
17 0.41796875 0.925 0.00625 0.0078125
4 0.42578125 0.9265625 0.01015625 0.00859375
11 0.43359375 0.925 0.0078125 0.01328125
0 0.44140625 0.92734375 0.0109375 0.00859375
8 0.45859375 0.92578125 0.00546875 0.01328125
14 0.46484375 0.92890625 0.009375 0.009375
13 0.47578125 0.928125 0.01171875 0.01015625
18 0.4859375 0.928125 0.009375 0.0109375
7 0.49375 0.9265625 0.0078125 0.0140625
15 0.509375 0.93125 0.0140625 0.01328125
8 0.53671875 0.928125 0.00859375 0.01640625
18 0.54453125 0.93203125 0.00859375 0.0109375
13 0.56484375 0.93203125 0.01171875 0.009375
14 0.578125 0.9328125 0.0140625 0.01015625
19 0.58828125 0.93203125 0.009375 0.0125
11 0.60625 0.93203125 0.0078125 0.015625
8 0.61484375 0.93046875 0.00703125 0.01484375
13 0.62109375 0.93515625 0.00859375 0.01015625
4 0.6296875 0.93515625 0.0078125 0.009375
0 0.6390625 0.93671875 0.01015625 0.009375
17 0.65078125 0.93671875 0.01171875 0.01171875
12 0.4078125 0.95234375 0.01875 0.01796875
14 0.428125 0.95234375 0.01640625 0.01328125
18 0.4453125 0.95234375 0.0171875 0.01484375
22 0.2625 0.94765625 0.01953125 0.01171875
1 0.24609375 0.94609375 0.01484375 0.01484375
11 0.2015625 0.94296875 0.00546875 0.01484375
4 0.209375 0.9453125 0.0125 0.00859375
18 0.21796875 0.9453125 0.00703125 0.01015625
18 0.2265625 0.94453125 0.00859375 0.0109375
10 0.12734375 0.93984375 0.01328125 0.01171875
1 0.14296875 0.94140625 0.0125 0.01328125
15 0.15546875 0.94140625 0.01171875 0.01328125
18 0.1671875 0.9421875 0.01328125 0.01328125
12 0.06015625 0.93828125 0.01796875 0.01640625
6 0.034375 0.93671875 0.01484375 0.015625
18 0.046875 0.9375 0.01171875 0.01484375