21 0.1109375 0.06484375 0.01640625 0.01328125
8 0.121875 0.06484375 0.00546875 0.01015625
8 0.18046875 0.06328125 0.00625 0.01328125
17 0.13203125 0.065625 0.01171875 0.01015625
19 0.140625 0.065625 0.009375 0.01171875
20 0.1546875 0.06875 0.01171875 0.0109375
0 0.165625 0.06796875 0.0140625 0.009375
0 0.1921875 0.08984375 0.0109375 0.01015625
0 0.24375 0.0609375 0.0125 0.01328125
11 0.1734375 0.06328125 0.009375 0.0140625
12 0.10703125 0.0921875 0.0140625 0.01171875
4 0.1203125 0.09375 0.00859375 0.009375
0 0.13046875 0.09296875 0.0109375 0.01015625
13 0.140625 0.0921875 0.01171875 0.01015625
18 0.1515625 0.0921875 0.01171875 0.01328125
19 0.17265625 0.09140625 0.0078125 0.009375
7 0.1796875 0.090625 0.01015625 0.01015625
19 0.20078125 0.0875 0.01015625 0.01171875
25 0.1890625 0.0640625 0.0109375 0.0125
4 0.1984375 0.06328125 0.0109375 0.01328125
3 0.2109375 0.0578125 0.01484375 0.0171875
2 0.225 0.0859375 0.01015625 0.0125
14 0.234375 0.08671875 0.0109375 0.00859375
12 0.24453125 0.08671875 0.0140625 0.01015625
15 0.25546875 0.0890625 0.0109375 0.0109375
15 0.3453125 0.078125 0.01015625 0.0125
15 0.371875 0.103125 0.0109375 0.0125
17 0.2546875 0.06015625 0.00859375 0.01171875
2 0.2609375 0.059375 0.009375 0.01328125
2 0.3046875 0.05390625 0.009375 0.01015625
2 0.315625 0.0796875 0.0109375 0.0109375
2 0.28828125 0.10703125 0.0109375 0.0109375
2 0.2140625 0.11796875 0.01015625 0.01171875
20 0.2640625 0.08515625 0.00859375 0.0109375
20 0.3234375 0.0515625 0.0109375 0.0125
19 0.27109375 0.08203125 0.009375 0.0140625
19 0.28359375 0.05390625 0.00703125 0.01015625
19 0.23671875 0.1125 0.01015625 0.0125
19 0.38828125 0.07109375 0.00859375 0.0109375
0 0.17578125 0.11953125 0.0125 0.009375
15 0.184375 0.121875 0.00859375 0.015625
15 0.19296875 0.1203125 0.0078125 0.0140625
11 0.20078125 0.11640625 0.00625 0.0125
8 0.20625 0.115625 0.00859375 0.01171875
0 0.22578125 0.115625 0.0125 0.009375
8 0.24296875 0.1125 0.00625 0.0078125
14 0.25078125 0.1125 0.0125 0.00859375
4 0.28046875 0.08359375 0.009375 0.009375
4 0.2765625 0.05703125 0.00859375 0.009375
4 0.29296875 0.0546875 0.0125 0.0109375
4 0.34609375 0.04921875 0.01328125 0.009375
4 0.37109375 0.0734375 0.00859375 0.009375
4 0.3640625 0.10078125 0.0046875 0.009375
4 0.40078125 0.096875 0.0109375 0.01015625
12 0.33515625 0.078125 0.0125 0.00703125
14 0.325 0.07890625 0.0078125 0.0078125
14 0.35390625 0.0765625 0.009375 0.009375
13 0.3625 0.07421875 0.0109375 0.009375
13 0.3796875 0.071875 0.01015625 0.01171875
18 0.39921875 0.07109375 0.009375 0.0109375
13 0.3078125 0.10703125 0.0109375 0.009375
13 0.26171875 0.1125 0.009375 0.00859375
18 0.26953125 0.11171875 0.009375 0.01015625
0 0.2984375 0.10703125 0.01015625 0.0109375
17 0.29140625 0.08046875 0.01484375 0.01484375
1 0.328125 0.10390625 0.01328125 0.01171875
4 0.33828125 0.1046875 0.0109375 0.009375
3 0.3546875 0.0984375 0.01640625 0.0171875
14 0.384375 0.1015625 0.0078125 0.0078125
11 0.37890625 0.09765625 0.00625 0.01328125
24 0.39296875 0.1015625 0.009375 0.015625
3 0.4140625 0.09453125 0.01484375 0.0125
19 0.3125 0.0515625 0.01015625 0.0109375
17 0.33359375 0.04921875 0.0109375 0.01171875
19 0.46328125 0.0640625 0.0078125 0.01328125
14 0.41796875 0.0703125 0.0125 0.0109375
14 0.43984375 0.0953125 0.01171875 0.009375
14 0.49375 0.06328125 0.01484375 0.0125
4 0.4734375 0.0640625 0.01328125 0.0109375
0 0.45390625 0.06484375 0.0109375 0.00859375
0 0.46953125 0.09140625 0.0140625 0.01015625
0 0.53125 0.0875 0.0125 0.0109375
15 0.42890625 0.0703125 0.0125 0.01484375
4 0.4390625 0.06875 0.0109375 0.01015625
17 0.4453125 0.06640625 0.0078125 0.0078125
13 0.45 0.09296875 0.01015625 0.00859375
13 0.50703125 0.06171875 0.0125 0.009375
21 0.490625 0.0890625 0.0125 0.015625
8 0.5 0.0875 0.00546875 0.01171875
17 0.50546875 0.0890625 0.00703125 0.009375
17 0.54765625 0.05703125 0.00859375 0.01015625
21 0.5328125 0.06015625 0.01171875 0.01328125
19 0.5125 0.08828125 0.0078125 0.0140625
20 0.5203125 0.08984375 0.01015625 0.0109375
20 0.565625 0.0578125 0.01328125 0.01015625
19 0.5546875 0.0578125 0.009375 0.0125
8 0.54140625 0.05703125 0.0078125 0.01015625
8 0.60703125 0.08046875 0.00703125 0.0109375
18 0.64609375 0.05078125 0.00859375 0.0109375
18 0.6265625 0.0515625 0.0125 0.0125
12 0.5640625 0.08671875 0.01953125 0.009375
0 0.578125 0.08359375 0.01015625 0.0109375
0 0.5796875 0.05703125 0.01171875 0.00859375
0 0.61875 0.053125 0.0109375 0.009375
11 0.58828125 0.05234375 0.009375 0.0140625
2 0.58671875 0.08125 0.009375 0.0109375
7 0.59765625 0.0796875 0.01484375 0.0140625
13 0.61640625 0.08203125 0.01171875 0.01015625
13 0.665625 0.07734375 0.0125 0.0109375
4 0.63125 0.0828125 0.0140625 0.01328125
1 0.60703125 0.05234375 0.01484375 0.0140625
14 0.65078125 0.078125 0.01484375 0.01171875
19 0.68984375 0.075 0.009375 0.0125
7 0.6984375 0.0734375 0.01015625 0.0109375
4 0.7078125 0.0734375 0.01015625 0.01015625
4 0.7359375 0.07421875 0.0109375 0.009375
4 0.76484375 0.071875 0.00859375 0.01015625
18 0.7234375 0.07265625 0.0125 0.0125
17 0.7453125 0.07265625 0.009375 0.0109375
17 0.77734375 0.06953125 0.01484375 0.0125
21 0.75546875 0.071875 0.0109375 0.01171875
8 0.81328125 0.0671875 0.009375 0.0109375
8 0.8859375 0.0640625 0.00859375 0.01171875
12 0.825 0.0671875 0.0171875 0.009375
15 0.83828125 0.06953125 0.0109375 0.01484375
17 0.8484375 0.06640625 0.00859375 0.01015625
17 0.92890625 0.06484375 0.0109375 0.0125
14 0.8609375 0.06796875 0.01796875 0.0125
21 0.87421875 0.065625 0.01328125 0.0125
13 0.89375 0.06640625 0.01171875 0.00859375
6 0.9046875 0.0703125 0.0140625 0.02421875
4 0.94296875 0.06484375 0.009375 0.009375
18 0.9515625 0.06328125 0.009375 0.009375
14 0.96171875 0.06484375 0.0109375 0.01015625
20 0.97109375 0.0640625 0.0125 0.0109375
17 0.98046875 0.0640625 0.009375 0.009375
2 0.9890625 0.06484375 0.00859375 0.01015625
18 0.103125 0.11875 0.00859375 0.0109375
18 0.0828125 0.14296875 0.0109375 0.0109375
18 0.16484375 0.17265625 0.009375 0.01015625
18 0.1046875 0.19921875 0.01015625 0.0109375
18 0.12734375 0.2015625 0.0078125 0.01171875
18 0.1671875 0.2 0.00859375 0.009375
4 0.11171875 0.12109375 0.00859375 0.00859375
4 0.15625 0.12265625 0.01328125 0.009375
4 0.24453125 0.1390625 0.0140625 0.0109375
4 0.21015625 0.1421875 0.00703125 0.009375
4 0.2578125 0.1671875 0.01484375 0.01328125
4 0.15625 0.17421875 0.009375 0.0109375
4 0.1828125 0.14609375 0.01015625 0.01171875
4 0.14609375 0.20234375 0.01015625 0.01015625
0 0.09453125 0.1453125 0.01328125 0.01171875
0 0.19375 0.1734375 0.01015625 0.01015625
0 0.2375 0.16796875 0.0109375 0.01015625
0 0.20234375 0.196875 0.01015625 0.01015625
8 0.096875 0.17109375 0.0078125 0.01015625
8 0.1359375 0.1203125 0.00859375 0.009375
8 0.2234375 0.140625 0.009375 0.01171875
17 0.1203125 0.12109375 0.00859375 0.0078125
17 0.12890625 0.17265625 0.0078125 0.009375
17 0.24609375 0.16640625 0.00859375 0.0109375
17 0.203125 0.17109375 0.009375 0.009375
21 0.128125 0.1203125 0.00859375 0.00859375
21 0.2171875 0.1421875 0.00859375 0.01015625
3 0.21328125 0.1671875 0.01171875 0.0125
22 0.225 0.16796875 0.0140625 0.0109375
7 0.18359375 0.171875 0.0125 0.01484375
14 0.1359375 0.14609375 0.0125 0.01015625
5 0.146875 0.14609375 0.0109375 0.01484375
2 0.14453125 0.12109375 0.01015625 0.009375
19 0.16328125 0.14609375 0.0078125 0.01171875
7 0.171875 0.1453125 0.01015625 0.0125
20 0.07109375 0.14453125 0.01171875 0.01015625
12 0.10703125 0.1734375 0.0140625 0.01015625
15 0.11953125 0.175 0.0125 0.01328125
14 0.1375 0.175 0.0109375 0.009375
21 0.14609375 0.17578125 0.01015625 0.01015625
24 0.11796875 0.203125 0.01015625 0.0140625
19 0.13515625 0.2015625 0.00859375 0.01171875
12 0.15625 0.20078125 0.01484375 0.009375
2 0.1921875 0.19609375 0.0109375 0.0125
13 0.2109375 0.196875 0.01015625 0.0078125
13 0.2203125 0.1984375 0.0109375 0.01015625
6 0.10546875 0.15 0.0125 0.01875
4 0.11484375 0.146875 0.0125 0.0109375
2 0.23203125 0.14140625 0.0078125 0.009375
14 0.23046875 0.196875 0.0109375 0.01171875
19 0.23984375 0.19453125 0.01015625 0.0125
2 0.259375 0.1921875 0.009375 0.0125
2 0.284375 0.1640625 0.01171875 0.0109375
14 0.26875 0.19296875 0.0109375 0.0078125
14 0.2765625 0.19140625 0.01015625 0.009375
17 0.284375 0.190625 0.0078125 0.009375
3 0.2953125 0.18671875 0.015625 0.015625
4 0.30546875 0.18671875 0.0078125 0.01171875
4 0.3421875 0.18515625 0.01484375 0.009375
4 0.359375 0.18125 0.01015625 0.01171875
13 0.3125 0.18828125 0.01171875 0.009375
13 0.378125 0.15390625 0.0109375 0.009375
15 0.30234375 0.16484375 0.01015625 0.01484375
0 0.3125 0.16171875 0.0109375 0.009375
0 0.3234375 0.1875 0.01171875 0.01015625
19 0.33125 0.1828125 0.00859375 0.0140625
19 0.3328125 0.15703125 0.00703125 0.01484375
24 0.34296875 0.16171875 0.0125 0.015625
2 0.32109375 0.1578125 0.00859375 0.0125
8 0.32734375 0.15703125 0.00703125 0.0109375
0 0.36484375 0.1546875 0.01484375 0.0109375
3 0.38828125 0.1515625 0.0140625 0.0171875
5 0.36875 0.1796875 0.009375 0.0140625
4 0.38515625 0.18046875 0.01015625 0.01015625
2 0.39375 0.17890625 0.01015625 0.0140625
19 0.4 0.1765625 0.009375 0.01328125
8 0.409375 0.1765625 0.009375 0.01328125
21 0.41953125 0.178125 0.01015625 0.01171875
11 0.42578125 0.17578125 0.0078125 0.01484375
24 0.434375 0.18203125 0.01328125 0.01875
18 0.4046875 0.15078125 0.00859375 0.00859375
8 0.41171875 0.15078125 0.0046875 0.01015625
12 0.42265625 0.15078125 0.01484375 0.009375
15 0.43671875 0.15 0.01171875 0.0140625
11 0.44375 0.14609375 0.00625 0.0125
8 0.4515625 0.146875 0.00859375 0.0125
8 0.4671875 0.14453125 0.00859375 0.0125
5 0.45859375 0.146875 0.01015625 0.015625
4 0.47578125 0.14609375 0.00703125 0.0078125
4 0.47734375 0.1734375 0.01171875 0.0078125
4 0.54453125 0.16796875 0.01328125 0.00859375
4 0.584375 0.1390625 0.01328125 0.009375
18 0.48359375 0.1453125 0.009375 0.01015625
17 0.46953125 0.175 0.00703125 0.00859375
17 0.51953125 0.16953125 0.00859375 0.0125
17 0.60703125 0.13671875 0.00859375 0.009375
17 0.5734375 0.1390625 0.00859375 0.009375
18 0.5078125 0.14296875 0.0125 0.0125
18 0.4875 0.171875 0.0109375 0.0109375
14 0.496875 0.171875 0.01171875 0.00859375
14 0.5203125 0.14296875 0.01328125 0.009375
5 0.528125 0.14140625 0.0078125 0.01328125
19 0.5359375 0.14140625 0.0078125 0.0125
22 0.55 0.14140625 0.0171875 0.009375
20 0.50859375 0.1703125 0.01328125 0.01015625
2 0.53046875 0.16875 0.0125 0.0109375
18 0.56484375 0.16484375 0.0125 0.01328125
0 0.57890625 0.16796875 0.01484375 0.0109375
8 0.5875 0.1609375 0.009375 0.0171875
11 0.59453125 0.1640625 0.00625 0.01640625
11 0.60078125 0.16328125 0.00625 0.0171875
0 0.56328125 0.140625 0.01171875 0.009375
14 0.609375 0.16484375 0.0140625 0.01171875
18 0.62109375 0.1625 0.00859375 0.01328125
4 0.61875 0.13671875 0.01171875 0.009375
2 0.62890625 0.134375 0.01328125 0.0125
14 0.64140625 0.13515625 0.0140625 0.0109375
13 0.6515625 0.134375 0.01171875 0.01171875
5 0.66171875 0.13203125 0.009375 0.0140625
18 0.6546875 0.15859375 0.01328125 0.01328125
19 0.66484375 0.159375 0.00625 0.01640625
8 0.6703125 0.1609375 0.00546875 0.01171875
11 0.67578125 0.159375 0.00625 0.015625
11 0.6828125 0.159375 0.0078125 0.01328125
8 0.6703125 0.13203125 0.0078125 0.01015625
6 0.678125 0.1359375 0.01171875 0.01640625
20 0.68984375 0.13203125 0.0125 0.0125
17 0.7015625 0.13046875 0.0078125 0.009375
0 0.7125 0.1296875 0.0140625 0.01171875
19 0.72109375 0.12734375 0.009375 0.01484375
8 0.7296875 0.12734375 0.00859375 0.01328125
14 0.7390625 0.1265625 0.0125 0.00859375
13 0.75078125 0.12578125 0.01484375 0.01171875
4 0.69921875 0.159375 0.0109375 0.009375
23 0.709375 0.1578125 0.0109375 0.0125
8 0.71953125 0.1546875 0.00703125 0.0109375
18 0.73125 0.15625 0.01328125 0.0140625
19 0.74375 0.15546875 0.0109375 0.0140625
2 0.1015625 0.25078125 0.01484375 0.0125
2 0.18515625 0.25390625 0.0078125 0.01015625
2 0.22890625 0.25 0.01015625 0.009375
2 0.2921875 0.27265625 0.00859375 0.009375
2 0.1015625 0.28125 0.01015625 0.0109375
2 0.1875 0.30859375 0.009375 0.01015625
11 0.1125 0.25234375 0.00625 0.0140625
14 0.11953125 0.2546875 0.0109375 0.0109375
20 0.1296875 0.25625 0.01171875 0.01015625
20 0.1671875 0.31015625 0.0109375 0.009375
20 0.2734375 0.27421875 0.0109375 0.009375
20 0.31953125 0.2703125 0.0140625 0.01015625
20 0.24921875 0.2484375 0.0140625 0.01015625
3 0.14453125 0.253125 0.0171875 0.01640625
0 0.16640625 0.25390625 0.01484375 0.01015625
17 0.17734375 0.25390625 0.00859375 0.01171875
7 0.1953125 0.25234375 0.0125 0.01171875
8 0.20390625 0.25 0.00703125 0.01328125
19 0.209375 0.25078125 0.009375 0.0125
19 0.23671875 0.2484375 0.01015625 0.0140625
4 0.2203125 0.2515625 0.01015625 0.01015625
4 0.27265625 0.246875 0.01171875 0.01015625
17 0.2609375 0.24765625 0.009375 0.01015625
17 0.2359375 0.27734375 0.009375 0.01015625
17 0.2125 0.2796875 0.01171875 0.0109375
17 0.28359375 0.27265625 0.01015625 0.01015625
4 0.24609375 0.27734375 0.00859375 0.00859375
4 0.20234375 0.28046875 0.009375 0.00859375
4 0.13828125 0.284375 0.009375 0.00859375
4 0.13828125 0.3109375 0.0109375 0.009375
4 0.103125 0.33515625 0.0078125 0.01015625
4 0.153125 0.3375 0.00703125 0.009375
4 0.2265625 0.3328125 0.01171875 0.0109375
4 0.309375 0.296875 0.00859375 0.01171875
4 0.30390625 0.27265625 0.01328125 0.009375
4 0.33046875 0.325 0.0140625 0.009375
4 0.1953125 0.30859375 0.0078125 0.0078125
4 0.24765625 0.36015625 0.0109375 0.01015625
0 0.0921875 0.28203125 0.0125 0.01015625
0 0.24375 0.30546875 0.01171875 0.0078125
0 0.27265625 0.33046875 0.0109375 0.01015625
7 0.11171875 0.28125 0.01015625 0.0125
8 0.12109375 0.2796875 0.00859375 0.01875
8 0.090625 0.30546875 0.0109375 0.0140625
8 0.1796875 0.28046875 0.00625 0.0109375
8 0.33671875 0.26875 0.00546875 0.01171875
18 0.2546875 0.275 0.0078125 0.01015625
18 0.26171875 0.30078125 0.01015625 0.01171875
18 0.14765625 0.31015625 0.0078125 0.0109375
21 0.1296875 0.284375 0.009375 0.0125
18 0.14765625 0.28359375 0.009375 0.0109375
7 0.17109375 0.278125 0.01328125 0.015625
7 0.19375 0.28046875 0.00859375 0.0109375
18 0.2046875 0.3078125 0.009375 0.0140625
7 0.26484375 0.3265625 0.0125 0.01796875
7 0.18046875 0.36171875 0.01171875 0.015625
19 0.10703125 0.30703125 0.01796875 0.0140625
6 0.1859375 0.2859375 0.009375 0.01796875
14 0.26328125 0.27421875 0.009375 0.0109375
14 0.27890625 0.30078125 0.01015625 0.0078125
14 0.35859375 0.2953125 0.0125 0.01171875
5 0.271875 0.2984375 0.0109375 0.0140625
17 0.2859375 0.29921875 0.0078125 0.01015625
12 0.296875 0.2984375 0.0171875 0.009375
3 0.31796875 0.2953125 0.01640625 0.01328125
19 0.22421875 0.30546875 0.0109375 0.0109375
17 0.234375 0.30625 0.00859375 0.0078125
12 0.19375 0.3359375 0.01796875 0.01015625
14 0.20546875 0.334375 0.0109375 0.00859375
3 0.215625 0.33125 0.0125 0.0140625
13 0.16171875 0.3359375 0.01015625 0.0109375
12 0.14375 0.33828125 0.0125 0.009375
24 0.1328125 0.34140625 0.00859375 0.01328125
14 0.12421875 0.3375 0.009375 0.00859375
15 0.11015625 0.340625 0.01015625 0.01484375
3 0.0921875 0.334375 0.01484375 0.01171875
11 0.1171875 0.3359375 0.00625 0.0109375
19 0.1703125 0.334375 0.0109375 0.0125
14 0.240625 0.33046875 0.01015625 0.01015625
5 0.25 0.328125 0.0109375 0.01640625
17 0.2796875 0.3296875 0.00703125 0.0109375
3 0.2875 0.32734375 0.01171875 0.0140625
22 0.3 0.3265625 0.0125 0.0109375
0 0.31015625 0.328125 0.0125 0.0109375
17 0.31875 0.325 0.00859375 0.01015625
17 0.1296875 0.31171875 0.0109375 0.01015625
17 0.178125 0.309375 0.0109375 0.009375
14 0.15703125 0.31171875 0.0109375 0.01015625
13 0.25390625 0.30390625 0.0109375 0.009375
19 0.346875 0.2953125 0.00859375 0.0109375
19 0.33046875 0.26875 0.0078125 0.0125
19 0.37578125 0.321875 0.01015625 0.0140625
19 0.375 0.2609375 0.009375 0.0140625
19 0.4984375 0.3125 0.00859375 0.0125
19 0.36640625 0.34921875 0.00703125 0.0125
11 0.34296875 0.26796875 0.00703125 0.0125
11 0.34921875 0.26796875 0.00625 0.0140625
11 0.49375 0.2828125 0.00859375 0.01171875
25 0.3578125 0.26875 0.0109375 0.0109375
0 0.3671875 0.26640625 0.0109375 0.009375
0 0.3953125 0.321875 0.0109375 0.00859375
0 0.5328125 0.3109375 0.01953125 0.0125
17 0.37265625 0.29296875 0.01015625 0.0109375
17 0.4203125 0.28984375 0.00859375 0.01015625
17 0.3875 0.321875 0.0078125 0.01015625
17 0.440625 0.31796875 0.0078125 0.01015625
4 0.38125 0.29296875 0.0109375 0.0109375
4 0.41328125 0.3484375 0.01484375 0.01015625
4 0.46171875 0.315625 0.01015625 0.01015625
4 0.48125 0.34296875 0.009375 0.01015625
4 0.54375 0.33828125 0.01328125 0.0109375
8 0.35390625 0.321875 0.00703125 0.01328125
18 0.36171875 0.321875 0.009375 0.01171875
18 0.3421875 0.35 0.01015625 0.01328125
18 0.41328125 0.31953125 0.01015625 0.0125
18 0.390625 0.2921875 0.009375 0.01484375
18 0.5046875 0.2828125 0.0140625 0.01328125
14 0.390625 0.2640625 0.01171875 0.009375
14 0.3984375 0.2921875 0.01171875 0.01171875
14 0.4859375 0.2875 0.0125 0.01171875
14 0.43125 0.31953125 0.01015625 0.00859375
14 0.521875 0.33984375 0.0109375 0.009375
15 0.45625 0.290625 0.01328125 0.01640625
3 0.475 0.3109375 0.01328125 0.01640625
3 0.43515625 0.3453125 0.0171875 0.0140625
3 0.490625 0.34140625 0.0140625 0.0140625
3 0.53125 0.3375 0.0125 0.015625
3 0.55390625 0.30703125 0.0140625 0.01484375
8 0.3828125 0.26171875 0.00859375 0.01328125
14 0.35078125 0.35078125 0.0109375 0.009375
5 0.3578125 0.35078125 0.0109375 0.015625
5 0.4234375 0.31640625 0.0078125 0.01796875
5 0.4546875 0.3453125 0.00859375 0.0140625
12 0.4515625 0.3171875 0.01484375 0.01015625
20 0.409375 0.2921875 0.0125 0.0125
22 0.3796875 0.35078125 0.01640625 0.0109375
0 0.39140625 0.35 0.0109375 0.0109375
17 0.40234375 0.3484375 0.00859375 0.01171875
4 0.4484375 0.346875 0.00703125 0.00859375
8 0.4625 0.34375 0.00703125 0.01171875
13 0.471875 0.34453125 0.01015625 0.01171875
12 0.5109375 0.34140625 0.01640625 0.0109375
2 0.4296875 0.290625 0.00859375 0.01015625
13 0.40078125 0.2640625 0.0125 0.01328125
2 0.46796875 0.2890625 0.009375 0.0125
14 0.51015625 0.31328125 0.0125 0.0125
3 0.58046875 0.28359375 0.0125 0.01328125
3 0.67265625 0.27265625 0.0171875 0.01796875
3 0.684375 0.29765625 0.02265625 0.01875
3 0.753125 0.2953125 0.01484375 0.01796875
8 0.5921875 0.28203125 0.0109375 0.0125
8 0.62265625 0.27734375 0.00625 0.0109375
18 0.60234375 0.28125 0.0078125 0.01015625
19 0.60859375 0.28046875 0.00703125 0.0109375
19 0.6484375 0.275 0.009375 0.0125
1 0.63125 0.2765625 0.01171875 0.0125
17 0.61640625 0.2796875 0.00859375 0.0109375
4 0.66015625 0.27734375 0.009375 0.009375
12 0.72421875 0.3015625 0.02109375 0.01015625
14 0.73984375 0.3 0.01015625 0.01015625
14 0.7890625 0.29609375 0.0125 0.01171875
4 0.76953125 0.29765625 0.01484375 0.0109375
0 0.8265625 0.296875 0.0140625 0.01328125
0 0.85390625 0.3546875 0.0140625 0.01171875
17 0.8390625 0.29375 0.01171875 0.01171875
17 0.7390625 0.3578125 0.0109375 0.01015625
17 0.9453125 0.2859375 0.0125 0.01171875
2 0.8515625 0.29453125 0.01171875 0.0125
2 0.90703125 0.290625 0.0125 0.0125
2 0.9265625 0.34921875 0.015625 0.0125
18 0.71640625 0.359375 0.01171875 0.0109375
18 0.83203125 0.35234375 0.015625 0.01484375
18 0.8875 0.3515625 0.0125 0.0125
18 0.94296875 0.35 0.01171875 0.01328125
3 0.69453125 0.36015625 0.01796875 0.015625
3 0.809375 0.353125 0.02109375 0.01796875
8 0.7078125 0.359375 0.009375 0.0125
8 0.91328125 0.3515625 0.0109375 0.0140625
8 0.74765625 0.35546875 0.0078125 0.01484375
19 0.7265625 0.3578125 0.009375 0.0125
19 0.78125 0.35625 0.009375 0.0140625
19 0.9171875 0.2875 0.01171875 0.0140625
19 0.90078125 0.3515625 0.01015625 0.015625
19 0.971875 0.34921875 0.009375 0.0140625
19 0.88125 0.290625 0.01171875 0.01328125
20 0.93046875 0.2875 0.015625 0.01171875
19 0.86484375 0.35234375 0.009375 0.01484375
19 0.84296875 0.35234375 0.009375 0.01484375
1 0.7578125 0.35625 0.01484375 0.01640625
20 0.77109375 0.35625 0.01328125 0.0140625
7 0.8625 0.290625 0.0109375 0.015625
5 0.79921875 0.29453125 0.01328125 0.0171875
4 0.959375 0.2859375 0.0125 0.00859375
3 0.08984375 0.3609375 0.01015625 0.01328125
3 0.1578125 0.36328125 0.01484375 0.01328125
3 0.134375 0.41875 0.01171875 0.01328125
3 0.1453125 0.4546875 0.01328125 0.01328125
3 0.28984375 0.44765625 0.01171875 0.01484375
3 0.27265625 0.471875 0.01328125 0.01484375
3 0.209375 0.359375 0.0109375 0.01171875
3 0.1078125 0.36171875 0.0109375 0.01015625
4 0.0984375 0.3625 0.00703125 0.0078125
4 0.12578125 0.42109375 0.00625 0.01015625
4 0.2015625 0.39140625 0.0078125 0.0078125
4 0.31171875 0.35390625 0.0078125 0.009375
4 0.30078125 0.38359375 0.01171875 0.01015625
4 0.375 0.38046875 0.01328125 0.009375
14 0.27109375 0.35859375 0.01015625 0.009375
14 0.275 0.38515625 0.01484375 0.0109375
8 0.1140625 0.3625 0.00625 0.01015625
8 0.10625 0.41796875 0.01015625 0.01484375
8 0.1953125 0.41796875 0.00625 0.0140625
8 0.2203125 0.38828125 0.00625 0.0125
8 0.35703125 0.37890625 0.00625 0.0125
19 0.2609375 0.35703125 0.00859375 0.0125
19 0.26328125 0.3828125 0.00859375 0.01875
19 0.1734375 0.41875 0.0109375 0.0125
19 0.1375 0.3625 0.00859375 0.01171875
20 0.084375 0.41953125 0.0140625 0.0140625
20 0.13359375 0.39296875 0.00859375 0.0109375
0 0.19140625 0.36484375 0.0109375 0.01015625
0 0.14375 0.39296875 0.0109375 0.009375
0 0.11484375 0.39140625 0.01015625 0.0109375
0 0.13046875 0.36328125 0.009375 0.0109375
22 0.22109375 0.3609375 0.01328125 0.00859375
0 0.23046875 0.36015625 0.01015625 0.0109375
17 0.2390625 0.36015625 0.0109375 0.01015625
17 0.1984375 0.3625 0.00859375 0.01015625
11 0.15234375 0.38984375 0.009375 0.01484375
4 0.146875 0.365625 0.01015625 0.00859375
3 0.10703125 0.36171875 0.01015625 0.01328125
12 0.103125 0.390625 0.0140625 0.0109375
13 0.125 0.39140625 0.01015625 0.0109375
5 0.1125 0.4203125 0.0078125 0.015625
13 0.09765625 0.4203125 0.0125 0.0109375
12 0.153125 0.4203125 0.01484375 0.01015625
4 0.1640625 0.41953125 0.00625 0.0109375
4 0.18203125 0.41953125 0.009375 0.009375
17 0.1890625 0.41953125 0.0078125 0.0109375
13 0.20234375 0.41953125 0.00859375 0.00859375
13 0.2296875 0.3875 0.00859375 0.01015625
13 0.32265625 0.353125 0.01171875 0.01171875
6 0.240625 0.3921875 0.009375 0.01875
6 0.2109375 0.42734375 0.0109375 0.0265625
3 0.134375 0.41875 0.01171875 0.015625
3 0.16796875 0.39453125 0.0125 0.015625
17 0.1765625 0.39140625 0.0078125 0.01015625
14 0.184375 0.3921875 0.0109375 0.01015625
14 0.2921875 0.35546875 0.0109375 0.0109375
2 0.19296875 0.39140625 0.009375 0.01015625
18 0.2125 0.38828125 0.00859375 0.0109375
18 0.3234375 0.3796875 0.01171875 0.01484375
18 0.28984375 0.38359375 0.01015625 0.0125
15 0.30234375 0.35546875 0.01171875 0.0125
11 0.30703125 0.38046875 0.00703125 0.015625
5 0.31328125 0.3796875 0.0078125 0.01640625
4 0.334375 0.38125 0.009375 0.01015625
17 0.3421875 0.38046875 0.00703125 0.0109375
21 0.35078125 0.38046875 0.01171875 0.01171875
2 0.3640625 0.38046875 0.00625 0.0125
0 0.39453125 0.37890625 0.01328125 0.009375
0 0.43984375 0.3765625 0.0140625 0.01015625
13 0.40703125 0.37734375 0.01171875 0.0125
3 0.41796875 0.37578125 0.01328125 0.01484375
20 0.4515625 0.3765625 0.01015625 0.01171875
19 0.459375 0.37421875 0.0078125 0.0140625
19 0.50390625 0.3703125 0.00703125 0.015625
14 0.46953125 0.3765625 0.01328125 0.01015625
14 0.4984375 0.44375 0.0125 0.0109375
14 0.4015625 0.40390625 0.0078125 0.0078125
14 0.39921875 0.446875 0.01171875 0.01015625
14 0.3328125 0.4234375 0.00859375 0.0078125
12 0.48359375 0.375 0.01640625 0.01015625
12 0.41171875 0.4015625 0.01328125 0.00859375
0 0.49609375 0.37265625 0.01171875 0.009375
8 0.51015625 0.37109375 0.00703125 0.01171875
2 0.5203125 0.3734375 0.01171875 0.0109375
2 0.5953125 0.3671875 0.01015625 0.01015625
18 0.54375 0.36875 0.01484375 0.01328125
18 0.61484375 0.36640625 0.01015625 0.01328125
4 0.55625 0.3703125 0.0109375 0.0109375
4 0.571875 0.43671875 0.01171875 0.009375
17 0.56796875 0.36875 0.009375 0.01328125
21 0.5765625 0.36875 0.0109375 0.01171875
8 0.5859375 0.3671875 0.00703125 0.0125
4 0.60625 0.3671875 0.01015625 0.0109375
0 0.64140625 0.3671875 0.0140625 0.0109375
0 0.60625 0.434375 0.0109375 0.0109375
0 0.66796875 0.43359375 0.01484375 0.01015625
3 0.6671875 0.36171875 0.01328125 0.0171875
3 0.584375 0.43359375 0.01171875 0.0140625
13 0.65625 0.365625 0.0140625 0.01171875
13 0.53359375 0.4390625 0.01171875 0.0109375
13 0.12734375 0.50546875 0.009375 0.00859375
2 0.10859375 0.45546875 0.01171875 0.0140625
2 0.13203125 0.4765625 0.01015625 0.01015625
2 0.23125 0.47265625 0.01484375 0.01328125
2 0.3421875 0.47109375 0.0109375 0.01171875
11 0.115625 0.453125 0.00859375 0.0125
11 0.09609375 0.50546875 0.00703125 0.0125
11 0.22421875 0.5015625 0.00625 0.0125
11 0.24140625 0.46875 0.0046875 0.01171875
14 0.125 0.45546875 0.01171875 0.01015625
14 0.23046875 0.503125 0.009375 0.01015625
14 0.2484375 0.47265625 0.0125 0.01015625
14 0.2109375 0.4546875 0.01171875 0.01171875
20 0.13671875 0.45703125 0.009375 0.0109375
20 0.07109375 0.4765625 0.0125 0.009375
20 0.18671875 0.47734375 0.0125 0.009375
8 0.15625 0.4546875 0.0078125 0.0125
8 0.171875 0.453125 0.00703125 0.0125
8 0.25390625 0.4484375 0.01015625 0.0140625
8 0.10234375 0.50234375 0.00703125 0.01640625
8 0.1203125 0.503125 0.00625 0.0125
8 0.06171875 0.50234375 0.00703125 0.0109375
8 0.203125 0.45390625 0.00625 0.0125
5 0.1640625 0.453125 0.01015625 0.01640625
24 0.11484375 0.51015625 0.0078125 0.0140625
24 0.23828125 0.50625 0.009375 0.01328125
0 0.18515625 0.45625 0.0125 0.01015625
0 0.14296875 0.47734375 0.01328125 0.01015625
19 0.196875 0.45234375 0.009375 0.015625
1 0.1734375 0.47265625 0.01328125 0.01640625
24 0.2 0.48203125 0.0171875 0.01953125
13 0.2203125 0.453125 0.00859375 0.01015625
18 0.23359375 0.45078125 0.0140625 0.015625
18 0.2953125 0.471875 0.0109375 0.009375
7 0.24375 0.44765625 0.0125 0.0171875
5 0.2625 0.44921875 0.009375 0.015625
19 0.2703125 0.4484375 0.01015625 0.01484375
4 0.27890625 0.45078125 0.0109375 0.0109375
4 0.30625 0.471875 0.009375 0.01015625
4 0.35234375 0.47109375 0.00859375 0.01171875
20 0.26015625 0.47265625 0.01328125 0.0109375
18 0.08203125 0.4765625 0.009375 0.0109375
18 0.1078125 0.4765625 0.01015625 0.01015625
18 0.05234375 0.50234375 0.0125 0.01328125
4 0.0921875 0.4765625 0.01171875 0.01015625
17 0.1 0.4765625 0.00859375 0.01015625
13 0.15703125 0.4765625 0.015625 0.009375
12 0.07109375 0.5046875 0.015625 0.00859375
15 0.08671875 0.50625 0.01484375 0.01328125
6 0.13984375 0.51171875 0.01796875 0.021875
19 0.1640625 0.50390625 0.0078125 0.01171875
7 0.1734375 0.5046875 0.01015625 0.01171875
4 0.1828125 0.50625 0.01015625 0.00703125
3 0.1984375 0.50234375 0.0140625 0.0171875
15 0.21484375 0.5078125 0.0140625 0.01796875
12 0.24921875 0.503125 0.0140625 0.01015625
4 0.259375 0.50078125 0.009375 0.0109375
13 0.26875 0.50234375 0.01015625 0.009375
19 0.2765625 0.50234375 0.0078125 0.01171875
0 0.296875 0.5 0.0109375 0.01015625
13 0.3078125 0.5 0.01171875 0.0109375
3 0.31640625 0.49765625 0.0109375 0.015625
17 0.31640625 0.471875 0.00859375 0.009375
12 0.30859375 0.44921875 0.0171875 0.0109375
12 0.3390625 0.4984375 0.0140625 0.009375
0 0.321875 0.45 0.01171875 0.0109375
0 0.3546875 0.4484375 0.0125 0.009375
0 0.35 0.49921875 0.01171875 0.01015625
0 0.3703125 0.4984375 0.0109375 0.0078125
13 0.33203125 0.44921875 0.01015625 0.0109375
20 0.3421875 0.44921875 0.01328125 0.01328125
11 0.365625 0.4453125 0.0109375 0.01875
8 0.33359375 0.47109375 0.0078125 0.01171875
21 0.32578125 0.471875 0.0109375 0.01171875
13 0.3609375 0.4984375 0.01015625 0.0109375
18 0.36171875 0.4703125 0.0109375 0.01484375
14 0.38671875 0.47265625 0.0140625 0.0109375
13 0.39921875 0.47109375 0.01171875 0.01015625
15 0.38125 0.44921875 0.0125 0.01484375
17 0.3921875 0.44609375 0.01015625 0.0109375
2 0.40859375 0.44453125 0.0125 0.01328125
4 0.4203125 0.4453125 0.009375 0.01171875
18 0.42734375 0.44296875 0.009375 0.0125
18 0.43515625 0.440625 0.01015625 0.01640625
8 0.440625 0.440625 0.00546875 0.0125
13 0.44921875 0.4421875 0.0125 0.01171875
6 0.46015625 0.446875 0.01171875 0.02109375
21 0.42109375 0.46875 0.0125 0.01328125
0 0.43125 0.4671875 0.01015625 0.01015625
17 0.440625 0.465625 0.009375 0.009375
8 0.4484375 0.46328125 0.00859375 0.01171875
14 0.45703125 0.46484375 0.0109375 0.01015625
20 0.46484375 0.46328125 0.0109375 0.0109375
18 0.47890625 0.4609375 0.0125 0.01640625
6 0.38046875 0.5046875 0.0109375 0.0203125
4 0.3875 0.4953125 0.009375 0.01171875
4 0.4109375 0.496875 0.009375 0.01171875
12 0.3984375 0.496875 0.01484375 0.0109375
13 0.41953125 0.496875 0.0109375 0.01171875
19 0.428125 0.49609375 0.00859375 0.01328125
14 0.4484375 0.496875 0.0109375 0.01015625
5 0.4578125 0.49375 0.0109375 0.01484375
4 0.47734375 0.49375 0.00859375 0.01171875
4 0.50859375 0.49375 0.01015625 0.01171875
4 0.5640625 0.4921875 0.01328125 0.0109375
4 0.5921875 0.490625 0.00703125 0.0109375
4 0.57265625 0.4609375 0.00859375 0.009375
19 0.484375 0.44296875 0.01015625 0.0125
20 0.5203125 0.440625 0.0125 0.0125
20 0.5328125 0.4640625 0.0125 0.01171875
8 0.5421875 0.4375 0.0078125 0.0140625
8 0.559375 0.434375 0.00625 0.009375
8 0.5453125 0.490625 0.00859375 0.01484375
5 0.54921875 0.4359375 0.009375 0.0140625
11 0.51328125 0.4640625 0.00546875 0.0140625
2 0.5046875 0.46328125 0.0125 0.01484375
14 0.52109375 0.46484375 0.0125 0.009375
18 0.56328125 0.46015625 0.0140625 0.0125
3 0.5453125 0.46171875 0.01640625 0.0140625
13 0.4890625 0.49453125 0.0125 0.0109375
19 0.4984375 0.4921875 0.009375 0.0140625
17 0.51796875 0.4921875 0.01015625 0.0140625
17 0.53828125 0.49140625 0.009375 0.0109375
15 0.528125 0.49375 0.01328125 0.0171875
17 0.58203125 0.46171875 0.0109375 0.0109375
21 0.59140625 0.46015625 0.0125 0.01015625
21 0.603125 0.490625 0.0078125 0.01171875
11 0.58515625 0.4890625 0.0078125 0.015625
11 0.6171875 0.48828125 0.0078125 0.01640625
11 0.6625 0.4546875 0.00625 0.0171875
11 0.6984375 0.48359375 0.0078125 0.0140625
2 0.60703125 0.459375 0.0125 0.01015625
4 0.6203125 0.46015625 0.015625 0.00859375
4 0.6109375 0.4890625 0.00859375 0.009375
18 0.553125 0.49140625 0.0078125 0.01328125
15 0.65 0.459375 0.015625 0.015625
0 0.67109375 0.45625 0.0109375 0.0109375
0 0.64609375 0.4890625 0.01171875 0.0109375
0 0.66640625 0.48828125 0.01328125 0.0125
0 0.70859375 0.4859375 0.0125 0.01015625
0 0.76640625 0.45078125 0.01328125 0.01171875
20 0.61953125 0.434375 0.0140625 0.0109375
19 0.6296875 0.43203125 0.01015625 0.015625
19 0.65546875 0.4859375 0.00859375 0.015625
19 0.68203125 0.4546875 0.00859375 0.01328125
19 0.7171875 0.48359375 0.0078125 0.0125
19 0.803125 0.4484375 0.009375 0.0140625
19 0.75390625 0.42734375 0.009375 0.01328125
19 0.6796875 0.43046875 0.0109375 0.0125
14 0.63984375 0.434375 0.0140625 0.01015625
14 0.7 0.45625 0.01484375 0.009375
14 0.7359375 0.48359375 0.0140625 0.00859375
15 0.690625 0.4890625 0.0125 0.01953125
3 0.63515625 0.4875 0.01484375 0.01328125
5 0.690625 0.45390625 0.0109375 0.015625
17 0.7109375 0.4546875 0.01171875 0.01171875
12 0.7265625 0.4546875 0.01796875 0.01015625
12 0.75859375 0.48359375 0.02109375 0.0109375
17 0.74453125 0.4828125 0.00859375 0.00859375
5 0.72578125 0.48203125 0.01015625 0.015625
18 0.74296875 0.45390625 0.0125 0.0171875
12 0.73046875 0.42890625 0.0171875 0.0109375
4 0.74140625 0.428125 0.0140625 0.01328125
4 0.7640625 0.42734375 0.009375 0.01015625
12 0.65234375 0.4328125 0.0171875 0.0109375
8 0.68828125 0.43046875 0.0078125 0.01484375
2 0.7015625 0.43046875 0.0171875 0.0140625
17 0.7765625 0.428125 0.0109375 0.01171875
8 0.7859375 0.425 0.00859375 0.01328125
13 0.79765625 0.42578125 0.01328125 0.009375
6 0.80859375 0.428125 0.01484375 0.01796875
13 0.7796875 0.45078125 0.0140625 0.01171875
24 0.7921875 0.453125 0.01328125 0.01796875
8 0.8125 0.44921875 0.009375 0.01328125
12 0.828125 0.45 0.01875 0.009375
8 0.8296875 0.42421875 0.00625 0.0109375
4 0.84453125 0.4484375 0.01796875 0.0109375
13 0.83984375 0.425 0.0109375 0.0125
13 0.87890625 0.44609375 0.01328125 0.0109375
13 0.93828125 0.4453125 0.0125 0.009375
18 0.77265625 0.4828125 0.0078125 0.0140625
19 0.86328125 0.4203125 0.0125 0.01328125
7 0.875 0.42109375 0.0125 0.015625
4 0.8875 0.421875 0.01328125 0.009375
0 0.86484375 0.44765625 0.01328125 0.01171875
0 0.9234375 0.44453125 0.01484375 0.01328125
0 0.9265625 0.421875 0.01484375 0.01015625
3 0.89453125 0.4453125 0.02109375 0.01640625
1 0.91171875 0.41953125 0.0140625 0.01484375
2 0.9390625 0.4203125 0.0125 0.01015625
10 0.95546875 0.41875 0.0171875 0.01328125
6 0.97109375 0.42265625 0.0125 0.01484375
17 0.98359375 0.4203125 0.01015625 0.01015625
14 0.99375 0.42109375 0.0125 0.0109375
24 0.95 0.45 0.01328125 0.0203125
22 0.96484375 0.44375 0.02265625 0.01171875
7 0.978125 0.43984375 0.0125 0.01328125
4 0.9921875 0.440625 0.01484375 0.01015625
3 0.075 0.55625 0.015625 0.01640625
3 0.2359375 0.55625 0.015625 0.015625
4 0.08671875 0.559375 0.00859375 0.0109375
4 0.10546875 0.559375 0.009375 0.0125
4 0.21484375 0.58515625 0.009375 0.00859375
4 0.1609375 0.64453125 0.01015625 0.0078125
4 0.1875 0.64140625 0.00859375 0.0078125
4 0.2140625 0.64296875 0.009375 0.00703125
21 0.096875 0.55859375 0.0125 0.0140625
11 0.1140625 0.559375 0.0046875 0.015625
11 0.19375 0.61171875 0.009375 0.01328125
14 0.12109375 0.56171875 0.0109375 0.009375
15 0.128125 0.5625 0.01328125 0.015625
12 0.1421875 0.5625 0.01484375 0.01015625
4 0.153125 0.56171875 0.00859375 0.009375
4 0.21484375 0.55859375 0.009375 0.01015625
13 0.16328125 0.5609375 0.01171875 0.01015625
13 0.225 0.5578125 0.01484375 0.0125
17 0.20546875 0.559375 0.009375 0.01171875
19 0.17265625 0.55859375 0.01171875 0.0140625
19 0.196875 0.55703125 0.01171875 0.01640625
19 0.20703125 0.58359375 0.0078125 0.01484375
7 0.11328125 0.58359375 0.01171875 0.0171875
14 0.12421875 0.5875 0.0109375 0.01015625
18 0.1359375 0.58828125 0.00859375 0.01171875
19 0.14765625 0.58828125 0.01171875 0.01328125
0 0.16796875 0.58671875 0.0109375 0.01015625
13 0.17890625 0.5875 0.009375 0.01015625
3 0.1890625 0.584375 0.01328125 0.0140625
17 0.22265625 0.584375 0.01015625 0.01015625
12 0.23515625 0.58515625 0.015625 0.0109375
8 0.24375 0.58203125 0.0078125 0.0125
13 0.25 0.58359375 0.009375 0.009375
0 0.26015625 0.5828125 0.01171875 0.0109375
11 0.26640625 0.58046875 0.00703125 0.0171875
18 0.2765625 0.58125 0.00859375 0.01015625
15 0.1203125 0.61484375 0.01328125 0.01484375
2 0.13359375 0.615625 0.01171875 0.01171875
0 0.153125 0.61640625 0.0109375 0.01015625
13 0.1625 0.615625 0.00859375 0.01015625
3 0.17265625 0.61328125 0.0125 0.0125
0 0.20234375 0.6125 0.00859375 0.01171875
13 0.2140625 0.61328125 0.01171875 0.0125
12 0.121875 0.6453125 0.0109375 0.00859375
14 0.13203125 0.646875 0.009375 0.009375
1 0.14140625 0.64453125 0.0109375 0.0125
8 0.1484375 0.64375 0.00625 0.01015625
11 0.153125 0.64296875 0.00546875 0.01171875
3 0.17734375 0.640625 0.0125 0.0125
21 0.19453125 0.64140625 0.009375 0.01015625
8 0.20234375 0.640625 0.00625 0.01171875
2 0.2078125 0.64140625 0.0078125 0.01015625
2 0.240625 0.63984375 0.00859375 0.01015625
18 0.22109375 0.640625 0.00859375 0.009375
11 0.25 0.6390625 0.00703125 0.0140625
14 0.25625 0.640625 0.009375 0.009375
20 0.26640625 0.640625 0.01015625 0.01015625
3 0.27578125 0.6359375 0.0109375 0.01484375
3 0.34609375 0.6375 0.01171875 0.0125
1 0.30703125 0.6390625 0.0125 0.01328125
8 0.3171875 0.63984375 0.00859375 0.01171875
6 0.32578125 0.64453125 0.0125 0.01328125
0 0.3578125 0.6375 0.009375 0.00859375
0 0.37578125 0.63671875 0.0140625 0.009375
0 0.39609375 0.6390625 0.0109375 0.009375
0 0.41328125 0.6390625 0.01015625 0.009375
0 0.51328125 0.64296875 0.01328125 0.009375
19 0.36484375 0.63515625 0.009375 0.0125
13 0.4046875 0.6390625 0.009375 0.00859375
11 0.41953125 0.63671875 0.00703125 0.0109375
24 0.42578125 0.64375 0.00703125 0.01484375
18 0.4328125 0.63984375 0.0078125 0.0125
18 0.44921875 0.63984375 0.01015625 0.01328125
18 0.48125 0.63984375 0.009375 0.0140625
8 0.43984375 0.640625 0.00703125 0.0125
8 0.50390625 0.63984375 0.00859375 0.01484375
8 0.6296875 0.63984375 0.00625 0.0140625
19 0.54453125 0.6390625 0.00859375 0.0140625
19 0.5328125 0.671875 0.00703125 0.01640625
14 0.4890625 0.640625 0.01015625 0.01015625
2 0.49609375 0.640625 0.0078125 0.0125
11 0.52421875 0.6359375 0.0109375 0.0171875
4 0.55625 0.64140625 0.01171875 0.0125
2 0.5671875 0.6390625 0.01484375 0.0125
7 0.5765625 0.63828125 0.00859375 0.015625
13 0.58828125 0.640625 0.0109375 0.0109375
14 0.5953125 0.640625 0.0125 0.01015625
11 0.603125 0.63828125 0.00625 0.0140625
6 0.61875 0.6453125 0.01484375 0.01875
4 0.63671875 0.64296875 0.01171875 0.01171875
19 0.5875 0.66953125 0.009375 0.0171875
14 0.6 0.671875 0.01171875 0.01015625
18 0.56796875 0.671875 0.0109375 0.01015625
13 0.55859375 0.67265625 0.0109375 0.0109375
14 0.5484375 0.67421875 0.009375 0.01171875
8 0.540625 0.671875 0.00703125 0.0109375
14 0.50703125 0.6734375 0.01015625 0.01015625
18 0.4953125 0.671875 0.01328125 0.01640625
11 0.5140625 0.67109375 0.0078125 0.01484375
20 0.5234375 0.6734375 0.0109375 0.0109375
20 0.446875 0.675 0.009375 0.01015625
21 0.41796875 0.6734375 0.0109375 0.01171875
0 0.428125 0.6765625 0.01015625 0.0109375
11 0.4375 0.67265625 0.00859375 0.0140625
0 0.45546875 0.67265625 0.01171875 0.0109375
1 0.46640625 0.6703125 0.0109375 0.0125
11 0.47421875 0.66953125 0.00703125 0.01328125
4 0.48125 0.671875 0.00703125 0.009375
4 0.396875 0.67421875 0.00859375 0.01015625
4 0.40234375 0.70234375 0.0078125 0.0125
4 0.57578125 0.7015625 0.00703125 0.01015625
4 0.5859375 0.703125 0.009375 0.01171875
4 0.64296875 0.67265625 0.01015625 0.0125
4 0.67265625 0.70703125 0.01171875 0.01484375
4 0.740625 0.70546875 0.01171875 0.01171875
4 0.84140625 0.63671875 0.0109375 0.01171875
19 0.9375 0.6328125 0.0109375 0.01640625
19 0.94453125 0.66640625 0.01328125 0.0171875
19 0.9015625 0.63359375 0.009375 0.01328125
19 0.83125 0.63515625 0.0109375 0.0171875
19 0.83515625 0.66640625 0.01171875 0.0140625
19 0.87578125 0.70234375 0.009375 0.01484375
19 0.48671875 0.69765625 0.00703125 0.01796875
0 0.09453125 0.67578125 0.0125 0.01015625
13 0.1046875 0.67734375 0.00859375 0.01015625
3 0.11484375 0.67578125 0.0125 0.01328125
20 0.13125 0.67890625 0.01015625 0.009375
15 0.14140625 0.67890625 0.01015625 0.0140625
6 0.14921875 0.68125 0.009375 0.01640625
6 0.1859375 0.709375 0.0109375 0.0171875
17 0.1578125 0.678125 0.0078125 0.00859375
14 0.1640625 0.67890625 0.0078125 0.00859375
3 0.171875 0.67578125 0.0109375 0.01484375
4 0.1796875 0.6765625 0.009375 0.009375
14 0.196875 0.678125 0.009375 0.01015625
5 0.20546875 0.6765625 0.0125 0.01484375
8 0.2171875 0.67421875 0.00546875 0.0125
13 0.22421875 0.6765625 0.01015625 0.00859375
3 0.23203125 0.67265625 0.0109375 0.01640625
20 0.24140625 0.6765625 0.01015625 0.01015625
19 0.2515625 0.67421875 0.00625 0.0140625
17 0.25859375 0.67421875 0.00703125 0.01015625
17 0.30703125 0.67421875 0.00625 0.0109375
24 0.26484375 0.67890625 0.0125 0.01796875
20 0.2828125 0.67421875 0.01015625 0.0125
18 0.29296875 0.675 0.009375 0.01484375
18 0.31171875 0.67265625 0.0078125 0.01015625
4 0.3 0.675 0.009375 0.009375
19 0.3296875 0.6734375 0.00625 0.015625
14 0.3375 0.6765625 0.01171875 0.0109375
15 0.35078125 0.6765625 0.0125 0.01640625
17 0.36015625 0.67421875 0.009375 0.0109375
14 0.36796875 0.67578125 0.01015625 0.009375
21 0.37578125 0.675 0.00859375 0.0125
8 0.38203125 0.67265625 0.0046875 0.0109375
3 0.3890625 0.67109375 0.0125 0.015625
15 0.1 0.70546875 0.0171875 0.01484375
17 0.1125 0.70625 0.01015625 0.01015625
14 0.12265625 0.70625 0.0125 0.0109375
14 0.15 0.709375 0.01328125 0.009375
12 0.1375 0.7078125 0.015625 0.009375
19 0.15703125 0.70625 0.0078125 0.0125
8 0.16484375 0.70546875 0.00859375 0.0140625
13 0.17578125 0.70703125 0.0125 0.009375
8 0.20546875 0.70390625 0.0046875 0.0125
12 0.21484375 0.70703125 0.01328125 0.0078125
12 0.265625 0.7046875 0.01484375 0.01171875
15 0.2265625 0.70703125 0.0109375 0.01484375
17 0.23671875 0.70234375 0.00859375 0.0109375
14 0.246875 0.703125 0.01171875 0.01171875
21 0.25546875 0.70234375 0.009375 0.009375
4 0.27734375 0.7046875 0.00859375 0.0109375
13 0.2859375 0.7046875 0.01015625 0.0109375
19 0.29296875 0.703125 0.00859375 0.01484375
0 0.3140625 0.70234375 0.01328125 0.0125
13 0.3234375 0.7015625 0.0125 0.01328125
3 0.3375 0.70078125 0.01484375 0.01484375
1 0.36015625 0.7 0.0125 0.01640625
20 0.36953125 0.7015625 0.01328125 0.0125
8 0.3796875 0.70078125 0.00546875 0.01328125
18 0.38671875 0.70234375 0.01015625 0.01171875
13 0.39453125 0.703125 0.01015625 0.01328125
18 0.41875 0.7015625 0.009375 0.01328125
8 0.43671875 0.70078125 0.00546875 0.01171875
13 0.44375 0.70078125 0.01015625 0.0109375
13 0.453125 0.7015625 0.0125 0.01328125
14 0.46328125 0.7015625 0.0109375 0.01328125
21 0.4734375 0.70078125 0.0078125 0.0171875
0 0.4796875 0.7015625 0.00703125 0.01015625
8 0.49296875 0.70078125 0.00625 0.0125
14 0.5 0.70234375 0.00859375 0.00859375
13 0.51015625 0.70390625 0.0140625 0.01171875
12 0.56328125 0.70078125 0.01875 0.0109375
19 0.59453125 0.70078125 0.01015625 0.01484375
11 0.62890625 0.70234375 0.0078125 0.0140625
11 0.73046875 0.69921875 0.01328125 0.01796875
17 0.6484375 0.703125 0.00859375 0.01015625
0 0.6375 0.70390625 0.01328125 0.009375
6 0.65859375 0.7078125 0.01484375 0.01796875
6 0.74765625 0.675 0.0125 0.01796875
18 0.69921875 0.70078125 0.01328125 0.01328125
18 0.66171875 0.67109375 0.01015625 0.0140625
18 0.69375 0.7984375 0.015625 0.01484375
2 0.71171875 0.70234375 0.0109375 0.01328125
0 0.7234375 0.703125 0.01328125 0.01171875
0 0.7109375 0.671875 0.0109375 0.00859375
12 0.69765625 0.6703125 0.01875 0.009375
20 0.625 0.671875 0.01328125 0.0125
18 0.63515625 0.6703125 0.009375 0.01171875
17 0.6515625 0.6703125 0.0109375 0.0125
10 0.721875 0.66796875 0.0125 0.0125
8 0.7296875 0.66875 0.00625 0.01328125
13 0.73828125 0.66953125 0.01171875 0.009375
8 0.77890625 0.665625 0.0109375 0.0125
13 0.78828125 0.6671875 0.01015625 0.00859375
13 0.86484375 0.7015625 0.0109375 0.0125
17 0.765625 0.70234375 0.0078125 0.0109375
17 0.84921875 0.6671875 0.01171875 0.0125
17 0.9328125 0.66484375 0.009375 0.01015625
17 0.9671875 0.665625 0.01796875 0.01328125
24 0.8625 0.671875 0.015625 0.01953125
3 0.8 0.66640625 0.01328125 0.0140625
4 0.77578125 0.70234375 0.0109375 0.0109375
4 0.82734375 0.7 0.01328125 0.01015625
4 0.85703125 0.7015625 0.01015625 0.0109375
4 0.9546875 0.66640625 0.0109375 0.0109375
20 0.81328125 0.66796875 0.01171875 0.01171875
20 0.79609375 0.7 0.01484375 0.0125
16 0.78515625 0.70703125 0.009375 0.02109375
8 0.80546875 0.6984375 0.0078125 0.01328125
17 0.81328125 0.69921875 0.01171875 0.0125
12 0.84296875 0.7 0.0203125 0.0125
12 0.90703125 0.66796875 0.0203125 0.01171875
0 0.921875 0.66796875 0.0125 0.0125
18 0.890625 0.665625 0.01328125 0.01640625
18 0.8875 0.70234375 0.0109375 0.009375
18 0.82421875 0.6671875 0.009375 0.0125
2 0.7046875 0.63828125 0.01328125 0.01171875
11 0.7140625 0.6375 0.00546875 0.01328125
11 0.7390625 0.6375 0.00546875 0.0125
14 0.72265625 0.6390625 0.01328125 0.009375
18 0.73203125 0.6375 0.00859375 0.0125
8 0.76796875 0.63359375 0.00625 0.015625
13 0.778125 0.6375 0.0109375 0.0109375
24 0.746875 0.64140625 0.0109375 0.01875
19 0.78671875 0.6359375 0.00625 0.01328125
4 0.7953125 0.63671875 0.0078125 0.009375
6 0.80234375 0.64375 0.01015625 0.02109375
17 0.81171875 0.63671875 0.009375 0.0109375
0 0.8203125 0.6375 0.0140625 0.009375
3 0.853125 0.63203125 0.01484375 0.01796875
22 0.88125 0.63515625 0.01953125 0.01328125
8 0.89296875 0.63203125 0.0078125 0.0140625
7 0.915625 0.634375 0.01875 0.015625
17 0.9453125 0.6328125 0.009375 0.01171875
0 0.95703125 0.6328125 0.01640625 0.00859375
13 0.9671875 0.6328125 0.01328125 0.01171875
18 0.978125 0.63125 0.01015625 0.01484375
5 0.9875 0.6296875 0.01015625 0.02109375
0 0.1078125 0.759375 0.01953125 0.01953125
1 0.121875 0.759375 0.01640625 0.02109375
14 0.1359375 0.76328125 0.01171875 0.01484375
14 0.20234375 0.76328125 0.0125 0.0140625
14 0.2765625 0.76171875 0.01640625 0.01328125
14 0.275 0.79609375 0.0125 0.01015625
14 0.12265625 0.79765625 0.01171875 0.0109375
14 0.0640625 0.79453125 0.01328125 0.0109375
14 0.065625 0.82578125 0.0109375 0.00859375
20 0.1484375 0.7640625 0.01328125 0.01484375
20 0.32578125 0.76171875 0.0140625 0.0140625
20 0.215625 0.76328125 0.0140625 0.01484375
20 0.1578125 0.79609375 0.01171875 0.0125
20 0.0765625 0.796875 0.01640625 0.015625
19 0.16015625 0.76171875 0.01328125 0.0203125
2 0.18203125 0.7609375 0.01484375 0.015625
2 0.2625 0.76015625 0.0125 0.015625
2 0.11171875 0.79453125 0.01171875 0.015625
2 0.04609375 0.79375 0.0140625 0.0140625
2 0.3734375 0.7953125 0.0109375 0.01328125
2 0.3125 0.8265625 0.009375 0.01171875
2 0.15859375 0.82734375 0.01015625 0.0125
11 0.1921875 0.75859375 0.009375 0.0203125
12 0.2921875 0.7609375 0.01875 0.01484375
3 0.22734375 0.76015625 0.01484375 0.01875
15 0.3109375 0.7640625 0.0140625 0.0171875
19 0.33828125 0.75859375 0.0109375 0.015625
8 0.34609375 0.759375 0.0078125 0.0140625
13 0.35546875 0.76171875 0.0140625 0.01015625
6 0.36796875 0.76484375 0.0171875 0.02265625
3 0.08984375 0.79296875 0.015625 0.01796875
12 0.134375 0.7953125 0.01796875 0.01015625
15 0.146875 0.79765625 0.0140625 0.01484375
19 0.16484375 0.79296875 0.00703125 0.01640625
8 0.16953125 0.7921875 0.0046875 0.01015625
13 0.1765625 0.79453125 0.0109375 0.01171875
6 0.18671875 0.80078125 0.01171875 0.02265625
0 0.2328125 0.79609375 0.01484375 0.01015625
0 0.21953125 0.82421875 0.0125 0.0140625
0 0.20703125 0.8578125 0.01484375 0.0140625
0 0.1375 0.85703125 0.01328125 0.01171875
0 0.1203125 0.82890625 0.01171875 0.0109375
12 0.25859375 0.79375 0.0171875 0.01171875
3 0.2859375 0.79296875 0.0125 0.01484375
3 0.24453125 0.8234375 0.01484375 0.0171875
3 0.228125 0.85546875 0.01484375 0.0109375
3 0.2734375 0.85546875 0.0171875 0.01640625
3 0.32890625 0.85390625 0.01328125 0.0171875
4 0.29765625 0.79453125 0.00703125 0.01328125
11 0.303125 0.79296875 0.00859375 0.01484375
19 0.3171875 0.79296875 0.009375 0.015625
7 0.32734375 0.79453125 0.01015625 0.01328125
0 0.33828125 0.79609375 0.0125 0.009375
19 0.35078125 0.79375 0.00859375 0.0125
13 0.23203125 0.825 0.01171875 0.01171875
13 0.21796875 0.85546875 0.0109375 0.0125
13 0.1953125 0.8265625 0.01015625 0.009375
15 0.13125 0.82890625 0.01015625 0.015625
15 0.140625 0.8296875 0.01015625 0.01796875
11 0.146875 0.825 0.00703125 0.01484375
8 0.15234375 0.825 0.00546875 0.0171875
0 0.16875 0.82890625 0.009375 0.009375
19 0.175 0.825 0.00703125 0.0125
8 0.1796875 0.82421875 0.00625 0.0109375
14 0.1859375 0.8265625 0.009375 0.01015625
18 0.2046875 0.825 0.0109375 0.0140625
13 0.14921875 0.85703125 0.00859375 0.01015625
24 0.15703125 0.86171875 0.0125 0.0171875
19 0.16640625 0.85546875 0.00546875 0.01328125
8 0.171875 0.85546875 0.00703125 0.0109375
12 0.18046875 0.8578125 0.0140625 0.009375
4 0.1921875 0.8578125 0.00859375 0.01171875
4 0.284375 0.85703125 0.00703125 0.0109375
12 0.29375 0.8578125 0.01328125 0.01015625
0 0.30625 0.859375 0.01015625 0.009375
13 0.31640625 0.8578125 0.01171875 0.01015625
18 0.2671875 0.8234375 0.00859375 0.0125
18 0.3328125 0.82578125 0.009375 0.0125
4 0.275 0.82421875 0.0078125 0.009375
17 0.28515625 0.825 0.01171875 0.0109375
21 0.29609375 0.82578125 0.0109375 0.01015625
8 0.30390625 0.82421875 0.00546875 0.01484375
4 0.3234375 0.8265625 0.01015625 0.01171875
13 0.39765625 0.7953125 0.0125 0.0109375
0 0.38515625 0.796875 0.01328125 0.009375
0 0.4125 0.82578125 0.01875 0.0140625
0 0.45390625 0.79765625 0.01171875 0.01015625
5 0.359375 0.8265625 0.00859375 0.015625
17 0.3671875 0.82734375 0.00703125 0.01015625
17 0.48125 0.82734375 0.009375 0.0109375
17 0.50078125 0.7953125 0.009375 0.01171875
14 0.375 0.828125 0.01015625 0.00859375
14 0.4234375 0.79609375 0.0109375 0.01015625
12 0.38828125 0.82734375 0.0171875 0.01015625
1 0.434375 0.7953125 0.0109375 0.0125
19 0.44453125 0.7953125 0.009375 0.0140625
8 0.46328125 0.79453125 0.00625 0.01484375
8 0.5453125 0.7921875 0.01015625 0.0171875
13 0.47265625 0.796875 0.01328125 0.0109375
18 0.44921875 0.82578125 0.0125 0.0140625
7 0.46015625 0.8265625 0.01015625 0.01328125
0 0.47109375 0.82890625 0.01328125 0.01015625
4 0.490625 0.82890625 0.0109375 0.01015625
3 0.50234375 0.8265625 0.01484375 0.0140625
3 0.575 0.79296875 0.01640625 0.0171875
4 0.5109375 0.7953125 0.01015625 0.01015625
16 0.52265625 0.7984375 0.0125 0.0171875
20 0.53515625 0.796875 0.0140625 0.0125
17 0.5515625 0.79609375 0.0078125 0.0109375
17 0.609375 0.79609375 0.0109375 0.01171875
4 0.5609375 0.79765625 0.01171875 0.01171875
4 0.61953125 0.796875 0.01015625 0.01171875
15 0.52421875 0.82890625 0.0140625 0.01328125
14 0.5359375 0.828125 0.01171875 0.01171875
14 0.5453125 0.8296875 0.009375 0.01171875
14 0.578125 0.8296875 0.01328125 0.0109375
14 0.64140625 0.79765625 0.0109375 0.009375
14 0.628125 0.8296875 0.0109375 0.009375
11 0.55625 0.8296875 0.01171875 0.01875
5 0.590625 0.828125 0.0109375 0.01796875
2 0.61484375 0.828125 0.01484375 0.0140625
2 0.66875 0.79765625 0.009375 0.0125
18 0.63046875 0.7953125 0.0109375 0.0125
20 0.6546875 0.79765625 0.01171875 0.0109375
13 0.63828125 0.8296875 0.0109375 0.01015625
5 0.64921875 0.82890625 0.0109375 0.01875
17 0.6625 0.796875 0.00625 0.01015625
17 0.68828125 0.8296875 0.00859375 0.0109375
4 0.6796875 0.7984375 0.0109375 0.01171875
4 0.7296875 0.83046875 0.0125 0.01015625
4 0.74765625 0.79921875 0.01015625 0.009375
4 0.78359375 0.79765625 0.009375 0.01328125
0 0.7 0.83203125 0.01328125 0.0125
1 0.71171875 0.828125 0.0125 0.01640625
11 0.7203125 0.82890625 0.00703125 0.0171875
11 0.7171875 0.79609375 0.00625 0.01796875
8 0.7234375 0.79609375 0.009375 0.01484375
10 0.73515625 0.7984375 0.0125 0.01875
20 0.678125 0.8328125 0.01328125 0.0125
8 0.6578125 0.83125 0.00703125 0.01328125
6 0.66640625 0.8359375 0.0140625 0.01953125
2 0.74921875 0.83125 0.0125 0.0125
14 0.76171875 0.834375 0.01171875 0.01015625
14 0.82578125 0.80078125 0.01328125 0.01171875
14 0.91953125 0.83515625 0.01484375 0.01171875
13 0.77265625 0.79921875 0.0125 0.0125
19 0.79296875 0.796875 0.0140625 0.01640625
19 0.821875 0.83203125 0.0125 0.015625
22 0.809375 0.80078125 0.01953125 0.01171875
12 0.775 0.83203125 0.0171875 0.01015625
15 0.7921875 0.8359375 0.0171875 0.01953125
20 0.809375 0.83203125 0.01484375 0.015625
8 0.83359375 0.83203125 0.0078125 0.01171875
13 0.84375 0.83359375 0.01328125 0.0125
6 0.85546875 0.8390625 0.0140625 0.02421875
17 0.8375 0.79921875 0.01171875 0.01015625
17 0.88515625 0.8328125 0.0140625 0.01328125
17 0.95 0.834375 0.00859375 0.0125
17 0.959375 0.79921875 0.0109375 0.01171875
17 0.91953125 0.80078125 0.0125 0.01171875
10 0.85078125 0.8 0.0140625 0.01328125
18 0.86484375 0.8 0.0125 0.01328125
18 0.8921875 0.7984375 0.01171875 0.01328125
18 0.90859375 0.83359375 0.01171875 0.0140625
18 0.96953125 0.8 0.0078125 0.0125
18 0.978125 0.8328125 0.01328125 0.01171875
20 0.934375 0.834375 0.01796875 0.01484375
2 0.959375 0.83359375 0.01015625 0.0125
4 0.96875 0.834375 0.01328125 0.0140625
4 0.94765625 0.80078125 0.0109375 0.01015625
4 0.90703125 0.8 0.0109375 0.0109375
21 0.93359375 0.80078125 0.01484375 0.01171875
18 0.04453125 0.82578125 0.015625 0.01640625
18 0.14921875 0.88671875 0.01328125 0.01328125
18 0.196875 0.91875 0.01015625 0.0140625
18 0.33984375 0.9234375 0.0125 0.01640625
18 0.33671875 0.88984375 0.00703125 0.01328125
18 0.3203125 0.88984375 0.00703125 0.0109375
18 0.37421875 0.890625 0.009375 0.01328125
18 0.43203125 0.8921875 0.009375 0.0140625
19 0.05546875 0.8265625 0.00859375 0.0125
19 0.059375 0.9171875 0.00703125 0.01171875
19 0.17109375 0.91796875 0.00703125 0.0140625
17 0.0734375 0.825 0.00703125 0.00703125
0 0.08046875 0.82578125 0.01328125 0.0109375
0 0.03828125 0.85546875 0.01171875 0.01015625
0 0.22578125 0.8875 0.01328125 0.01328125
0 0.08828125 0.91953125 0.01171875 0.01171875
6 0.09140625 0.82890625 0.01171875 0.01484375
4 0.10234375 0.82578125 0.0109375 0.0125
4 0.1953125 0.8890625 0.00859375 0.009375
4 0.24296875 0.921875 0.01171875 0.01015625
4 0.32109375 0.9234375 0.00859375 0.01015625
4 0.3015625 0.890625 0.01171875 0.01171875
4 0.36484375 0.89140625 0.0109375 0.01015625
4 0.42421875 0.89140625 0.01015625 0.01171875
4 0.28359375 0.890625 0.01171875 0.01171875
4 0.2078125 0.92109375 0.009375 0.0109375
4 0.06953125 0.91796875 0.01171875 0.01171875
4 0.08984375 0.85859375 0.0109375 0.01015625
4 0.1109375 0.8578125 0.0203125 0.0125
13 0.0484375 0.85703125 0.01015625 0.01015625
13 0.05 0.9171875 0.0125 0.0109375
8 0.03984375 0.9171875 0.00703125 0.01171875
8 0.16796875 0.91953125 0.00625 0.01171875
8 0.08828125 0.88359375 0.00703125 0.0171875
8 0.18984375 0.88671875 0.00625 0.01328125
8 0.22890625 0.92109375 0.00703125 0.015625
8 0.30078125 0.9203125 0.0078125 0.01328125
24 0.05703125 0.859375 0.0078125 0.015625
24 0.12890625 0.89296875 0.015625 0.021875
16 0.0671875 0.8875 0.01328125 0.01640625
22 0.06875 0.85703125 0.01484375 0.01171875
7 0.0796875 0.85546875 0.01328125 0.0140625
17 0.0984375 0.85625 0.00859375 0.00859375
13 0.2359375 0.88828125 0.0125 0.0125
3 0.25 0.8875 0.015625 0.01640625
17 0.21484375 0.92109375 0.00859375 0.0140625
21 0.221875 0.92109375 0.01171875 0.0125
21 0.29453125 0.92265625 0.009375 0.01015625
17 0.32890625 0.9234375 0.0078125 0.01171875
3 0.31015625 0.9203125 0.0140625 0.01796875
17 0.27421875 0.88984375 0.01015625 0.0125
17 0.2765625 0.92109375 0.0125 0.009375
17 0.08125 0.9171875 0.01015625 0.01171875
20 0.078125 0.884375 0.01328125 0.0125
2 0.09609375 0.88671875 0.01171875 0.0109375
10 0.10703125 0.88671875 0.0140625 0.0140625
11 0.11796875 0.8859375 0.00859375 0.01640625
20 0.16171875 0.8875 0.0109375 0.0125
15 0.1671875 0.89296875 0.0109375 0.01796875
15 0.17578125 0.890625 0.01171875 0.01875
11 0.184375 0.88515625 0.00859375 0.01484375
18 0.20234375 0.8875 0.0078125 0.0140625
7 0.18046875 0.91875 0.01171875 0.015625
22 0.15859375 0.9203125 0.01640625 0.01328125
2 0.096875 0.91953125 0.01171875 0.00859375
19 0.10546875 0.91953125 0.00859375 0.0140625
8 0.11328125 0.91640625 0.00625 0.01328125
14 0.1203125 0.91953125 0.01328125 0.0109375
13 0.13046875 0.91875 0.01171875 0.009375
15 0.26640625 0.92109375 0.01328125 0.015625
11 0.29140625 0.8875 0.00859375 0.01796875
17 0.35390625 0.890625 0.01015625 0.01328125
2 0.38359375 0.890625 0.01015625 0.01328125
20 0.39453125 0.890625 0.0109375 0.0125
17 0.403125 0.890625 0.00859375 0.0125
2 0.4109375 0.89375 0.01171875 0.0125
12 0.459375 0.89375 0.01796875 0.01015625
8 0.4703125 0.890625 0.00703125 0.0140625
13 0.48046875 0.89296875 0.0140625 0.01015625
8 0.48984375 0.88984375 0.00703125 0.0140625
8 0.5140625 0.8890625 0.0078125 0.01484375
8 0.534375 0.890625 0.009375 0.0140625
8 0.8078125 0.89765625 0.01015625 0.01953125
12 0.50234375 0.89296875 0.01796875 0.01015625
12 0.7421875 0.8984375 0.02109375 0.01171875
25 0.5234375 0.8921875 0.01171875 0.01171875
13 0.540625 0.89375 0.01015625 0.01015625
13 0.7734375 0.9 0.0140625 0.0140625
13 0.70078125 0.8984375 0.0140625 0.009375
13 0.98046875 0.90234375 0.01328125 0.01328125
3 0.9921875 0.89921875 0.01328125 0.02421875
3 0.7125 0.896875 0.01640625 0.01640625
3 0.65859375 0.89375 0.01875 0.0171875
6 0.5515625 0.8984375 0.01640625 0.025
22 0.58046875 0.89453125 0.01796875 0.01328125
14 0.59453125 0.89609375 0.01171875 0.00859375
17 0.60390625 0.89609375 0.009375 0.01171875
10 0.615625 0.89453125 0.01484375 0.0140625
11 0.62421875 0.89375 0.0125 0.015625
14 0.634375 0.89609375 0.01171875 0.0109375
0 0.64375 0.89609375 0.01484375 0.0125
0 0.684375 0.9 0.01328125 0.01171875
0 0.7578125 0.89765625 0.0140625 0.01328125
0 0.784375 0.89921875 0.01328125 0.01328125
0 0.96328125 0.90234375 0.0203125 0.01328125
6 0.7984375 0.9046875 0.0125 0.02109375
6 0.83359375 0.90703125 0.01640625 0.02421875
13 0.81953125 0.90078125 0.0140625 0.0140625
17 0.8515625 0.9 0.0109375 0.01328125
4 0.86328125 0.9015625 0.0125 0.01796875
18 0.871875 0.9 0.009375 0.01796875
18 0.93203125 0.90078125 0.0140625 0.015625
4 0.921875 0.90234375 0.01171875 0.0109375
2 0.91171875 0.90234375 0.0125 0.0171875
17 0.9015625 0.9015625 0.0109375 0.015625
20 0.890625 0.90234375 0.0125 0.01328125
14 0.87890625 0.9015625 0.01328125 0.01484375