7 0.09394883203559509 0.04690431519699812 0.04686318131256952 0.05941213258286429
1 0.1954393770856507 0.0375234521575985 0.04962180200222469 0.05315822388993121
9 0.25522803114571746 0.0375234521575985 0.041268075639599555 0.05315822388993121
8 0.3094438264738598 0.03908692933083177 0.044037819799777535 0.043777360850531584
7 0.36228031145717465 0.04299562226391495 0.04957730812013348 0.04534083802376485
6 0.4248387096774194 0.04299562226391495 0.0467853170189099 0.04221388367729831
5 0.47766407119021137 0.0375234521575985 0.04121245828698553 0.043777360850531584
4 0.5318909899888765 0.03595997498436523 0.06622914349276975 0.04690431519699812
3 0.5874972191323693 0.03674171357098186 0.03840934371523916 0.0484677923702314
2 0.6333815350389321 0.03595997498436523 0.04674082313681869 0.043777360850531584
1 0.6875973303670745 0.03908692933083177 0.038387096774193545 0.050031269543464665
7 0.8864071190211346 0.03439649781113196 0.04111234705228031 0.043777360850531584
1 0.9712124582869855 0.04065040650406504 0.02163515016685206 0.050031269543464665
1 0.025828698553948832 0.1125703564727955 0.049666295884315904 0.04690431519699812
7 0.07727474972191324 0.11100687929956222 0.046874304783092326 0.04690431519699812
2 0.14122358175750835 0.10866166353971232 0.04129032258064516 0.04221388367729831
3 0.18432703003337042 0.10709818636647905 0.032936596218020024 0.04534083802376485
4 0.23159065628476083 0.10787992495309569 0.03848720800889878 0.04065040650406504
5 0.288587319243604 0.10709818636647905 0.04125695216907676 0.04534083802376485
6 0.3372525027808676 0.10553470919324578 0.038464961067853166 0.03595997498436523
7 0.3789543937708565 0.10631644777986242 0.04401557285873192 0.043777360850531584
8 0.4317908787541713 0.11022514071294559 0.03844271412680757 0.051594746716697934
9 0.5249388209121246 0.10787992495309569 0.04120133481646274 0.0375234521575985
1 0.42622914349276975 0.22435897435897437 0.110734149054505 0.051594746716697934
3 0.7112347052280311 0.2298311444652908 0.08008898776418243 0.07191994996873045
7 0.46236929922135706 0.3267667292057536 0.06624026696329255 0.06566604127579738
9 0.6097441601779755 0.3861788617886179 0.06620689655172414 0.07817385866166354
5 0.7932591768631813 0.3713258286429018 0.07172413793103449 0.08286429018136335
8 0.42901001112347054 0.4252657911194497 0.0718131256952169 0.05628517823639775
1 0.23993325917686317 0.5323639774859287 0.06629588431590656 0.06722951844903065
0 0.288587319243604 0.5347091932457786 0.04125695216907676 0.06253908692933083
7 0.363670745272525 0.5393996247654784 0.05791991101223582 0.08442776735459662
4 0.5374416017797553 0.5386178861788617 0.10515016685205784 0.06722951844903065