3 0.05546875 0.06953125 0.0140625 0.01796875
4 0.06640625 0.0703125 0.01171875 0.01640625
15 0.07734375 0.07265625 0.01171875 0.01640625
11 0.08515625 0.06953125 0.0078125 0.0140625
14 0.09453125 0.07109375 0.0140625 0.01328125
24 0.103125 0.0734375 0.01171875 0.021875
8 0.1140625 0.06796875 0.00703125 0.0171875
13 0.12265625 0.0703125 0.0109375 0.0109375
6 0.1328125 0.0765625 0.0109375 0.02421875
18 0.16015625 0.06640625 0.01640625 0.01484375
4 0.1734375 0.06875 0.009375 0.01015625
13 0.1828125 0.06953125 0.00859375 0.01015625
18 0.19140625 0.0671875 0.00859375 0.0140625
14 0.20078125 0.0671875 0.0109375 0.0109375
17 0.21171875 0.0671875 0.01015625 0.01015625
18 0.221875 0.06640625 0.01171875 0.01328125
0 0.2453125 0.06875 0.0125 0.009375
19 0.25859375 0.06640625 0.01171875 0.01171875
18 0.28671875 0.06484375 0.0171875 0.0140625
19 0.2984375 0.0625 0.0078125 0.01484375
17 0.30859375 0.06484375 0.009375 0.0109375
0 0.3203125 0.065625 0.0140625 0.009375
19 0.3296875 0.06328125 0.01015625 0.01484375
4 0.3421875 0.06640625 0.009375 0.01015625
6 0.35234375 0.071875 0.01171875 0.02109375
8 0.3625 0.065625 0.00546875 0.0125
2 0.37109375 0.0671875 0.0140625 0.009375
11 0.38984375 0.06328125 0.00859375 0.015625
14 0.3984375 0.065625 0.0109375 0.00859375
2 0.41015625 0.06484375 0.01171875 0.01171875
0 0.42109375 0.065625 0.01171875 0.0109375
19 0.43046875 0.0640625 0.0078125 0.0171875
8 0.43671875 0.06484375 0.0078125 0.009375
14 0.45 0.065625 0.0109375 0.01171875
13 0.459375 0.06640625 0.0109375 0.0109375
18 0.471875 0.06640625 0.0125 0.0125
8 0.05 0.09921875 0.00859375 0.0140625
13 0.0609375 0.10234375 0.01484375 0.01171875
18 0.0734375 0.1015625 0.0125 0.0125
15 0.084375 0.103125 0.0125 0.01640625
4 0.09609375 0.10078125 0.01171875 0.0125
2 0.10703125 0.10078125 0.01171875 0.0109375
19 0.11484375 0.09921875 0.00703125 0.01171875
8 0.121875 0.0984375 0.00703125 0.01484375
13 0.13125 0.09921875 0.0109375 0.009375
6 0.14296875 0.1046875 0.01328125 0.01953125
13 0.1703125 0.10078125 0.0140625 0.01015625
4 0.18515625 0.1 0.01328125 0.01015625
19 0.19453125 0.09765625 0.00859375 0.01328125
22 0.20859375 0.0984375 0.0171875 0.0109375
14 0.22265625 0.0984375 0.015625 0.009375
17 0.234375 0.09609375 0.0109375 0.00859375
10 0.24609375 0.0953125 0.015625 0.0125
19 0.26875 0.09375 0.01171875 0.01328125
17 0.2796875 0.09453125 0.009375 0.009375
0 0.2890625 0.0953125 0.01328125 0.0109375
5 0.3 0.09453125 0.00859375 0.01484375
5 0.30703125 0.09375 0.01015625 0.0140625
8 0.3140625 0.09375 0.00625 0.0125
2 0.3234375 0.09609375 0.01484375 0.01171875
22 0.13203125 0.12890625 0.01640625 0.009375
0 0.14609375 0.12890625 0.01015625 0.0078125
19 0.1546875 0.12734375 0.009375 0.0109375
2 0.1640625 0.12734375 0.0125 0.01015625
7 0.175 0.1265625 0.0140625 0.01171875
5 0.1953125 0.12734375 0.01484375 0.01484375
14 0.2046875 0.12734375 0.01328125 0.009375
17 0.21640625 0.12578125 0.015625 0.0125
21 0.23828125 0.12578125 0.0140625 0.0109375
8 0.246875 0.12421875 0.00703125 0.01171875
14 0.2546875 0.12421875 0.0125 0.01015625
11 0.26328125 0.1234375 0.00703125 0.01171875
0 0.27109375 0.12421875 0.01171875 0.01171875
19 0.27890625 0.121875 0.01015625 0.0140625
8 0.28828125 0.1234375 0.00859375 0.01171875
14 0.29765625 0.1234375 0.015625 0.01171875
13 0.31015625 0.1234375 0.01328125 0.01015625
18 0.321875 0.12265625 0.01328125 0.0125
14 0.346875 0.125 0.015625 0.01015625
13 0.359375 0.12265625 0.0140625 0.0109375
15 0.38203125 0.12421875 0.01328125 0.0140625
17 0.39375 0.12421875 0.01015625 0.0125
14 0.403125 0.12421875 0.0125 0.01171875
19 0.4125 0.12265625 0.009375 0.0125
14 0.42265625 0.12421875 0.01171875 0.009375
2 0.434375 0.12421875 0.0140625 0.0125
14 0.44609375 0.1234375 0.015625 0.01171875
11 0.4578125 0.121875 0.00703125 0.015625
18 0.465625 0.1234375 0.0109375 0.01171875
0 0.4921875 0.121875 0.0125 0.0125
13 0.50078125 0.12265625 0.0109375 0.0109375
3 0.5125 0.12109375 0.01484375 0.01484375
20 0.53203125 0.1234375 0.0109375 0.01171875
13 0.5421875 0.1234375 0.01171875 0.01171875
20 0.55390625 0.12421875 0.0109375 0.0109375
18 0.5625 0.12421875 0.0109375 0.01015625
20 0.5734375 0.12421875 0.0140625 0.0125
0 0.5859375 0.12421875 0.01171875 0.01171875
11 0.59609375 0.12265625 0.0125 0.01796875
2 0.61875 0.12578125 0.0125 0.009375
14 0.628125 0.1265625 0.01171875 0.009375
13 0.6390625 0.1265625 0.009375 0.00859375
13 0.64921875 0.1265625 0.01015625 0.00859375
4 0.65859375 0.12734375 0.009375 0.0109375
2 0.6671875 0.1265625 0.009375 0.0109375
19 0.675 0.1265625 0.00546875 0.0140625
8 0.68046875 0.12890625 0.00546875 0.0109375
14 0.6875 0.12890625 0.009375 0.00859375
13 0.696875 0.12890625 0.0125 0.0109375
15 0.71640625 0.13046875 0.0140625 0.01484375
0 0.7265625 0.13125 0.01015625 0.009375
19 0.73125 0.1265625 0.00859375 0.0140625
19 0.740625 0.12734375 0.009375 0.0140625
4 0.74921875 0.12890625 0.009375 0.00859375
17 0.7578125 0.128125 0.009375 0.0078125
13 0.76640625 0.12890625 0.009375 0.00859375
18 0.77578125 0.12890625 0.0109375 0.01171875
11 0.13828125 0.1578125 0.0109375 0.0109375
14 0.15 0.15859375 0.01171875 0.00625
14 0.1625 0.159375 0.0109375 0.00703125
10 0.17578125 0.15703125 0.01875 0.009375
8 0.2 0.153125 0.00859375 0.01328125
13 0.209375 0.15625 0.0109375 0.009375
19 0.21953125 0.153125 0.01015625 0.015625
14 0.228125 0.1546875 0.01015625 0.009375
15 0.2546875 0.15703125 0.0140625 0.015625
0 0.26796875 0.15546875 0.01171875 0.00859375
2 0.2796875 0.15390625 0.01171875 0.0109375
10 0.28984375 0.15234375 0.0140625 0.01484375
4 0.30078125 0.15390625 0.0078125 0.0078125
19 0.30859375 0.15078125 0.01015625 0.0140625
15 0.3234375 0.15390625 0.0125 0.01640625
0 0.33515625 0.153125 0.00859375 0.009375
24 0.34765625 0.15546875 0.0109375 0.015625
11 0.35625 0.15078125 0.00625 0.01484375
0 0.371875 0.153125 0.01171875 0.00859375
3 0.38125 0.1484375 0.01328125 0.0125
5 0.403125 0.14765625 0.01015625 0.01640625
14 0.41171875 0.15234375 0.01171875 0.00859375
17 0.42421875 0.1515625 0.0125 0.00859375
12 0.45234375 0.153125 0.015625 0.00859375
0 0.4671875 0.15390625 0.0125 0.00859375
11 0.4765625 0.15078125 0.00703125 0.01328125
8 0.484375 0.1515625 0.0046875 0.01015625
2 0.49296875 0.153125 0.01171875 0.00859375
8 0.50234375 0.1515625 0.00390625 0.01171875
14 0.50859375 0.153125 0.0109375 0.009375
20 0.5203125 0.153125 0.0140625 0.0078125
18 0.5296875 0.15390625 0.00859375 0.01171875
2 0.5515625 0.15390625 0.009375 0.0109375
14 0.5609375 0.15546875 0.00859375 0.0078125
3 0.57109375 0.1546875 0.01328125 0.0125
4 0.58203125 0.15703125 0.0109375 0.00859375
11 0.05546875 0.1796875 0.02109375 0.02109375
8 0.0703125 0.18359375 0.0078125 0.0109375
12 0.08359375 0.18515625 0.01796875 0.0109375
8 0.0984375 0.18359375 0.00703125 0.01328125
19 0.10546875 0.18515625 0.01015625 0.01328125
0 0.11484375 0.18671875 0.01328125 0.009375
19 0.12421875 0.18515625 0.00859375 0.01328125
8 0.13125 0.18671875 0.0046875 0.0109375
14 0.14140625 0.18671875 0.0125 0.009375
13 0.15234375 0.184375 0.0109375 0.01171875
18 0.1625 0.18515625 0.0125 0.0109375
2 0.075 0.21171875 0.01640625 0.0109375
0 0.0890625 0.21328125 0.01328125 0.0078125
13 0.09921875 0.2125 0.01015625 0.0078125
19 0.1078125 0.21171875 0.00703125 0.01015625
4 0.12421875 0.2140625 0.015625 0.01015625
23 0.13515625 0.21328125 0.01015625 0.0125
2 0.14609375 0.2140625 0.009375 0.01171875
20 0.15390625 0.21328125 0.01171875 0.0125
19 0.1625 0.21171875 0.0078125 0.015625
4 0.17265625 0.21328125 0.0140625 0.01171875
15 0.20390625 0.21484375 0.015625 0.01484375
0 0.21796875 0.21328125 0.01328125 0.0109375
24 0.22734375 0.2171875 0.01015625 0.021875
11 0.2375 0.2109375 0.00703125 0.01171875
14 0.24765625 0.21171875 0.0125 0.009375
0 0.26015625 0.2125 0.0109375 0.009375
0 0.27265625 0.21015625 0.0140625 0.01484375
14 0.29765625 0.21171875 0.01328125 0.009375
17 0.309375 0.2109375 0.0125 0.0109375
0 0.33125 0.2109375 0.0125 0.00859375
13 0.34296875 0.2109375 0.0109375 0.00859375
24 0.353125 0.21484375 0.01171875 0.015625
2 0.36875 0.20859375 0.01171875 0.00859375
14 0.3796875 0.209375 0.009375 0.0078125
3 0.38984375 0.20859375 0.01328125 0.0109375
4 0.403125 0.2109375 0.0125 0.01015625
0 0.42421875 0.21015625 0.01171875 0.01015625
13 0.4375 0.21015625 0.01328125 0.0109375
0 0.44921875 0.21015625 0.01015625 0.0125
11 0.4578125 0.209375 0.00703125 0.01328125
24 0.46484375 0.21640625 0.01015625 0.015625
18 0.4765625 0.2109375 0.00859375 0.00859375
8 0.4859375 0.2109375 0.0078125 0.0125
18 0.49609375 0.21171875 0.01171875 0.01328125
4 0.06875 0.24453125 0.02109375 0.01328125
21 0.08515625 0.2453125 0.00859375 0.00859375
4 0.0953125 0.2453125 0.00859375 0.00703125
13 0.10625 0.24609375 0.0109375 0.0078125
3 0.13046875 0.24375 0.01484375 0.01171875
14 0.14453125 0.24296875 0.0109375 0.0125
8 0.15390625 0.24453125 0.0078125 0.0125
3 0.18515625 0.24375 0.0140625 0.0109375
4 0.19453125 0.24375 0.0046875 0.0078125
4 0.2 0.24375 0.00546875 0.0078125
15 0.2078125 0.24609375 0.00859375 0.0140625
15 0.23203125 0.24609375 0.00859375 0.0140625
0 0.24140625 0.24375 0.01015625 0.0078125
2 0.25078125 0.24296875 0.009375 0.0078125
10 0.2609375 0.2421875 0.0109375 0.01171875
4 0.2703125 0.24296875 0.01015625 0.0078125
19 0.2796875 0.24140625 0.0109375 0.0109375
8 0.3 0.240625 0.00546875 0.009375
13 0.30703125 0.24140625 0.009375 0.0078125
18 0.31484375 0.240625 0.00859375 0.009375
15 0.3234375 0.2421875 0.009375 0.01328125
4 0.33359375 0.23984375 0.009375 0.009375
2 0.3421875 0.23984375 0.00859375 0.00859375
19 0.3484375 0.2375 0.0078125 0.01015625
8 0.35625 0.2390625 0.00625 0.009375
14 0.3625 0.2390625 0.0078125 0.009375
13 0.371875 0.23984375 0.009375 0.00859375
6 0.39609375 0.24375 0.0140625 0.01796875
8 0.41015625 0.2390625 0.00625 0.0109375
21 0.41875 0.2390625 0.009375 0.0109375
4 0.42734375 0.2390625 0.01171875 0.009375
18 0.43828125 0.2390625 0.01015625 0.01015625
11 0.459375 0.2375 0.01015625 0.0140625
8 0.46796875 0.2390625 0.00703125 0.0140625
12 0.47734375 0.240625 0.015625 0.0078125
8 0.48671875 0.23828125 0.00546875 0.01015625
19 0.4953125 0.23984375 0.009375 0.01171875
4 0.5046875 0.240625 0.009375 0.00859375
3 0.51484375 0.23828125 0.0109375 0.0125
0 0.53984375 0.2421875 0.01328125 0.009375
15 0.55 0.24375 0.01015625 0.01484375
15 0.56171875 0.24296875 0.01171875 0.015625
11 0.57421875 0.23984375 0.00703125 0.0125
4 0.58046875 0.24140625 0.00703125 0.0078125
21 0.5890625 0.2421875 0.00859375 0.0109375
4 0.5984375 0.24296875 0.01171875 0.009375
11 0.6078125 0.2421875 0.00703125 0.01328125
18 0.6328125 0.2421875 0.01328125 0.0140625
4 0.64609375 0.24296875 0.01015625 0.00703125
12 0.65859375 0.24375 0.01484375 0.01015625
0 0.67109375 0.2453125 0.0125 0.01015625
13 0.6828125 0.24453125 0.009375 0.00859375
19 0.69140625 0.24296875 0.01015625 0.01328125
8 0.7 0.2421875 0.00625 0.01015625
2 0.7078125 0.24375 0.0109375 0.009375
18 0.71875 0.24453125 0.01171875 0.01328125
8 0.7484375 0.24375 0.00625 0.009375
13 0.75390625 0.24453125 0.0109375 0.00703125
5 0.76328125 0.24375 0.01171875 0.01328125
14 0.771875 0.2453125 0.01015625 0.0078125
17 0.78125 0.24375 0.01015625 0.009375
12 0.7921875 0.24375 0.01640625 0.00859375
0 0.8046875 0.24453125 0.0109375 0.009375
19 0.8125 0.24296875 0.00859375 0.01171875
8 0.81875 0.24140625 0.00625 0.01171875
14 0.82578125 0.24296875 0.0109375 0.01015625
13 0.8375 0.24453125 0.01484375 0.01015625
17 0.05703125 0.27421875 0.01171875 0.009375
4 0.0671875 0.2734375 0.01171875 0.00859375
2 0.07734375 0.27421875 0.0109375 0.00859375
14 0.08828125 0.27421875 0.0109375 0.00859375
17 0.09765625 0.27265625 0.00859375 0.009375
3 0.10390625 0.271875 0.009375 0.01171875
0 0.1296875 0.27265625 0.01484375 0.00859375
13 0.14140625 0.27265625 0.0109375 0.01015625
3 0.1515625 0.27109375 0.0125 0.01171875
15 0.17109375 0.27421875 0.01484375 0.0140625
17 0.18125 0.271875 0.01015625 0.01015625
14 0.18984375 0.271875 0.01015625 0.01015625
2 0.1984375 0.27265625 0.01015625 0.01171875
4 0.2078125 0.271875 0.01328125 0.009375
18 0.21953125 0.27109375 0.009375 0.0109375
18 0.228125 0.2703125 0.009375 0.01328125
7 0.2546875 0.26796875 0.0140625 0.01328125
20 0.26796875 0.27109375 0.01171875 0.009375
6 0.27890625 0.27578125 0.01015625 0.01796875
4 0.2890625 0.27109375 0.01171875 0.00859375
0 0.3109375 0.2703125 0.01484375 0.01015625
12 0.325 0.26953125 0.0140625 0.009375
14 0.33671875 0.26875 0.0109375 0.009375
20 0.34609375 0.26875 0.009375 0.01015625
13 0.35703125 0.26875 0.0109375 0.009375
19 0.3671875 0.26796875 0.00859375 0.01328125
18 0.375 0.26796875 0.009375 0.01015625
14 0.4 0.26875 0.0140625 0.009375
5 0.41015625 0.26875 0.01015625 0.01484375
19 0.4296875 0.2671875 0.01015625 0.01171875
17 0.43984375 0.26796875 0.009375 0.009375
0 0.44921875 0.26953125 0.0125 0.009375
5 0.459375 0.26875 0.00546875 0.01640625
5 0.46328125 0.26953125 0.00703125 0.01171875
8 0.46953125 0.26875 0.00546875 0.01328125
2 0.478125 0.2703125 0.0140625 0.01015625
4 0.059375 0.30390625 0.0125 0.00859375
0 0.07109375 0.30390625 0.01171875 0.009375
18 0.0828125 0.303125 0.01015625 0.0125
8 0.090625 0.303125 0.00625 0.0109375
11 0.096875 0.3015625 0.00625 0.0125
24 0.1046875 0.3078125 0.009375 0.01796875
3 0.125 0.30078125 0.01484375 0.01328125
4 0.13671875 0.303125 0.00703125 0.00859375
5 0.14140625 0.30625 0.00859375 0.02265625
4 0.1515625 0.303125 0.01015625 0.00859375
0 0.1609375 0.30234375 0.01015625 0.00859375
19 0.16875 0.29921875 0.00859375 0.01640625
4 0.175 0.30234375 0.00703125 0.00625
3 0.18515625 0.30078125 0.01484375 0.015625
1 0.2125 0.2984375 0.015625 0.01328125
24 0.22734375 0.3078125 0.0125 0.01796875
4 0.25234375 0.3 0.009375 0.009375
13 0.26328125 0.3 0.01015625 0.00859375
2 0.2734375 0.3 0.009375 0.009375
17 0.28046875 0.3 0.0078125 0.009375
24 0.28828125 0.30703125 0.01171875 0.02109375
15 0.29921875 0.30234375 0.0078125 0.0140625
19 0.30390625 0.29765625 0.0078125 0.01171875
8 0.3109375 0.29921875 0.00625 0.0109375
14 0.31796875 0.3015625 0.00859375 0.00859375
13 0.328125 0.30078125 0.01171875 0.0109375
2 0.36328125 0.29765625 0.01171875 0.00859375
0 0.3765625 0.29765625 0.0125 0.01015625
13 0.38828125 0.2984375 0.01171875 0.01015625
1 0.40859375 0.29453125 0.01328125 0.01484375
4 0.42109375 0.2984375 0.0125 0.0109375
12 0.44765625 0.29765625 0.01953125 0.0109375
8 0.459375 0.29609375 0.00625 0.01328125
19 0.4671875 0.29609375 0.00703125 0.01484375
8 0.4734375 0.29765625 0.00546875 0.0109375
6 0.48046875 0.303125 0.01015625 0.0203125
0 0.49375 0.29921875 0.0125 0.009375
19 0.5015625 0.29609375 0.0109375 0.015625
3 0.51953125 0.296875 0.01640625 0.01640625
1 0.553125 0.2984375 0.01640625 0.015625
24 0.56953125 0.30703125 0.01484375 0.0203125
4 0.59296875 0.3015625 0.0140625 0.0109375
13 0.60703125 0.30234375 0.0140625 0.01171875
2 0.61875 0.30078125 0.0125 0.0109375
17 0.62734375 0.30078125 0.00859375 0.0125
24 0.63515625 0.3078125 0.0125 0.01953125
15 0.646875 0.303125 0.015625 0.015625
19 0.6578125 0.30078125 0.00859375 0.015625
8 0.66640625 0.30078125 0.00703125 0.01171875
14 0.675 0.30234375 0.0109375 0.009375
13 0.68515625 0.303125 0.01484375 0.01171875
14 0.71328125 0.30234375 0.015625 0.00859375
13 0.72734375 0.303125 0.01171875 0.009375
11 0.7359375 0.303125 0.00703125 0.0125
24 0.74375 0.309375 0.0109375 0.01875
0 0.76171875 0.30546875 0.01328125 0.0109375
19 0.77265625 0.303125 0.0109375 0.0140625
6 0.78671875 0.309375 0.0125 0.0171875
0 0.8 0.30625 0.0125 0.0078125
19 0.80859375 0.30390625 0.009375 0.01484375
4 0.82265625 0.3046875 0.0125 0.009375
22 0.8359375 0.30625 0.01484375 0.009375
0 0.85 0.30546875 0.0109375 0.009375
24 0.86015625 0.3109375 0.0109375 0.02265625
15 0.88984375 0.31015625 0.0125 0.01640625
17 0.90078125 0.3078125 0.00859375 0.0125
14 0.909375 0.30859375 0.01015625 0.01015625
23 0.91796875 0.30703125 0.00859375 0.0125
24 0.92890625 0.3140625 0.015625 0.028125
8 0.1234375 0.35703125 0.00859375 0.01796875
3 0.13515625 0.35625 0.01484375 0.01484375
18 0.15078125 0.35546875 0.01484375 0.0125
15 0.16953125 0.35703125 0.01171875 0.015625
17 0.18046875 0.3578125 0.009375 0.01015625
14 0.1890625 0.359375 0.01015625 0.01171875
1 0.2 0.35703125 0.01328125 0.0171875
11 0.21015625 0.35546875 0.00546875 0.01875
4 0.21640625 0.35859375 0.00859375 0.009375
12 0.2296875 0.359375 0.01796875 0.01015625
18 0.24296875 0.3578125 0.0109375 0.01328125
8 0.03671875 0.39140625 0.00859375 0.009375
13 0.04609375 0.39140625 0.01015625 0.00859375
0 0.0578125 0.39140625 0.01328125 0.0078125
2 0.06875 0.39140625 0.00859375 0.00859375
2 0.07734375 0.390625 0.01015625 0.01015625
20 0.0890625 0.390625 0.009375 0.009375
17 0.1 0.38984375 0.009375 0.0125
0 0.10859375 0.39140625 0.01328125 0.00703125
2 0.11796875 0.3890625 0.009375 0.009375
24 0.1265625 0.39609375 0.0125 0.01953125
5 0.1421875 0.39140625 0.0125 0.0171875
14 0.153125 0.38984375 0.009375 0.0078125
17 0.16328125 0.3890625 0.01015625 0.0109375
4 0.18984375 0.38984375 0.01171875 0.009375
23 0.20078125 0.390625 0.0125 0.0109375
15 0.21484375 0.39140625 0.0140625 0.01796875
11 0.22578125 0.3875 0.00625 0.0125
14 0.23515625 0.390625 0.0125 0.00859375
8 0.24453125 0.38984375 0.009375 0.0125
19 0.2546875 0.38828125 0.0109375 0.01484375
1 0.28046875 0.3875 0.01484375 0.01328125
0 0.29296875 0.3890625 0.0125 0.009375
18 0.3046875 0.3875 0.009375 0.0109375
4 0.3140625 0.38828125 0.01171875 0.0109375
3 0.3265625 0.38515625 0.01484375 0.01640625
18 0.34921875 0.3875 0.01171875 0.015625
8 0.35703125 0.38671875 0.0046875 0.0109375
6 0.3609375 0.396875 0.01171875 0.02109375
13 0.37578125 0.38984375 0.0109375 0.009375
0 0.3859375 0.38828125 0.0125 0.01015625
19 0.3953125 0.3859375 0.0125 0.0171875
20 0.40625 0.38984375 0.01015625 0.0125
17 0.41640625 0.38828125 0.00703125 0.01484375
4 0.4234375 0.3875 0.01171875 0.009375
18 0.43125 0.38671875 0.00703125 0.0140625
2 0.04765625 0.41796875 0.0109375 0.01171875
0 0.0578125 0.42109375 0.0125 0.009375
13 0.06953125 0.4203125 0.01015625 0.01015625
19 0.078125 0.41796875 0.0078125 0.01328125
17 0.1 0.42109375 0.009375 0.00859375
4 0.11015625 0.42109375 0.01171875 0.01015625
2 0.121875 0.4203125 0.01015625 0.0125
14 0.13359375 0.42109375 0.0125 0.0078125
6 0.14140625 0.4265625 0.0125 0.01796875
13 0.15546875 0.42109375 0.0140625 0.009375
8 0.16484375 0.41875 0.00703125 0.01171875
25 0.17578125 0.4203125 0.0109375 0.0109375
4 0.18828125 0.42109375 0.0140625 0.01328125
20 0.2078125 0.42109375 0.0125 0.0109375
13 0.21953125 0.4203125 0.0125 0.0109375
10 0.23359375 0.41875 0.0171875 0.0125
13 0.24765625 0.41796875 0.01328125 0.01171875
14 0.26015625 0.41875 0.009375 0.009375
22 0.2734375 0.41953125 0.01640625 0.01015625
13 0.2890625 0.42109375 0.01328125 0.01171875
0 0.3171875 0.41953125 0.015625 0.0109375
13 0.33125 0.4203125 0.0125 0.01171875
0 0.3453125 0.421875 0.015625 0.01171875
12 0.36015625 0.42109375 0.0171875 0.009375
14 0.37578125 0.4203125 0.01171875 0.01015625
11 0.384375 0.41796875 0.00703125 0.0125
8 0.39140625 0.4171875 0.00703125 0.0140625
4 0.39921875 0.41953125 0.0109375 0.009375
18 0.40859375 0.41953125 0.01015625 0.0109375
8 0.44296875 0.41953125 0.0078125 0.01328125
13 0.45390625 0.42265625 0.01484375 0.01015625
19 0.465625 0.42109375 0.01015625 0.01484375
17 0.47734375 0.42421875 0.0125 0.0109375
20 0.49296875 0.425 0.01640625 0.0109375
18 0.50625 0.42265625 0.0109375 0.01328125
8 0.5171875 0.4203125 0.00703125 0.01328125
14 0.52578125 0.42109375 0.01171875 0.0109375
13 0.53515625 0.421875 0.0125 0.01171875
18 0.54453125 0.421875 0.0109375 0.01328125
2 0.04765625 0.4484375 0.015625 0.0109375
0 0.0609375 0.45078125 0.0109375 0.00859375
13 0.07109375 0.45078125 0.0109375 0.01015625
13 0.08046875 0.4515625 0.01015625 0.00859375
14 0.08828125 0.45234375 0.009375 0.009375
19 0.096875 0.45 0.0109375 0.0125
15 0.11484375 0.45 0.01328125 0.0140625
17 0.12421875 0.45 0.0078125 0.00703125
14 0.13203125 0.45078125 0.00859375 0.0078125
21 0.140625 0.45 0.0078125 0.009375
8 0.14921875 0.45 0.00390625 0.01015625
3 0.1578125 0.4484375 0.01328125 0.01328125
4 0.16796875 0.44921875 0.01015625 0.009375
16 0.18828125 0.45390625 0.01328125 0.015625
20 0.2 0.45078125 0.0109375 0.01015625
0 0.21328125 0.45078125 0.0125 0.009375
11 0.22265625 0.44765625 0.00703125 0.01640625
11 0.2265625 0.4453125 0.00546875 0.01875
19 0.23359375 0.446875 0.00703125 0.01640625
24 0.240625 0.45546875 0.0109375 0.015625
8 0.26328125 0.44765625 0.00625 0.009375
13 0.27109375 0.44921875 0.0078125 0.00859375
5 0.278125 0.45 0.0078125 0.0171875
14 0.28671875 0.45078125 0.0109375 0.0078125
5 0.31484375 0.4484375 0.0125 0.01328125
14 0.325 0.45078125 0.01015625 0.00703125
17 0.33671875 0.4515625 0.0125 0.00859375
5 0.36015625 0.4484375 0.01171875 0.01484375
14 0.3703125 0.4515625 0.01171875 0.00859375
17 0.38125 0.45078125 0.01015625 0.0109375
4 0.390625 0.4515625 0.0125 0.0109375
13 0.403125 0.45078125 0.01171875 0.00859375
18 0.41328125 0.45 0.009375 0.0125
8 0.42109375 0.45 0.00703125 0.01328125
2 0.4296875 0.45078125 0.0109375 0.01015625
18 0.4421875 0.45078125 0.01484375 0.01015625
14 0.46953125 0.45390625 0.01484375 0.00859375
17 0.4828125 0.453125 0.0109375 0.009375
18 0.5 0.45078125 0.0109375 0.0109375
8 0.5078125 0.44921875 0.0046875 0.01171875
19 0.51328125 0.44921875 0.0078125 0.01171875
20 0.5234375 0.45078125 0.0125 0.0109375
0 0.534375 0.4515625 0.00859375 0.00859375
19 0.54140625 0.45 0.0078125 0.01328125
8 0.5484375 0.453125 0.00703125 0.0109375
0 0.55625 0.4546875 0.01171875 0.0078125
13 0.5671875 0.4546875 0.00859375 0.00859375
0 0.5765625 0.4546875 0.01171875 0.009375
11 0.584375 0.45234375 0.00703125 0.0125
0 0.6109375 0.4546875 0.0140625 0.01015625
22 0.62578125 0.4546875 0.015625 0.00859375
0 0.6390625 0.45625 0.01171875 0.00859375
17 0.64921875 0.4546875 0.0109375 0.0109375
4 0.66015625 0.45625 0.0140625 0.00859375
0 0.6765625 0.45546875 0.01171875 0.009375
13 0.6875 0.45625 0.01171875 0.01015625
0 0.696875 0.45625 0.01015625 0.01015625
11 0.70625 0.4546875 0.00625 0.01484375
24 0.7125 0.46171875 0.00859375 0.01640625
18 0.721875 0.45625 0.0109375 0.0140625
8 0.73046875 0.45546875 0.00703125 0.01484375
18 0.73984375 0.4578125 0.01015625 0.0109375
7 0.04296875 0.4765625 0.01171875 0.01328125
0 0.05625 0.47890625 0.0125 0.0109375
13 0.06796875 0.48046875 0.01015625 0.0109375
3 0.07734375 0.4796875 0.0140625 0.01484375
19 0.10078125 0.47890625 0.009375 0.0109375
14 0.1109375 0.48046875 0.0109375 0.00859375
3 0.1390625 0.47734375 0.01484375 0.01484375
8 0.15 0.47578125 0.00625 0.0171875
5 0.15546875 0.48125 0.0046875 0.01796875
5 0.1609375 0.4796875 0.0078125 0.01953125
17 0.16796875 0.48046875 0.01015625 0.0109375
4 0.1765625 0.48046875 0.01171875 0.00859375
13 0.1875 0.48046875 0.0109375 0.00859375
19 0.19453125 0.47890625 0.00625 0.01171875
8 0.2 0.4796875 0.00625 0.01328125
0 0.2078125 0.4796875 0.0109375 0.0109375
19 0.215625 0.4796875 0.00546875 0.01328125
4 0.2265625 0.48046875 0.01328125 0.009375
12 0.2578125 0.48125 0.01796875 0.009375
0 0.27421875 0.48125 0.0125 0.009375
11 0.28359375 0.47890625 0.00703125 0.01484375
8 0.29140625 0.47734375 0.0046875 0.0109375
2 0.29921875 0.48046875 0.0109375 0.01015625
8 0.30859375 0.48046875 0.00546875 0.009375
14 0.31640625 0.48125 0.0125 0.009375
20 0.328125 0.48046875 0.0125 0.009375
18 0.3375 0.4796875 0.01171875 0.0125
4 0.3546875 0.4796875 0.0125 0.00859375
21 0.36796875 0.48046875 0.0109375 0.01015625
4 0.3796875 0.48203125 0.01015625 0.01015625
13 0.390625 0.48203125 0.01171875 0.01015625
19 0.4 0.4796875 0.00859375 0.01328125
18 0.409375 0.48203125 0.01171875 0.0125
20 0.45546875 0.48203125 0.0140625 0.0109375
13 0.46875 0.484375 0.009375 0.00859375
8 0.47734375 0.4828125 0.0046875 0.009375
13 0.48671875 0.4828125 0.01171875 0.01015625
19 0.49765625 0.48359375 0.009375 0.0125
4 0.5078125 0.484375 0.0109375 0.009375
13 0.51953125 0.484375 0.01171875 0.01015625
19 0.52890625 0.4828125 0.00703125 0.0109375
8 0.5359375 0.48515625 0.00625 0.0109375
14 0.54375 0.484375 0.0109375 0.009375
13 0.5546875 0.48515625 0.009375 0.00859375
0 0.565625 0.4859375 0.0109375 0.00859375
11 0.5765625 0.484375 0.01015625 0.0140625
0 0.5921875 0.48671875 0.0140625 0.009375
13 0.60390625 0.48671875 0.01015625 0.00859375
14 0.6125 0.48671875 0.009375 0.009375
12 0.62421875 0.4859375 0.01640625 0.0109375
11 0.64140625 0.484375 0.00546875 0.0140625
8 0.646875 0.484375 0.00625 0.01484375
4 0.653125 0.4875 0.0078125 0.0078125
18 0.66171875 0.48671875 0.0078125 0.01015625
0 0.0484375 0.5109375 0.0171875 0.00859375
13 0.06171875 0.509375 0.0140625 0.00859375
14 0.075 0.5109375 0.009375 0.009375
12 0.08671875 0.51015625 0.015625 0.0078125
14 0.1 0.5109375 0.009375 0.00859375
14 0.10703125 0.509375 0.00546875 0.0125
8 0.11328125 0.5078125 0.00625 0.01484375
4 0.11796875 0.51015625 0.00625 0.01015625
18 0.1234375 0.51015625 0.00859375 0.01171875
12 0.1484375 0.5109375 0.015625 0.00859375
0 0.16015625 0.51015625 0.009375 0.00859375
24 0.16796875 0.51484375 0.01015625 0.01640625
1 0.17890625 0.51015625 0.0109375 0.0125
4 0.18984375 0.5109375 0.01015625 0.0109375
2 0.21171875 0.51015625 0.0125 0.01015625
0 0.2234375 0.51171875 0.01171875 0.00859375
20 0.23359375 0.51171875 0.0109375 0.009375
18 0.24296875 0.51015625 0.0078125 0.01171875
4 0.25078125 0.5109375 0.0109375 0.0109375
3 0.26171875 0.50703125 0.01328125 0.01640625
1 0.284375 0.50859375 0.0125 0.01484375
24 0.2953125 0.51640625 0.009375 0.01875
13 0.31796875 0.51171875 0.0109375 0.0078125
4 0.33046875 0.51328125 0.01171875 0.0078125
19 0.3390625 0.5109375 0.009375 0.0125
22 0.35234375 0.5109375 0.0171875 0.01015625
14 0.365625 0.51171875 0.0109375 0.0078125
17 0.37578125 0.51171875 0.01171875 0.01015625
10 0.3890625 0.51171875 0.01640625 0.01171875
4 0.415625 0.51328125 0.01171875 0.01015625
11 0.42265625 0.5109375 0.00546875 0.01171875
4 0.43125 0.5140625 0.01015625 0.009375
12 0.44453125 0.5140625 0.015625 0.01015625
4 0.45859375 0.5140625 0.01015625 0.01015625
13 0.46875 0.51328125 0.01171875 0.0109375
19 0.47890625 0.51171875 0.01015625 0.01328125
19 0.4984375 0.51171875 0.0125 0.0171875
0 0.51171875 0.51484375 0.0140625 0.00859375
20 0.5234375 0.51484375 0.0125 0.0109375
11 0.53046875 0.5125 0.00703125 0.01484375
19 0.5375 0.5125 0.01015625 0.01328125
18 0.54609375 0.5140625 0.0109375 0.0109375
4 0.5796875 0.5140625 0.01328125 0.009375
23 0.5921875 0.51484375 0.01171875 0.0109375
17 0.621875 0.51484375 0.009375 0.01015625
14 0.63125 0.51484375 0.0125 0.00859375
20 0.64140625 0.51484375 0.01171875 0.0109375
19 0.65 0.51328125 0.0078125 0.01484375
4 0.66015625 0.515625 0.0109375 0.009375
17 0.67109375 0.515625 0.01171875 0.0109375
12 0.69375 0.51640625 0.01796875 0.00859375
8 0.70703125 0.5140625 0.00625 0.01328125
18 0.7140625 0.515625 0.0109375 0.0125
2 0.725 0.51640625 0.0125 0.01015625
14 0.73515625 0.51640625 0.01015625 0.01015625
13 0.7453125 0.51640625 0.01015625 0.01015625
5 0.7546875 0.51484375 0.00859375 0.015625
8 0.7609375 0.515625 0.00546875 0.01171875
6 0.7703125 0.52109375 0.01015625 0.01953125
20 0.78125 0.51640625 0.01171875 0.01015625
17 0.7921875 0.51640625 0.009375 0.01015625
0 0.80390625 0.51875 0.015625 0.01015625
19 0.815625 0.51640625 0.00859375 0.01640625
8 0.82265625 0.5171875 0.00625 0.0140625
14 0.83203125 0.51796875 0.01328125 0.0109375
13 0.8453125 0.51640625 0.01328125 0.01015625
11 0.86640625 0.515625 0.00625 0.01328125
8 0.87265625 0.51484375 0.00625 0.01171875
13 0.8796875 0.5171875 0.00859375 0.009375
10 0.8890625 0.515625 0.01328125 0.01328125
5 0.9046875 0.51953125 0.0109375 0.015625
0 0.915625 0.51875 0.01328125 0.00859375
8 0.93828125 0.51640625 0.00859375 0.01171875
21 0.95234375 0.51796875 0.01015625 0.01171875
4 0.9625 0.51875 0.01171875 0.01015625
18 0.9765625 0.51875 0.015625 0.01328125
4 0.046875 0.5390625 0.0109375 0.01015625
19 0.05703125 0.53828125 0.00703125 0.0125
2 0.065625 0.53828125 0.0109375 0.0109375
2 0.04765625 0.56640625 0.01171875 0.01171875
0 0.059375 0.56953125 0.01171875 0.0109375
13 0.06953125 0.56953125 0.00859375 0.0109375
13 0.07734375 0.5703125 0.0109375 0.009375
14 0.08671875 0.57109375 0.01015625 0.009375
19 0.09765625 0.56875 0.01015625 0.0125
19 0.115625 0.57109375 0.009375 0.0109375
4 0.1265625 0.571875 0.009375 0.00859375
11 0.13515625 0.5703125 0.00703125 0.01171875
11 0.1421875 0.5703125 0.0078125 0.01328125
18 0.15703125 0.5703125 0.0140625 0.0125
8 0.165625 0.5703125 0.00546875 0.01171875
19 0.171875 0.56953125 0.00703125 0.01171875
20 0.18125 0.57109375 0.0109375 0.0109375
0 0.1921875 0.571875 0.0140625 0.01171875
19 0.2015625 0.5703125 0.0078125 0.0140625
8 0.209375 0.56953125 0.00703125 0.0125
14 0.21640625 0.571875 0.0125 0.009375
13 0.22734375 0.57265625 0.0125 0.009375
0 0.23828125 0.571875 0.01171875 0.0109375
11 0.24921875 0.56953125 0.009375 0.015625
0 0.2671875 0.57109375 0.0140625 0.0125
22 0.28203125 0.571875 0.01640625 0.01171875
0 0.2953125 0.57109375 0.0109375 0.0125
17 0.30546875 0.57109375 0.009375 0.0125
4 0.31484375 0.57265625 0.01328125 0.01328125
8 0.33046875 0.57109375 0.00625 0.0125
13 0.33828125 0.571875 0.0109375 0.01015625
5 0.34921875 0.5703125 0.01015625 0.01640625
14 0.36015625 0.5734375 0.0125 0.01015625
0 0.39921875 0.575 0.01171875 0.01015625
19 0.4078125 0.57265625 0.00546875 0.01171875
19 0.41328125 0.5734375 0.00625 0.0125
0 0.42265625 0.57578125 0.01328125 0.009375
2 0.434375 0.57578125 0.0109375 0.01015625
10 0.44609375 0.5734375 0.01328125 0.01328125
18 0.47890625 0.575 0.01171875 0.0109375
2 0.48828125 0.5765625 0.0109375 0.00859375
14 0.4984375 0.57734375 0.01015625 0.0078125
15 0.50703125 0.578125 0.01171875 0.0140625
4 0.5203125 0.5765625 0.0140625 0.009375
18 0.5515625 0.57578125 0.0125 0.01171875
19 0.56328125 0.57421875 0.0078125 0.0140625
17 0.57109375 0.57734375 0.00859375 0.00703125
0 0.5796875 0.578125 0.01171875 0.009375
19 0.58984375 0.575 0.0078125 0.01796875
4 0.6 0.57734375 0.01171875 0.0109375
6 0.60859375 0.5828125 0.009375 0.0171875
24 0.6203125 0.584375 0.0109375 0.01796875
0 0.6515625 0.57890625 0.0125 0.009375
19 0.6609375 0.5765625 0.00703125 0.01171875
19 0.66796875 0.5765625 0.009375 0.0125
0 0.6765625 0.57890625 0.0109375 0.0109375
2 0.68671875 0.5796875 0.01015625 0.0109375
10 0.69609375 0.578125 0.0125 0.01484375
4 0.70625 0.578125 0.0109375 0.01171875
17 0.71640625 0.57890625 0.0109375 0.01015625
1 0.74609375 0.57734375 0.01171875 0.01171875
14 0.75546875 0.578125 0.01015625 0.00703125
19 0.76484375 0.5765625 0.0078125 0.01328125
13 0.77421875 0.5796875 0.01015625 0.009375
4 0.784375 0.5796875 0.009375 0.00859375
19 0.79375 0.5765625 0.0109375 0.0125
18 0.81953125 0.578125 0.0109375 0.01171875
8 0.82734375 0.57734375 0.00625 0.01328125
25 0.8359375 0.578125 0.01171875 0.0109375
4 0.84453125 0.58046875 0.01015625 0.0078125
19 0.8515625 0.56640625 0.00703125 0.01015625
0 0.859375 0.56640625 0.009375 0.00859375
17 0.86796875 0.56640625 0.00859375 0.00859375
6 0.87578125 0.56875 0.0078125 0.0125
4 0.884375 0.56640625 0.00859375 0.01015625
19 0.89453125 0.565625 0.01171875 0.01171875
4 0.86484375 0.57890625 0.01015625 0.0078125
19 0.87421875 0.57890625 0.009375 0.01015625
2 0.88359375 0.5796875 0.01328125 0.009375
18 0.15625 0.58671875 0.01484375 0.0125
8 0.16640625 0.58671875 0.0078125 0.01015625
6 0.17578125 0.58984375 0.0109375 0.0125
13 0.1859375 0.58671875 0.0109375 0.0078125
0 0.196875 0.5875 0.0109375 0.009375
19 0.20546875 0.58359375 0.009375 0.0140625
20 0.21484375 0.58515625 0.01328125 0.0078125
17 0.225 0.58515625 0.0078125 0.00859375
4 0.23515625 0.58671875 0.0125 0.00859375
1 0.2609375 0.5859375 0.01328125 0.009375
0 0.27265625 0.58671875 0.01171875 0.0078125
18 0.2828125 0.58671875 0.0078125 0.0109375
4 0.2921875 0.58671875 0.01015625 0.00703125
3 0.30546875 0.58515625 0.01484375 0.01171875
4 0.334375 0.58828125 0.0109375 0.0078125
23 0.34453125 0.5890625 0.0125 0.009375
15 0.35546875 0.5890625 0.01171875 0.01171875
1 0.36796875 0.58671875 0.0140625 0.0109375
8 0.378125 0.58671875 0.00703125 0.01171875
19 0.3859375 0.5859375 0.0109375 0.0109375
0 0.1609375 0.60234375 0.01875 0.01015625
12 0.1921875 0.603125 0.015625 0.00859375
0 0.20703125 0.603125 0.01328125 0.01015625
11 0.21640625 0.60078125 0.00859375 0.0140625
20 0.22734375 0.60234375 0.01328125 0.01015625
17 0.23984375 0.603125 0.0125 0.01171875
4 0.25078125 0.60234375 0.01484375 0.01171875
19 0.271875 0.6015625 0.00703125 0.0125
7 0.2796875 0.6015625 0.009375 0.01171875
0 0.28984375 0.603125 0.0140625 0.01171875
19 0.3 0.60234375 0.0125 0.0140625
2 0.32421875 0.603125 0.0125 0.0125
14 0.33515625 0.60546875 0.01171875 0.0078125
13 0.3453125 0.6046875 0.009375 0.00859375
18 0.3546875 0.603125 0.009375 0.0125
19 0.3640625 0.603125 0.0078125 0.0125
0 0.3734375 0.60390625 0.01171875 0.0109375
13 0.38515625 0.60546875 0.01171875 0.01171875
19 0.39375 0.603125 0.00625 0.01328125
11 0.40078125 0.60234375 0.0078125 0.0140625
24 0.409375 0.61171875 0.01015625 0.01953125
2 0.4328125 0.60390625 0.01328125 0.01328125
7 0.44609375 0.60390625 0.01171875 0.01328125
0 0.4578125 0.60546875 0.0125 0.0109375
13 0.4703125 0.60625 0.01171875 0.0125
6 0.478125 0.61171875 0.0125 0.021875
4 0.490625 0.60625 0.01015625 0.009375
18 0.4984375 0.60703125 0.0078125 0.0140625
8 0.51640625 0.60390625 0.00703125 0.0125
19 0.52421875 0.60390625 0.00859375 0.01328125
18 0.53203125 0.60703125 0.00859375 0.009375
8 0.5484375 0.6046875 0.00703125 0.0140625
3 0.55859375 0.603125 0.015625 0.01953125
4 0.57109375 0.6078125 0.009375 0.0109375
13 0.58046875 0.6078125 0.01171875 0.0109375
19 0.58984375 0.60625 0.00859375 0.01328125
8 0.59765625 0.60703125 0.00546875 0.0109375
5 0.60546875 0.60546875 0.0078125 0.0203125
8 0.61015625 0.609375 0.00703125 0.01015625
0 0.61875 0.60859375 0.0140625 0.0109375
1 0.63046875 0.60859375 0.01171875 0.01484375
11 0.6375 0.60703125 0.00703125 0.0140625
4 0.646875 0.609375 0.0125 0.009375
5 0.67421875 0.6109375 0.0125 0.0171875
4 0.6859375 0.609375 0.01171875 0.01328125
4 0.6984375 0.609375 0.01171875 0.0140625
19 0.70703125 0.6078125 0.01015625 0.01484375
20 0.7171875 0.61015625 0.01328125 0.01171875
17 0.72734375 0.61015625 0.009375 0.01015625
4 0.73671875 0.60859375 0.0109375 0.0109375
18 0.7453125 0.609375 0.009375 0.0171875
19 0.7625 0.60703125 0.01171875 0.01640625
14 0.7734375 0.609375 0.0109375 0.0109375
0 0.79453125 0.61015625 0.01640625 0.01171875
21 0.80703125 0.609375 0.009375 0.0109375
14 0.81953125 0.6109375 0.0125 0.01015625
8 0.83046875 0.61015625 0.00546875 0.0125
3 0.83984375 0.60859375 0.0140625 0.01875
3 0.86484375 0.61015625 0.01640625 0.01640625
4 0.87578125 0.6125 0.009375 0.01171875
19 0.88515625 0.61015625 0.0109375 0.01640625
4 0.89609375 0.61328125 0.0125 0.01171875
2 0.90859375 0.6140625 0.01171875 0.0125
19 0.91484375 0.61171875 0.0078125 0.0171875
8 0.92265625 0.61171875 0.00859375 0.01171875
14 0.9359375 0.61328125 0.01328125 0.01015625
13 0.9484375 0.6140625 0.01015625 0.009375
4 0.9796875 0.6140625 0.0109375 0.0109375
13 0.990625 0.61328125 0.0109375 0.01171875
15 0.021875 0.59921875 0.01484375 0.01484375
15 0.0328125 0.60078125 0.0078125 0.0109375
11 0.0390625 0.5984375 0.00703125 0.01484375
24 0.0484375 0.60625 0.00859375 0.0171875
12 0.0609375 0.60234375 0.01640625 0.009375
14 0.07109375 0.60234375 0.00859375 0.009375
17 0.0796875 0.60234375 0.01015625 0.01171875
15 0.090625 0.60390625 0.01171875 0.01640625
7 0.1 0.6 0.009375 0.01484375
8 0.10703125 0.60078125 0.00546875 0.0125
18 0.11484375 0.6 0.0125 0.0109375
12 0.1265625 0.6 0.015625 0.009375
19 0.01875 0.6328125 0.00859375 0.01328125
7 0.0265625 0.6328125 0.00859375 0.0125
8 0.0359375 0.63203125 0.0078125 0.0125
4 0.0421875 0.634375 0.0078125 0.0109375
17 0.05078125 0.6328125 0.0109375 0.0109375
2 0.06953125 0.634375 0.01484375 0.01328125
14 0.08203125 0.634375 0.0125 0.01171875
3 0.0953125 0.63203125 0.015625 0.01484375
4 0.10703125 0.634375 0.01015625 0.0109375
18 0.11953125 0.63203125 0.01015625 0.01015625
0 0.165625 0.6328125 0.0140625 0.0109375
13 0.1796875 0.634375 0.0125 0.0125
3 0.19140625 0.6328125 0.01953125 0.01484375
20 0.2203125 0.63359375 0.01484375 0.009375
18 0.23203125 0.63359375 0.009375 0.0125
4 0.2421875 0.634375 0.01015625 0.009375
3 0.2671875 0.6328125 0.02109375 0.01484375
8 0.28046875 0.6328125 0.00546875 0.0109375
5 0.28828125 0.6328125 0.009375 0.01953125
5 0.296875 0.63515625 0.0125 0.01640625
4 0.33046875 0.63515625 0.015625 0.0109375
13 0.34453125 0.63515625 0.0140625 0.0109375
2 0.36015625 0.63515625 0.01328125 0.0125
17 0.3734375 0.63671875 0.01015625 0.0109375
24 0.38125 0.64140625 0.01171875 0.021875
15 0.396875 0.6359375 0.0140625 0.015625
19 0.40859375 0.63359375 0.0078125 0.0140625
8 0.415625 0.63359375 0.009375 0.01171875
14 0.42578125 0.6359375 0.0109375 0.01015625
13 0.43671875 0.63671875 0.0109375 0.01015625
10 0.46328125 0.6359375 0.01171875 0.0125
4 0.4734375 0.6375 0.0125 0.00859375
24 0.4828125 0.64296875 0.01328125 0.01875
4 0.51171875 0.63984375 0.01328125 0.009375
21 0.52265625 0.63984375 0.009375 0.01015625
4 0.5328125 0.63828125 0.0109375 0.01015625
17 0.54140625 0.63828125 0.00703125 0.00859375
24 0.55078125 0.6453125 0.0109375 0.0203125
19 0.56171875 0.63828125 0.00859375 0.01484375
8 0.56875 0.63984375 0.00625 0.01171875
12 0.58046875 0.64140625 0.0125 0.00859375
4 0.5921875 0.64140625 0.01171875 0.00859375
15 0.6375 0.640625 0.01484375 0.01328125
14 0.6484375 0.63984375 0.0109375 0.01015625
11 0.65703125 0.63671875 0.01015625 0.01328125
24 0.66484375 0.6453125 0.01171875 0.01796875
12 0.68046875 0.640625 0.0171875 0.009375
14 0.69453125 0.640625 0.01171875 0.0078125
17 0.70703125 0.640625 0.009375 0.009375
15 0.7171875 0.6421875 0.01171875 0.01328125
7 0.72890625 0.6375 0.01328125 0.01484375
8 0.73984375 0.63828125 0.00703125 0.0140625
2 0.74921875 0.63984375 0.01484375 0.01015625
22 0.775 0.63984375 0.0171875 0.01171875
14 0.78828125 0.63984375 0.01328125 0.01171875
17 0.80390625 0.6390625 0.0125 0.0109375
12 0.81875 0.64140625 0.01640625 0.0109375
12 0.8484375 0.640625 0.0171875 0.0125
6 0.8671875 0.646875 0.0140625 0.01875
7 0.88046875 0.64140625 0.01015625 0.01328125
19 0.8890625 0.63984375 0.009375 0.015625
13 0.9078125 0.64140625 0.0125 0.01015625
14 0.91796875 0.6421875 0.0109375 0.009375
19 0.92890625 0.640625 0.00859375 0.0140625
7 0.95546875 0.63984375 0.0109375 0.01328125
0 0.9671875 0.6421875 0.0109375 0.009375
21 0.97578125 0.6421875 0.00859375 0.01015625
4 0.98515625 0.64296875 0.0109375 0.0109375
4 0.009375 0.6640625 0.01015625 0.01015625
23 0.01875 0.66328125 0.009375 0.0109375
0 0.02734375 0.66328125 0.01171875 0.0109375
2 0.03515625 0.6640625 0.009375 0.0125
19 0.04296875 0.6625 0.0078125 0.0125
4 0.0546875 0.6625 0.009375 0.01015625
23 0.06328125 0.66171875 0.00859375 0.009375
15 0.071875 0.66328125 0.009375 0.0140625
11 0.0796875 0.6609375 0.00703125 0.015625
14 0.0875 0.6625 0.01171875 0.0109375
8 0.0953125 0.6625 0.00546875 0.0125
19 0.10390625 0.66015625 0.01015625 0.0140625
1 0.1234375 0.66171875 0.0109375 0.0140625
0 0.13359375 0.6640625 0.0125 0.01015625
18 0.14375 0.6640625 0.01015625 0.01484375
4 0.15078125 0.66484375 0.00859375 0.01171875
3 0.1625 0.6625 0.01640625 0.01640625
18 0.196875 0.6625 0.01484375 0.01171875
8 0.209375 0.6609375 0.00703125 0.01171875
6 0.2171875 0.66953125 0.01328125 0.01875
13 0.22578125 0.6640625 0.0078125 0.01171875
0 0.2390625 0.66484375 0.01328125 0.00859375
19 0.246875 0.6625 0.0078125 0.0140625
20 0.25859375 0.66484375 0.0140625 0.01171875
17 0.26953125 0.66484375 0.009375 0.01328125
4 0.28046875 0.665625 0.0140625 0.0109375
21 0.04609375 0.69296875 0.01796875 0.015625
20 0.06484375 0.69296875 0.01015625 0.0109375
11 0.07265625 0.68984375 0.00546875 0.01484375
13 0.08046875 0.69140625 0.009375 0.01171875
4 0.08828125 0.690625 0.009375 0.01171875
17 0.096875 0.68984375 0.0109375 0.0109375
0 0.10859375 0.690625 0.0140625 0.01171875
1 0.1203125 0.68828125 0.0125 0.01640625
8 0.13046875 0.68984375 0.00625 0.01015625
11 0.1375 0.6890625 0.00703125 0.01640625
8 0.14453125 0.68984375 0.00703125 0.01796875
19 0.153125 0.690625 0.01171875 0.01484375
24 0.165625 0.69609375 0.01328125 0.01953125
18 0.1984375 0.69296875 0.0109375 0.015625
8 0.209375 0.69296875 0.0109375 0.01171875
6 0.2171875 0.7 0.0140625 0.02109375
13 0.23125 0.69609375 0.0140625 0.0125
0 0.24453125 0.69609375 0.0125 0.01328125
19 0.25390625 0.69453125 0.0078125 0.01875
20 0.2640625 0.696875 0.01484375 0.0140625
17 0.2765625 0.69609375 0.0078125 0.015625
4 0.28515625 0.69609375 0.0140625 0.0125
22 0.03203125 0.72421875 0.0203125 0.01171875
14 0.04609375 0.7234375 0.01328125 0.01328125
17 0.059375 0.72421875 0.0109375 0.0125
10 0.07109375 0.7234375 0.01640625 0.01640625
5 0.10234375 0.721875 0.0140625 0.01953125
14 0.1140625 0.72578125 0.01171875 0.009375
17 0.125 0.7234375 0.015625 0.01484375
15 0.15546875 0.72734375 0.015625 0.01640625
14 0.16796875 0.72890625 0.009375 0.01015625
11 0.175 0.72421875 0.00859375 0.0140625
24 0.1859375 0.7296875 0.01171875 0.0203125
12 0.2046875 0.72890625 0.0171875 0.00859375
14 0.21875 0.7296875 0.009375 0.01015625
17 0.2296875 0.728125 0.01171875 0.009375
15 0.240625 0.73203125 0.01171875 0.0171875
7 0.25234375 0.72734375 0.01015625 0.0140625
8 0.2609375 0.72578125 0.00625 0.0140625
2 0.271875 0.728125 0.0125 0.009375
22 0.296875 0.72578125 0.0171875 0.0125
14 0.309375 0.7265625 0.0125 0.01171875
17 0.31796875 0.72578125 0.009375 0.0109375
12 0.32890625 0.7265625 0.015625 0.01171875
18 0.3421875 0.72578125 0.01328125 0.01328125
0 0.3703125 0.72734375 0.01484375 0.0140625
13 0.38359375 0.72578125 0.01328125 0.0140625
3 0.396875 0.7265625 0.0140625 0.01484375
0 0.4203125 0.72734375 0.0140625 0.0109375
11 0.42890625 0.725 0.00859375 0.015625
11 0.4359375 0.7265625 0.00859375 0.0171875
22 0.4640625 0.7265625 0.01796875 0.009375
14 0.47734375 0.72734375 0.0109375 0.0109375
17 0.4875 0.728125 0.009375 0.009375
12 0.50078125 0.728125 0.01640625 0.009375
18 0.51640625 0.73046875 0.01015625 0.01328125
19 0.53359375 0.72734375 0.0125 0.01171875
0 0.54609375 0.72890625 0.0140625 0.01171875
17 0.5578125 0.72890625 0.01171875 0.01015625
6 0.56953125 0.73515625 0.0125 0.01953125
4 0.584375 0.73046875 0.01328125 0.0125
19 0.5953125 0.7296875 0.01015625 0.01328125
8 0.60546875 0.72734375 0.0078125 0.01328125
13 0.61484375 0.73125 0.0125 0.01015625
6 0.62578125 0.7375 0.0140625 0.02421875
21 0.65859375 0.73046875 0.01171875 0.0125
20 0.66953125 0.73203125 0.0109375 0.01171875
11 0.678125 0.73046875 0.0078125 0.01796875
13 0.6859375 0.7328125 0.01015625 0.0109375
4 0.69453125 0.73203125 0.00703125 0.009375
17 0.7015625 0.7328125 0.009375 0.009375
0 0.71015625 0.73515625 0.01171875 0.0109375
1 0.72421875 0.73125 0.01171875 0.01640625
8 0.73671875 0.7328125 0.00859375 0.01328125
11 0.74375 0.73203125 0.00703125 0.01953125
8 0.74921875 0.73203125 0.009375 0.01640625
19 0.7578125 0.73046875 0.00859375 0.0203125
24 0.76953125 0.74375 0.01640625 0.0296875
13 0.07578125 0.75703125 0.01640625 0.01171875
4 0.090625 0.75625 0.015625 0.01171875
23 0.1046875 0.75625 0.01328125 0.0109375
17 0.11484375 0.7546875 0.01015625 0.015625
3 0.153125 0.75703125 0.0140625 0.01953125
18 0.1671875 0.753125 0.01484375 0.015625
6 0.1921875 0.7609375 0.01328125 0.01953125
4 0.203125 0.75703125 0.01171875 0.01015625
13 0.2125 0.7578125 0.01171875 0.0109375
4 0.22421875 0.759375 0.01328125 0.0109375
17 0.23515625 0.76015625 0.01015625 0.0109375
0 0.24609375 0.7609375 0.0140625 0.01015625
19 0.25546875 0.76015625 0.01015625 0.0140625
8 0.2640625 0.76171875 0.00625 0.01171875
14 0.275 0.76171875 0.01328125 0.0109375
13 0.28671875 0.7640625 0.0125 0.0125
21 0.0515625 0.78984375 0.01171875 0.01015625
20 0.065625 0.79140625 0.0109375 0.009375
11 0.075 0.7890625 0.00703125 0.01484375
13 0.08359375 0.790625 0.01171875 0.009375
4 0.09375 0.79140625 0.01015625 0.00859375
17 0.10234375 0.7890625 0.01015625 0.01015625
0 0.11328125 0.78984375 0.0140625 0.0109375
1 0.12734375 0.78828125 0.0140625 0.0140625
8 0.1359375 0.78828125 0.00546875 0.01171875
11 0.14296875 0.7875 0.00625 0.0140625
8 0.15 0.7890625 0.00703125 0.0125
19 0.15625 0.78828125 0.00859375 0.0140625
24 0.16328125 0.79453125 0.01171875 0.01796875
1 0.1859375 0.78828125 0.0140625 0.015625
0 0.196875 0.79140625 0.0125 0.0109375
18 0.20546875 0.78984375 0.009375 0.01171875
4 0.215625 0.78984375 0.01171875 0.009375
3 0.22890625 0.78828125 0.01796875 0.01796875
0 0.04453125 0.81953125 0.01640625 0.01015625
3 0.05859375 0.81796875 0.015625 0.01484375
0 0.07421875 0.8203125 0.01328125 0.0125
15 0.0859375 0.8234375 0.0109375 0.0203125
19 0.09765625 0.81796875 0.01171875 0.01484375
8 0.10625 0.81953125 0.00625 0.0125
21 0.1140625 0.82109375 0.0109375 0.01484375
4 0.12421875 0.82109375 0.01640625 0.0140625
0 0.05390625 0.85234375 0.01484375 0.01171875
20 0.06796875 0.853125 0.0125 0.0125
19 0.078125 0.8515625 0.009375 0.0140625
14 0.0875 0.85390625 0.0109375 0.00859375
12 0.10234375 0.85390625 0.01953125 0.01015625
0 0.1171875 0.8546875 0.01328125 0.01015625
19 0.12734375 0.8515625 0.00703125 0.01328125
8 0.13203125 0.85234375 0.00703125 0.0125
2 0.14140625 0.8546875 0.0125 0.01171875
0 0.15390625 0.85625 0.01484375 0.009375
11 0.16484375 0.8515625 0.00859375 0.01796875
24 0.17421875 0.859375 0.01171875 0.01875
3 0.2015625 0.85390625 0.01640625 0.01640625
4 0.2140625 0.85546875 0.00859375 0.01015625
19 0.22109375 0.85078125 0.009375 0.0171875
4 0.23046875 0.8546875 0.009375 0.0125
2 0.2390625 0.85625 0.0125 0.0125
19 0.246875 0.8546875 0.00859375 0.0140625
0 0.26171875 0.85546875 0.01171875 0.009375
13 0.2734375 0.8546875 0.0125 0.0109375
3 0.284375 0.85390625 0.015625 0.01640625
6 0.31171875 0.859375 0.01328125 0.0203125
4 0.325 0.85625 0.0125 0.01015625
13 0.3359375 0.85625 0.0125 0.01171875
4 0.346875 0.85625 0.01171875 0.01171875
17 0.3546875 0.85546875 0.00625 0.01171875
0 0.3625 0.85703125 0.0125 0.0109375
19 0.37109375 0.85546875 0.009375 0.0140625
4 0.3796875 0.8578125 0.0109375 0.01015625
18 0.4015625 0.85546875 0.015625 0.01484375
8 0.41328125 0.85546875 0.0046875 0.01015625
6 0.42109375 0.86171875 0.0109375 0.0171875
13 0.43203125 0.85703125 0.0109375 0.0109375
0 0.44375 0.8578125 0.01171875 0.0109375
19 0.453125 0.85546875 0.01015625 0.0140625
20 0.4640625 0.8578125 0.01171875 0.0109375
17 0.471875 0.8578125 0.00703125 0.01171875
4 0.48125 0.85859375 0.01171875 0.0109375
18 0.4921875 0.8578125 0.01328125 0.01484375
5 0.51640625 0.85703125 0.01171875 0.01484375
14 0.52734375 0.859375 0.0109375 0.009375
17 0.5375 0.85859375 0.0109375 0.009375
3 0.57734375 0.85859375 0.0125 0.0140625
14 0.5578125 0.859375 0.0125 0.01015625
0 0.5921875 0.86171875 0.01171875 0.00859375
24 0.60390625 0.86640625 0.01328125 0.0203125
0 0.62890625 0.85859375 0.0109375 0.0140625
11 0.6390625 0.8578125 0.00625 0.01328125
19 0.64453125 0.8578125 0.00703125 0.01640625
0 0.6546875 0.86015625 0.01328125 0.01328125
10 0.67890625 0.8609375 0.01328125 0.01328125
18 0.690625 0.8609375 0.00859375 0.0140625
18 0.03671875 0.88125 0.01015625 0.0125
2 0.05 0.88203125 0.0125 0.01171875
4 0.06328125 0.88359375 0.0125 0.0125
13 0.07421875 0.884375 0.0109375 0.01015625
0 0.0859375 0.88515625 0.01171875 0.0125
17 0.09609375 0.88515625 0.0109375 0.0109375
8 0.103125 0.88515625 0.00625 0.01171875
14 0.1109375 0.8875 0.01328125 0.01171875
1 0.13671875 0.8859375 0.0140625 0.0140625
0 0.14765625 0.88984375 0.0125 0.01015625
18 0.15703125 0.88828125 0.0109375 0.0109375
4 0.16640625 0.88828125 0.0109375 0.01171875
3 0.17734375 0.884375 0.0140625 0.015625
5 0.2046875 0.88359375 0.0125 0.01484375
14 0.2140625 0.8875 0.01015625 0.00859375
17 0.22421875 0.8875 0.01015625 0.009375
5 0.24609375 0.88515625 0.01171875 0.01484375
14 0.253125 0.88828125 0.01015625 0.00859375
17 0.2640625 0.88828125 0.01171875 0.00859375
4 0.271875 0.88984375 0.00859375 0.00859375
13 0.28046875 0.88984375 0.0109375 0.00859375
18 0.2921875 0.8890625 0.009375 0.01171875
8 0.2984375 0.8875 0.00703125 0.01328125
2 0.309375 0.890625 0.0125 0.0125
18 0.31796875 0.8890625 0.01015625 0.01328125
0 0.33515625 0.88984375 0.01328125 0.01015625
13 0.34609375 0.88984375 0.01015625 0.009375
3 0.3546875 0.88671875 0.0140625 0.0140625
1 0.38671875 0.88671875 0.0125 0.0125
4 0.3984375 0.88984375 0.0109375 0.009375
8 0.40859375 0.8875 0.0046875 0.0125
13 0.41640625 0.88984375 0.01015625 0.00859375
6 0.42421875 0.89375 0.0109375 0.01953125
18 0.446875 0.8890625 0.0109375 0.0140625
8 0.45390625 0.88671875 0.0046875 0.01171875
19 0.4625 0.88828125 0.0078125 0.0140625
20 0.471875 0.89140625 0.0125 0.01171875
0 0.48203125 0.89453125 0.01015625 0.01328125
19 0.4890625 0.890625 0.009375 0.015625
8 0.49921875 0.890625 0.00625 0.0140625
13 0.51796875 0.88984375 0.0140625 0.0125
0 0.534375 0.8890625 0.01328125 0.01015625
11 0.54609375 0.8859375 0.0125 0.0171875
0 0.57890625 0.89140625 0.015625 0.0125
22 0.59765625 0.89375 0.0203125 0.0125
0 0.6125 0.89375 0.0125 0.0109375
17 0.625 0.89375 0.0109375 0.01171875
4 0.6390625 0.89453125 0.01640625 0.01328125
2 0.04375 0.915625 0.01484375 0.01015625
14 0.0578125 0.91640625 0.01328125 0.0109375
14 0.07265625 0.91796875 0.01328125 0.00859375
17 0.084375 0.9171875 0.01171875 0.01015625
4 0.09765625 0.9171875 0.01328125 0.01015625
11 0.10703125 0.91640625 0.00703125 0.015625
0 0.11640625 0.91875 0.0140625 0.01015625
19 0.1265625 0.91484375 0.01171875 0.0140625
4 0.13671875 0.91875 0.0078125 0.0078125
12 0.15546875 0.91875 0.01640625 0.0109375
20 0.1703125 0.91953125 0.009375 0.01015625
11 0.17890625 0.9171875 0.00546875 0.0140625
19 0.18515625 0.9171875 0.00625 0.01484375
8 0.19140625 0.91875 0.00546875 0.01171875
15 0.20234375 0.921875 0.01328125 0.01796875
11 0.2125 0.91796875 0.00546875 0.0140625
4 0.2203125 0.9203125 0.0140625 0.00859375
18 0.24765625 0.9171875 0.01015625 0.01171875
14 0.26015625 0.9203125 0.01171875 0.01015625
14 0.27109375 0.92109375 0.01484375 0.01171875
17 0.2828125 0.92109375 0.0109375 0.01171875
2 0.29609375 0.921875 0.01328125 0.0109375
4 0.30703125 0.92265625 0.0125 0.009375
18 0.31796875 0.92265625 0.01015625 0.0109375
14 0.34609375 0.921875 0.01171875 0.009375
5 0.35859375 0.92109375 0.01171875 0.01875
0 0.38828125 0.92421875 0.01484375 0.0109375
20 0.4015625 0.92421875 0.01640625 0.0125
3 0.41484375 0.92109375 0.0171875 0.01484375
8 0.42734375 0.92421875 0.0078125 0.0109375
19 0.4359375 0.92109375 0.0109375 0.0171875
0 0.459375 0.921875 0.01640625 0.01015625
13 0.47109375 0.9234375 0.0109375 0.0125
3 0.48359375 0.921875 0.0171875 0.0140625
0 0.5109375 0.925 0.015625 0.01015625
19 0.5296875 0.92421875 0.00703125 0.015625
0 0.5421875 0.925 0.0109375 0.0109375
2 0.5546875 0.92421875 0.01015625 0.0140625
10 0.56796875 0.92421875 0.01484375 0.01484375
8 0.5875 0.91875 0.00703125 0.01484375
13 0.59609375 0.921875 0.009375 0.01171875
5 0.60625 0.921875 0.0109375 0.01484375
14 0.62109375 0.92265625 0.0140625 0.0109375