5 0.3921875 0.0703125 0.0125 0.0453125
17 0.40078125 0.07421875 0.0109375 0.028125
4 0.41171875 0.0734375 0.0109375 0.025
4 0.4484375 0.075 0.0125 0.028125
16 0.4234375 0.0828125 0.0109375 0.0484375
20 0.43515625 0.075 0.0125 0.034375
13 0.4609375 0.07109375 0.0140625 0.0328125
2 0.471875 0.071875 0.0125 0.0375
24 0.484375 0.08046875 0.015625 0.040625
0 0.40390625 0.240625 0.0125 0.0328125
12 0.4140625 0.24765625 0.015625 0.01875
6 0.36953125 0.25546875 0.009375 0.0328125
6 0.37734375 0.24765625 0.009375 0.01875
19 0.384375 0.24609375 0.009375 0.028125
19 0.34609375 0.246875 0.009375 0.028125
19 0.334375 0.3015625 0.0078125 0.025
14 0.3421875 0.30390625 0.009375 0.015625
14 0.35546875 0.24921875 0.0109375 0.01875
22 0.409375 0.303125 0.01875 0.0234375
18 0.4234375 0.3046875 0.0109375 0.0171875
5 0.36015625 0.3015625 0.009375 0.034375
8 0.365625 0.30078125 0.00625 0.021875
13 0.37265625 0.30390625 0.009375 0.021875
3 0.38203125 0.29765625 0.0125 0.03125
3 0.315625 0.2984375 0.0109375 0.028125
18 0.328125 0.24921875 0.009375 0.0203125
0 0.284375 0.24609375 0.015625 0.01875
12 0.296875 0.246875 0.015625 0.021875
11 0.30703125 0.2421875 0.00625 0.034375
12 0.2796875 0.30234375 0.0140625 0.01875
12 0.26875 0.35703125 0.015625 0.01875
0 0.25625 0.35234375 0.0109375 0.0265625
0 0.25703125 0.24140625 0.0140625 0.028125
4 0.28984375 0.3046875 0.0109375 0.021875
19 0.296875 0.30078125 0.0046875 0.0296875
7 0.3015625 0.30078125 0.0078125 0.03125
14 0.3078125 0.30625 0.009375 0.015625
2 0.26796875 0.24453125 0.015625 0.0203125
7 0.29765625 0.35234375 0.0125 0.025
15 0.309375 0.3546875 0.0125 0.025
5 0.3203125 0.3546875 0.0140625 0.025
18 0.334375 0.359375 0.009375 0.015625
11 0.184375 0.15 0.0078125 0.03125
14 0.18984375 0.15546875 0.009375 0.015625
22 0.1984375 0.15234375 0.0125 0.021875
5 0.21796875 0.1421875 0.009375 0.028125
5 0.21171875 0.246875 0.0109375 0.028125
18 0.225 0.3046875 0.009375 0.025
17 0.22421875 0.14609375 0.009375 0.015625
17 0.225 0.246875 0.0078125 0.01875
17 0.24609375 0.303125 0.009375 0.01875
19 0.2546875 0.30234375 0.009375 0.0234375
17 0.20625 0.24921875 0.0078125 0.015625
4 0.2 0.24921875 0.009375 0.015625
4 0.20625 0.31015625 0.009375 0.015625
3 0.2015625 0.2015625 0.009375 0.028125
2 0.21015625 0.20078125 0.009375 0.015625
24 0.2578125 0.20078125 0.009375 0.028125
18 0.26328125 0.19453125 0.0078125 0.01875
18 0.27734375 0.190625 0.009375 0.0203125
18 0.2 0.3078125 0.0078125 0.0171875
18 0.58984375 0.07578125 0.0109375 0.0265625
18 0.54375 0.075 0.0125 0.025
18 0.86875 0.19765625 0.0078125 0.025
18 0.8828125 0.19921875 0.009375 0.028125
18 0.8609375 0.43046875 0.0125 0.021875
18 0.8921875 0.43125 0.0109375 0.015625
18 0.84453125 0.53984375 0.0109375 0.021875
18 0.89609375 0.71328125 0.0125 0.0265625
18 0.88125 0.821875 0.0140625 0.028125
18 0.98203125 0.740625 0.009375 0.021875
18 0.85078125 0.6859375 0.009375 0.0234375
18 0.8390625 0.4890625 0.0078125 0.0234375
18 0.8296875 0.484375 0.009375 0.0203125
18 0.3578125 0.47109375 0.009375 0.03125
18 0.33671875 0.528125 0.0125 0.028125
18 0.26640625 0.58203125 0.009375 0.021875
18 0.24140625 0.5296875 0.009375 0.025
18 0.234375 0.5296875 0.009375 0.021875
18 0.21015625 0.3890625 0.0078125 0.021875
7 0.2328125 0.30234375 0.009375 0.021875
14 0.23984375 0.30625 0.0078125 0.01875
14 0.2140625 0.35234375 0.0078125 0.0140625
4 0.23125 0.1484375 0.0078125 0.01875
4 0.25859375 0.1421875 0.009375 0.015625
11 0.25078125 0.19296875 0.0078125 0.021875
24 0.28125 0.14609375 0.009375 0.028125
2 0.2734375 0.14140625 0.0078125 0.021875
16 0.2390625 0.15 0.009375 0.03125
0 0.22890625 0.20078125 0.0125 0.015625
0 0.23828125 0.196875 0.009375 0.021875
20 0.2484375 0.14140625 0.0125 0.021875
13 0.2671875 0.13984375 0.009375 0.0203125
13 0.57734375 0.0765625 0.0140625 0.034375
4 0.60078125 0.07890625 0.015625 0.03125
4 0.53125 0.0765625 0.0125 0.021875
17 0.521875 0.07265625 0.0125 0.021875
14 0.565625 0.0734375 0.0125 0.0265625
15 0.55625 0.0765625 0.0125 0.034375
7 0.846875 0.134375 0.01875 0.034375
7 0.875 0.13671875 0.0125 0.0328125
6 0.86484375 0.15078125 0.009375 0.0375
8 0.8578125 0.13984375 0.00625 0.025
12 0.23359375 0.2515625 0.0125 0.021875
24 0.31171875 0.25859375 0.009375 0.034375
6 0.22109375 0.39609375 0.009375 0.028125
8 0.2140625 0.3890625 0.00625 0.021875
21 0.20234375 0.3859375 0.0125 0.021875
21 0.20390625 0.35078125 0.0078125 0.025
20 0.19375 0.309375 0.009375 0.0125
15 0.8640625 0.25703125 0.009375 0.021875
0 0.875 0.25625 0.009375 0.0125
0 0.890625 0.25546875 0.009375 0.0140625
0 0.8015625 0.3078125 0.015625 0.03125
0 0.834375 0.24921875 0.0125 0.025
0 0.8203125 0.1953125 0.0109375 0.01875
0 0.84140625 0.19609375 0.009375 0.015625
0 0.82421875 0.4875 0.0109375 0.01875
0 0.85390625 0.4890625 0.0109375 0.015625
3 0.7953125 0.19375 0.0125 0.025
3 0.9171875 0.3703125 0.009375 0.028125
3 0.87734375 0.48515625 0.015625 0.0328125
6 0.796875 0.2546875 0.0078125 0.0296875
6 0.9515625 0.5078125 0.015625 0.046875
2 0.8046875 0.19453125 0.0109375 0.01875
2 0.81640625 0.31015625 0.0125 0.021875
2 0.84375 0.25234375 0.015625 0.01875
2 0.88203125 0.3703125 0.009375 0.0234375
2 0.93671875 0.434375 0.0109375 0.0171875
2 0.78359375 0.43203125 0.009375 0.01875
2 0.8140625 0.428125 0.009375 0.0125
2 0.8453125 0.4328125 0.00625 0.0125
2 0.89375 0.4921875 0.0125 0.0234375
4 0.80390625 0.2515625 0.009375 0.01875
4 0.9109375 0.1421875 0.0078125 0.01875
4 0.93515625 0.14296875 0.009375 0.0203125
4 0.9140625 0.2578125 0.009375 0.015625
4 0.9328125 0.25703125 0.0109375 0.01875
4 0.91640625 0.3140625 0.0078125 0.01875
4 0.890625 0.315625 0.0125 0.0125
4 0.81171875 0.36953125 0.009375 0.015625
7 0.834375 0.30859375 0.0125 0.0296875
7 0.85703125 0.31015625 0.0140625 0.0265625
17 0.88359375 0.2546875 0.009375 0.0171875
12 0.90234375 0.25546875 0.015625 0.01875
19 0.9234375 0.25390625 0.009375 0.028125
13 0.9421875 0.140625 0.0125 0.021875
24 0.95859375 0.159375 0.0125 0.0453125
2 0.95078125 0.1421875 0.0109375 0.01875
16 0.91640625 0.15703125 0.009375 0.04375
20 0.92578125 0.14453125 0.009375 0.0203125
5 0.89375 0.146875 0.0125 0.0453125
24 0.93828125 0.33046875 0.0125 0.04375
24 0.86796875 0.3796875 0.0125 0.028125
2 0.90625 0.37578125 0.009375 0.015625
17 0.934375 0.375 0.00625 0.015625
14 0.89140625 0.37265625 0.009375 0.0140625
16 0.8984375 0.321875 0.009375 0.03125
20 0.90625 0.31640625 0.009375 0.015625
2 0.9296875 0.31640625 0.009375 0.01875
5 0.87265625 0.31171875 0.009375 0.0328125
17 0.8796875 0.31640625 0.009375 0.01875
6 0.8453125 0.32109375 0.0109375 0.03125
14 0.8453125 0.37265625 0.009375 0.01875
13 0.85390625 0.37265625 0.009375 0.0140625
11 0.86015625 0.36640625 0.00625 0.03125
4 0.8515625 0.43125 0.009375 0.0140625
7 0.9015625 0.4296875 0.0109375 0.025
14 0.91015625 0.43203125 0.009375 0.015625
17 0.9171875 0.43203125 0.00625 0.015625
19 0.925 0.4296875 0.0078125 0.028125
14 0.90234375 0.4921875 0.009375 0.015625
20 0.9109375 0.49375 0.0109375 0.015625
15 0.921875 0.49765625 0.009375 0.0265625
11 0.928125 0.48515625 0.009375 0.0375
13 0.86484375 0.49296875 0.0125 0.0171875
13 0.83828125 0.43125 0.009375 0.0140625
12 0.78046875 0.36875 0.01875 0.01875
14 0.79453125 0.36875 0.009375 0.015625
3 0.80390625 0.3625 0.0109375 0.025
1 0.7953125 0.4875 0.009375 0.025
24 0.80390625 0.496875 0.009375 0.028125
15 0.8140625 0.49140625 0.0125 0.025
12 0.81875 0.5359375 0.015625 0.025
14 0.83359375 0.54140625 0.009375 0.01875
5 0.85546875 0.53828125 0.009375 0.03125
4 0.865625 0.546875 0.009375 0.0140625
19 0.8765625 0.540625 0.0125 0.03125
12 0.8703125 0.5796875 0.0125 0.015625
14 0.88203125 0.58203125 0.009375 0.0125
3 0.890625 0.57734375 0.009375 0.0203125
4 0.90078125 0.5796875 0.0078125 0.0109375
11 0.90625 0.57890625 0.00625 0.021875
7 0.90234375 0.54453125 0.0109375 0.0265625
7 0.92578125 0.54609375 0.0078125 0.025
8 0.90859375 0.54765625 0.0046875 0.021875
6 0.9171875 0.55625 0.009375 0.03125
5 0.9375 0.5484375 0.009375 0.028125
17 0.94375 0.55234375 0.00625 0.0171875
4 0.95078125 0.55078125 0.009375 0.0125
16 0.95859375 0.55546875 0.009375 0.0234375
3 0.9171875 0.63203125 0.0125 0.025
3 0.9609375 0.64140625 0.009375 0.0203125
6 0.90703125 0.6375 0.0078125 0.0171875
6 0.88671875 0.71796875 0.00625 0.028125
2 0.896875 0.6328125 0.009375 0.0171875
2 0.878125 0.709375 0.009375 0.0171875
6 0.82578125 0.6375 0.0171875 0.0296875
6 0.84609375 0.690625 0.00625 0.0203125
21 0.840625 0.6828125 0.009375 0.01875
21 0.96875 0.7390625 0.009375 0.0125
6 0.95 0.74296875 0.0125 0.0265625
6 0.97421875 0.7515625 0.009375 0.03125
11 0.190625 0.4671875 0.0125 0.0359375
14 0.2 0.47421875 0.0109375 0.021875
22 0.2125 0.47421875 0.01875 0.0203125
0 0.1640625 0.528125 0.015625 0.025
13 0.1734375 0.528125 0.0109375 0.021875
13 0.2046875 0.68984375 0.0125 0.01875
3 0.18359375 0.525 0.0125 0.0359375
5 0.2328125 0.4734375 0.0171875 0.04375
2 0.33125 0.46796875 0.015625 0.0375
2 0.26484375 0.53203125 0.0109375 0.03125
2 0.30078125 0.53046875 0.009375 0.021875
2 0.2921875 0.47109375 0.009375 0.0234375
4 0.25234375 0.47265625 0.009375 0.01875
4 0.2859375 0.58671875 0.0125 0.025
4 0.2859375 0.640625 0.015625 0.021875
4 0.246875 0.6671875 0.0125 0.0171875
4 0.21953125 0.690625 0.0109375 0.01875
4 0.16328125 0.68515625 0.009375 0.01875
4 0.37890625 0.47890625 0.0109375 0.015625
24 0.303125 0.48046875 0.015625 0.0375
17 0.32734375 0.52890625 0.0125 0.015625
17 0.38671875 0.47578125 0.009375 0.01875
2 0.409375 0.47421875 0.009375 0.025
14 0.340625 0.47421875 0.0109375 0.021875
14 0.41640625 0.47578125 0.0109375 0.0203125
14 0.31953125 0.52890625 0.0125 0.01875
14 0.215625 0.66640625 0.0109375 0.01875
14 0.25703125 0.5828125 0.0109375 0.01875
12 0.24296875 0.57890625 0.01875 0.028125
6 0.4625 0.48671875 0.015625 0.040625
13 0.4515625 0.4765625 0.0125 0.01875
8 0.4453125 0.471875 0.0078125 0.028125
11 0.4375 0.47109375 0.0046875 0.03125
15 0.43359375 0.4796875 0.009375 0.0265625
20 0.425 0.47734375 0.0125 0.01875
18 0.39453125 0.47421875 0.0125 0.021875
3 0.371875 0.4671875 0.015625 0.03125
8 0.36328125 0.471875 0.0078125 0.028125
13 0.34921875 0.47421875 0.009375 0.025
12 0.34453125 0.63984375 0.0171875 0.01875
14 0.35703125 0.64140625 0.009375 0.0203125
3 0.3671875 0.63515625 0.0140625 0.03125
4 0.3765625 0.64140625 0.0078125 0.0140625
11 0.38515625 0.6296875 0.0109375 0.040625
15 0.28515625 0.53828125 0.009375 0.03125
5 0.2765625 0.57890625 0.015625 0.03125
19 0.29921875 0.58515625 0.015625 0.03125
19 0.31328125 0.528125 0.009375 0.0296875
0 0.29375 0.52890625 0.0109375 0.021875
0 0.2296875 0.5328125 0.009375 0.01875
15 0.2203125 0.53828125 0.0125 0.028125
24 0.21171875 0.54453125 0.0125 0.0390625
1 0.2015625 0.52890625 0.0125 0.0328125
16 0.259375 0.4828125 0.0125 0.040625
20 0.26796875 0.47421875 0.0125 0.01875
4 0.2765625 0.47265625 0.009375 0.01875
13 0.284375 0.47265625 0.009375 0.025
17 0.22578125 0.7421875 0.009375 0.025
18 0.2328125 0.74375 0.009375 0.0171875
8 0.23828125 0.7390625 0.0046875 0.01875
6 0.24453125 0.746875 0.009375 0.028125
8 0.1765625 0.684375 0.00625 0.0203125
8 0.184375 0.65859375 0.0078125 0.021875
22 0.175 0.66171875 0.015625 0.01875
18 0.16953125 0.68828125 0.009375 0.0203125
18 0.1828125 0.68671875 0.0078125 0.0203125
18 0.20703125 0.6625 0.009375 0.01875
20 0.2234375 0.66796875 0.009375 0.01875
7 0.1953125 0.6609375 0.009375 0.021875
19 0.1890625 0.659375 0.00625 0.021875
19 0.18828125 0.684375 0.00625 0.0203125
0 0.19609375 0.6875 0.009375 0.015625
2 0.2109375 0.690625 0.009375 0.0234375
2 0.23828125 0.66796875 0.009375 0.015625
17 0.23125 0.665625 0.00625 0.015625
17 0.15546875 0.68046875 0.0078125 0.01875
21 0.1640625 0.81328125 0.0109375 0.025
18 0.17109375 0.81875 0.0078125 0.028125
8 0.17734375 0.8171875 0.00625 0.028125
6 0.18046875 0.83125 0.0109375 0.0359375
6 0.33515625 0.75234375 0.009375 0.025
6 0.365625 0.7625 0.0125 0.03125
6 0.32578125 0.81875 0.009375 0.021875
12 0.3359375 0.815625 0.009375 0.0140625
18 0.34296875 0.828125 0.009375 0.01875
2 0.33125 0.85390625 0.009375 0.015625
18 0.3390625 0.86015625 0.00625 0.01875
12 0.34609375 0.753125 0.0125 0.015625
21 0.35546875 0.75390625 0.009375 0.025
17 0.41171875 0.70625 0.0109375 0.0234375
3 0.4203125 0.71015625 0.009375 0.01875
2 0.43515625 0.6421875 0.0109375 0.0203125
21 0.4625 0.70234375 0.009375 0.0234375
14 0.47109375 0.703125 0.00625 0.0125
17 0.29375 0.8078125 0.009375 0.025
6 0.29921875 0.81484375 0.009375 0.015625
6 0.29296875 0.765625 0.009375 0.0234375
3 0.3296875 0.6953125 0.0125 0.0234375
3 0.3546875 0.6890625 0.009375 0.015625
11 0.34765625 0.684375 0.009375 0.0234375
2 0.26171875 0.75234375 0.0109375 0.01875
6 0.2703125 0.7546875 0.009375 0.0125
14 0.2796875 0.9640625 0.0109375 0.015625
7 0.28828125 0.9578125 0.0109375 0.0265625
12 0.2984375 0.9546875 0.0125 0.015625
18 0.30625 0.9484375 0.00625 0.01875
11 0.31796875 0.94921875 0.00625 0.025
22 0.33515625 0.9421875 0.0125 0.01875
21 0.34609375 0.98984375 0.0125 0.01875
3 0.35625 0.99140625 0.009375 0.0171875
17 0.36484375 0.99140625 0.0171875 0.0171875
1 0.8328125 0.965625 0.015625 0.034375
9 0.84296875 0.9671875 0.009375 0.0375
19 0.85703125 0.9703125 0.01875 0.034375
7 0.87890625 0.9625 0.0125 0.040625
12 0.959375 0.740625 0.009375 0.0125
7 0.903125 0.96875 0.009375 0.028125
6 0.89375 0.97734375 0.009375 0.0359375
8 0.88671875 0.96875 0.009375 0.021875
5 0.921875 0.9671875 0.0125 0.034375
17 0.93046875 0.96953125 0.009375 0.015625
4 0.9390625 0.9703125 0.009375 0.01875
4 0.96640625 0.97109375 0.009375 0.01875
16 0.9484375 0.9765625 0.0109375 0.040625
20 0.9578125 0.9734375 0.0109375 0.021875
13 0.97578125 0.97265625 0.009375 0.0140625
2 0.98203125 0.9703125 0.00625 0.0140625
24 0.9921875 0.9765625 0.015625 0.0375