2 0.828125 0.69296875 0.0890625 0.259375
24 0.12578125 0.228125 0.13203125 0.2515625
26 0.26953125 0.23046875 0.121875 0.23828125
28 0.41015625 0.2296875 0.121875 0.234375
29 0.5421875 0.22421875 0.08984375 0.24140625
30 0.66015625 0.234375 0.1109375 0.2328125
31 0.80625 0.23671875 0.12890625 0.23984375
32 0.1171875 0.69609375 0.13203125 0.2328125
33 0.27734375 0.69140625 0.1546875 0.2359375
34 0.43515625 0.690625 0.13515625 0.23046875
35 0.565625 0.69375 0.1109375 0.22890625
36 0.70078125 0.69140625 0.1234375 0.24140625