11 0.12265625 0.1953125 0.13046875 0.26015625
12 0.26328125 0.2 0.11171875 0.26796875
13 0.41015625 0.2 0.10546875 0.27578125
14 0.54296875 0.20390625 0.11484375 0.2640625
15 0.6921875 0.2046875 0.11328125 0.26640625
16 0.8125 0.203125 0.084375 0.26171875
17 0.1640625 0.71328125 0.1390625 0.2578125
18 0.3203125 0.71328125 0.1390625 0.2578125
20 0.44921875 0.71015625 0.08984375 0.2640625
21 0.5703125 0.709375 0.11953125 0.2625
22 0.7 0.7078125 0.11015625 0.26015625
23 0.85625 0.70859375 0.159375 0.26328125