11 0.11015625 0.2015625 0.13046875 0.27265625
12 0.2734375 0.2 0.1328125 0.28046875
13 0.42890625 0.20078125 0.13046875 0.2828125
14 0.57890625 0.2 0.11796875 0.28828125
15 0.73515625 0.19921875 0.11796875 0.28203125
16 0.875 0.19765625 0.096875 0.2765625
17 0.11640625 0.7140625 0.13046875 0.27265625
18 0.284375 0.71015625 0.12890625 0.2765625
20 0.425 0.7125 0.0796875 0.29375
21 0.553125 0.70859375 0.1359375 0.2921875
21 0.7 0.7109375 0.11015625 0.2828125
23 0.865625 0.70859375 0.18125 0.2921875