9 0.12890625 0.15390625 0.1359375 0.196875
10 0.28203125 0.1546875 0.1328125 0.2109375
1 0.44140625 0.146875 0.1453125 0.21875
11 0.1578125 0.48671875 0.134375 0.20625
12 0.29921875 0.49296875 0.13125 0.20234375
13 0.44453125 0.490625 0.115625 0.2125
14 0.5859375 0.49140625 0.1296875 0.21796875
15 0.7296875 0.490625 0.1171875 0.2078125
16 0.8515625 0.49140625 0.10703125 0.20546875
17 0.2109375 0.7984375 0.1234375 0.2171875
18 0.35234375 0.79375 0.13828125 0.20390625
20 0.47734375 0.79609375 0.09609375 0.20390625
21 0.6171875 0.79609375 0.13671875 0.215625
22 0.7609375 0.7953125 0.13046875 0.21640625