2 0.8546875 0.64921875 0.0953125 0.2390625
24 0.11953125 0.21015625 0.13671875 0.2390625
26 0.25390625 0.2140625 0.10546875 0.23984375
28 0.39296875 0.21171875 0.11484375 0.23984375
29 0.51875 0.2109375 0.10546875 0.23828125
30 0.628125 0.209375 0.1078125 0.23671875
31 0.7625 0.20546875 0.12109375 0.23984375
32 0.15546875 0.6546875 0.11484375 0.2328125
33 0.3125 0.65625 0.1671875 0.2296875
34 0.484375 0.65 0.1234375 0.234375
35 0.609375 0.6515625 0.10390625 0.23515625
36 0.734375 0.65078125 0.11640625 0.2375