16 0.359375 0.49453125 0.12890625 0.22421875
12 0.340625 0.13984375 0.12890625 0.20859375
11 0.15703125 0.14375 0.13671875 0.2046875
14 0.696875 0.14375 0.1484375 0.209375
15 0.19375 0.49296875 0.14765625 0.21484375
17 0.54921875 0.490625 0.12734375 0.2234375
18 0.740625 0.49140625 0.16640625 0.23046875
21 0.425 0.8484375 0.14765625 0.22578125
22 0.58828125 0.84453125 0.13671875 0.225
23 0.7953125 0.8421875 0.18125 0.23828125
13 0.5171875 0.13828125 0.1390625 0.20859375
20 0.24453125 0.84765625 0.13046875 0.21015625