2 0.6859375 0.14296875 0.0765625 0.225
3 0.86796875 0.15625 0.1171875 0.253125
4 0.128125 0.5109375 0.1 0.2140625
5 0.3046875 0.51171875 0.11875 0.2296875
7 0.65390625 0.5 0.11875 0.2515625
8 0.83515625 0.503125 0.1140625 0.2375
9 0.1359375 0.85390625 0.1359375 0.234375
10 0.30703125 0.85078125 0.1109375 0.2765625
1 0.4796875 0.859375 0.121875 0.2578125
6 0.4796875 0.49921875 0.121875 0.253125
34 0.140625 0.1546875 0.1453125 0.221875
35 0.321875 0.14921875 0.1265625 0.23203125
36 0.50625 0.153125 0.12734375 0.22109375