2 0.64375 0.79140625 0.121875 0.221875
3 0.784375 0.8125 0.1296875 0.203125
22 0.1109375 0.14453125 0.13359375 0.2078125
23 0.26640625 0.14453125 0.1765625 0.2015625
24 0.43046875 0.1421875 0.1609375 0.203125
26 0.58203125 0.14765625 0.1359375 0.20390625
28 0.74140625 0.15078125 0.1609375 0.20703125
29 0.1515625 0.47109375 0.128125 0.21015625
30 0.2921875 0.46953125 0.14921875 0.2078125
31 0.4359375 0.465625 0.15625 0.2125
32 0.6015625 0.465625 0.15546875 0.19609375
33 0.7828125 0.465625 0.18671875 0.20234375
34 0.1984375 0.78828125 0.16015625 0.21328125
35 0.34921875 0.7859375 0.14765625 0.203125
36 0.50859375 0.78671875 0.13671875 0.21015625