2 0.61796875 0.16484375 0.1171875 0.221875
3 0.77109375 0.16171875 0.134375 0.2328125
4 0.15703125 0.47890625 0.134375 0.246875
5 0.31953125 0.4953125 0.1359375 0.225
6 0.46875 0.4875 0.134375 0.2203125
7 0.63203125 0.47421875 0.1453125 0.271875
8 0.7890625 0.4765625 0.13125 0.2625
9 0.19765625 0.81171875 0.1265625 0.23125
10 0.3515625 0.81796875 0.134375 0.2515625
1 0.51171875 0.8109375 0.1453125 0.2609375
34 0.12265625 0.159375 0.16015625 0.22421875
35 0.28359375 0.159375 0.1390625 0.228125
36 0.45625 0.1578125 0.14921875 0.22109375