2 0.678125 0.16484375 0.103125 0.221875
3 0.85078125 0.16171875 0.121875 0.2328125
4 0.115625 0.47890625 0.11875 0.246875
5 0.296875 0.4953125 0.1234375 0.225
6 0.46640625 0.4875 0.121875 0.2203125
7 0.65234375 0.47421875 0.128125 0.271875
8 0.8296875 0.4765625 0.1125 0.2625
9 0.11796875 0.81171875 0.1125 0.23125
10 0.2921875 0.81796875 0.1171875 0.2515625
1 0.4734375 0.8109375 0.13125 0.2609375
34 0.125 0.15859375 0.1671875 0.22578125
35 0.30703125 0.159375 0.146875 0.23125
36 0.490625 0.15859375 0.14921875 0.2234375