2 0.66640625 0.153125 0.0984375 0.2140625
3 0.81328125 0.134375 0.1296875 0.2453125
4 0.140625 0.48984375 0.1296875 0.2125
5 0.30859375 0.49375 0.13125 0.2125
6 0.4703125 0.4890625 0.121875 0.2328125
7 0.63671875 0.49453125 0.1375 0.2203125
8 0.79921875 0.51015625 0.14375 0.265625
9 0.134375 0.840625 0.1390625 0.225
10 0.29453125 0.828125 0.1375 0.2421875
1 0.47578125 0.834375 0.1296875 0.2375
34 0.140625 0.15546875 0.2015625 0.2265625
35 0.31953125 0.146875 0.153125 0.23046875
36 0.5046875 0.14921875 0.15546875 0.21875