2 0.60625 0.16328125 0.0765625 0.2171875
3 0.7609375 0.16953125 0.1171875 0.221875
4 0.12734375 0.4921875 0.1203125 0.2359375
5 0.27734375 0.503125 0.125 0.2390625
6 0.440625 0.5015625 0.1140625 0.2328125
7 0.59765625 0.49453125 0.11875 0.2296875
8 0.76171875 0.50078125 0.11875 0.221875
9 0.12265625 0.82734375 0.1203125 0.215625
10 0.2828125 0.84140625 0.1109375 0.215625
1 0.4421875 0.8296875 0.1171875 0.215625
34 0.125 0.16328125 0.1484375 0.22265625
35 0.2890625 0.1640625 0.14296875 0.209375
36 0.446875 0.1640625 0.15078125 0.215625