2 0.61875 0.1796875 0.090625 0.1546875
3 0.73984375 0.18125 0.1078125 0.1703125
4 0.17890625 0.52890625 0.1125 0.1953125
5 0.31953125 0.52578125 0.128125 0.196875
6 0.46328125 0.52578125 0.1203125 0.196875
7 0.60078125 0.4890625 0.1171875 0.2046875
8 0.740625 0.51953125 0.1265625 0.20625
9 0.23359375 0.8328125 0.1203125 0.2109375
10 0.3703125 0.86015625 0.1328125 0.1921875
1 0.5203125 0.84375 0.1171875 0.1625
116 0.1625 0.16015625 0.14140625 0.21171875
117 0.3234375 0.18359375 0.1421875 0.25
118 0.49375 0.16484375 0.1171875 0.203125