11 0.1375 0.15703125 0.121875 0.215625
12 0.26328125 0.15 0.1015625 0.20078125
13 0.38671875 0.16640625 0.08828125 0.20703125
14 0.51015625 0.1578125 0.12578125 0.18203125
15 0.6484375 0.159375 0.1140625 0.184375
16 0.76953125 0.1609375 0.1046875 0.1875
17 0.16640625 0.5125 0.10859375 0.24765625
18 0.30859375 0.47421875 0.13359375 0.20703125
20 0.42421875 0.5015625 0.08359375 0.21796875
21 0.5453125 0.5015625 0.1421875 0.21796875
22 0.6734375 0.48125 0.09765625 0.18671875
23 0.8046875 0.47890625 0.153125 0.18359375
24 0.22421875 0.80390625 0.1296875 0.196875
26 0.35078125 0.803125 0.096875 0.18125
26 0.48125 0.8203125 0.1296875 0.21171875
29 0.58828125 0.81640625 0.07734375 0.2046875
30 0.69375 0.79375 0.1046875 0.203125
31 0.8265625 0.78828125 0.13359375 0.2015625