2 0.771875 0.14140625 0.0890625 0.221875
3 0.14921875 0.4828125 0.1 0.2375
4 0.24765625 0.4828125 0.0859375 0.196875
5 0.35 0.48828125 0.0984375 0.2046875
6 0.453125 0.4875 0.1125 0.2125
7 0.553125 0.48984375 0.1046875 0.21875
8 0.65625 0.49375 0.096875 0.2296875
9 0.7515625 0.49140625 0.1046875 0.240625
10 0.18125 0.821875 0.1046875 0.2078125
1 0.290625 0.8265625 0.0921875 0.2125
32 0.1234375 0.14140625 0.1328125 0.2140625
33 0.28046875 0.1359375 0.15234375 0.225
34 0.42578125 0.14765625 0.09921875 0.2140625
35 0.5453125 0.146875 0.1140625 0.2203125
36 0.665625 0.15390625 0.10390625 0.2015625