2 0.79140625 0.1546875 0.1046875 0.196875
3 0.16640625 0.49765625 0.11875 0.2
4 0.30625 0.49375 0.103125 0.1890625
5 0.43671875 0.48515625 0.1328125 0.225
6 0.5765625 0.48984375 0.1140625 0.225
7 0.7203125 0.4859375 0.13125 0.240625
8 0.21015625 0.82890625 0.1203125 0.246875
9 0.33984375 0.8296875 0.115625 0.221875
10 0.47890625 0.8296875 0.125 0.225
1 0.6234375 0.82890625 0.1328125 0.2265625
33 0.153125 0.15625 0.18515625 0.2109375
34 0.33984375 0.153125 0.14921875 0.2078125
35 0.48984375 0.1546875 0.1375 0.228125
36 0.65 0.15390625 0.13359375 0.21328125